KWAJEX Budget Analysis Domain and Grids
 
Center (lon lat):      167.400      8.60000
Radius (deg)    :     0.793220
 
      grid#      lon          lat
       1      167.468      9.39030
       2      167.064      9.31842
       3      166.750      9.05405
       4      166.610      8.66801
       5      166.682      8.26374
       6      166.946      7.94958
       7      167.332      7.80970
       8      167.736      7.88158
       9      168.050      8.14596
      10      168.190      8.53200
      11      168.118      8.93626
      12      167.854      9.25042
      13      167.400      8.60000
