Year	GHG	solar+vol	GHG+Aer
1850.0	0.14000	0.13300	0.14000
1851.0	0.14000	0.13300	0.14000
1852.0	0.14000	0.12600	0.14000
1853.0	0.15000	0.10500	0.15000
1854.0	0.15000	-0.47600	0.15000
1855.0	0.15000	0.070000	0.15000
1856.0	0.16000	0.070000	0.16000
1857.0	0.16000	0.091000	0.16000
1858.0	0.16000	0.11900	0.16000
1859.0	0.17000	0.16100	0.17000
1860.0	0.17000	0.16800	0.17000
1861.0	0.17000	0.15400	0.17000
1862.0	0.18000	0.13300	0.18000
1863.0	0.18000	0.12600	0.18000
1864.0	0.19000	0.11900	0.19000
1865.0	0.19000	0.098000	0.19000
1866.0	0.19000	0.091000	0.19000
1867.0	0.20000	0.084000	0.20000
1868.0	0.20000	0.10500	0.20000
1869.0	0.21000	0.14000	0.21000
1870.0	0.21000	0.18200	0.21000
1871.0	0.21000	0.16800	0.21000
1872.0	0.22000	0.16100	0.22000
1873.0	0.22000	0.12600	0.22000
1874.0	0.23000	0.098000	0.23000
1875.0	0.23000	0.070000	0.23000
1876.0	0.24000	0.063000	0.24000
1877.0	0.25000	0.056000	0.25000
1878.0	0.25000	0.042000	0.25000
1879.0	0.26000	0.042000	0.26000
1880.0	0.27000	0.056000	0.27000
1881.0	0.28000	0.084000	0.28000
1882.0	0.29000	0.070000	0.29000
1883.0	0.30000	-2.5410	0.30000
1884.0	0.31000	-0.91700	0.31000
1885.0	0.32000	0.056000	0.32000
1886.0	0.33000	0.042000	0.33000
1887.0	0.34000	0.035000	0.34000
1888.0	0.35000	0.035000	0.35000
1889.0	0.35000	0.035000	0.35000
1890.0	0.36000	0.042000	0.26000
1891.0	0.37000	0.077000	0.27000
1892.0	0.37000	0.10500	0.26000
1893.0	0.37000	0.10500	0.25000
1894.0	0.38000	0.11200	0.25000
1895.0	0.38000	0.11200	0.25000
1896.0	0.38000	0.098000	0.25000
1897.0	0.38000	0.070000	0.24000
1898.0	0.39000	0.077000	0.23000
1899.0	0.39000	0.063000	0.23000
1900.0	0.40000	0.056000	0.25000
1901.0	0.41000	0.042000	0.26000
1902.0	0.42000	-2.4850	0.27000
1903.0	0.43000	-0.85400	0.28000
1904.0	0.44000	0.077000	0.27000
1905.0	0.45000	0.049000	0.27000
1906.0	0.46000	0.070000	0.27000
1907.0	0.47000	-0.20300	0.27000
1908.0	0.48000	0.063000	0.27000
1909.0	0.49000	0.063000	0.27000
1910.0	0.50000	0.049000	0.26000
1911.0	0.51000	0.049000	0.27000
1912.0	0.52000	-1.4000	0.29000
1913.0	0.52000	-0.49700	0.29000
1914.0	0.53000	-0.48300	0.30000
1915.0	0.54000	0.12600	0.31000
1916.0	0.55000	0.14700	0.30000
1917.0	0.56000	0.18200	0.30000
1918.0	0.56000	0.17500	0.30000
1919.0	0.57000	0.14700	0.31000
1920.0	0.58000	0.13300	0.31000
1921.0	0.59000	0.11900	0.31000
1922.0	0.60000	0.10500	0.31000
1923.0	0.61000	0.10500	0.31000
1924.0	0.62000	-0.81200	0.30000
1925.0	0.64000	-0.23800	0.32000
1926.0	0.65000	0.11900	0.34000
1927.0	0.66000	0.14000	0.35000
1928.0	0.67000	0.12600	0.36000
1929.0	0.69000	0.11200	0.38000
1930.0	0.70000	0.11900	0.39000
1931.0	0.71000	0.11900	0.40000
1932.0	0.73000	0.11200	0.40000
1933.0	0.74000	0.11200	0.40000
1934.0	0.75000	0.13300	0.41000
1935.0	0.76000	0.16100	0.42000
1936.0	0.77000	0.21700	0.43000
1937.0	0.78000	0.21700	0.44000
1938.0	0.79000	0.21700	0.45000
1939.0	0.79000	0.21700	0.45000
1940.0	0.80000	0.23100	0.46000
1941.0	0.80000	0.22400	0.46000
1942.0	0.81000	0.21000	0.46000
1943.0	0.81000	0.19600	0.45000
1944.0	0.81000	0.20300	0.45000
1945.0	0.81000	0.23100	0.45000
1946.0	0.81000	0.23800	0.43000
1947.0	0.82000	0.29400	0.43000
1948.0	0.82000	0.32200	0.43000
1949.0	0.82000	0.30800	0.43000
1950.0	0.83000	0.28700	0.44000
1951.0	0.84000	0.26600	0.42000
1952.0	0.85000	0.25200	0.40000
1953.0	0.86000	0.24500	0.40000
1954.0	0.87000	0.23800	0.40000
1955.0	0.89000	0.27300	0.40000
1956.0	0.90000	0.063000	0.39000
1957.0	0.92000	0.39200	0.39000
1958.0	0.94000	0.37800	0.40000
1959.0	0.96000	0.33600	0.40000
1960.0	0.98000	0.34300	0.39000
1961.0	1.0000	0.021000	0.39000
1962.0	1.0300	0.077000	0.40000
1963.0	1.0500	-0.18900	0.40000
1964.0	1.0800	-0.60200	0.41000
1965.0	1.1000	-0.48300	0.41000
1966.0	1.1300	-0.21700	0.43000
1967.0	1.1600	-0.049000	0.45000
1968.0	1.1900	-0.32900	0.46000
1969.0	1.2300	-0.47600	0.49000
1970.0	1.2600	-0.11200	0.51000
1971.0	1.3000	0.077000	0.54000
1972.0	1.3300	0.15400	0.56000
1973.0	1.3700	0.049000	0.59000
1974.0	1.4100	-0.056000	0.63000
1975.0	1.4500	-0.43400	0.67000
1976.0	1.4900	-0.091000	0.69000
1977.0	1.5400	0.12600	0.72000
1978.0	1.5800	0.16800	0.74000
1979.0	1.6200	0.21700	0.78000
1980.0	1.6700	0.30100	0.83000
1981.0	1.7200	0.27300	0.87000
1982.0	1.7600	-1.3510	0.90000
1983.0	1.8100	-1.8200	0.93000
1984.0	1.8500	-0.54600	0.96000
1985.0	1.9000	-0.014000	1.0100
1986.0	1.9400	-0.049000	1.0500
1987.0	1.9900	0.056000	1.1000
1988.0	2.0300	0.23100	1.1200
1989.0	2.0600	0.30800	1.1400
1990.0	2.1000	0.30800	1.1700
1991.0	2.1300	-0.72800	1.1800
1992.0	2.1600	-2.2540	1.2000
1993.0	2.1900	-0.65800	1.2200
1994.0	2.2200	-0.11900	1.2500
1995.0	2.2500	0.091000	1.2800
1996.0	2.3100	0.13300	1.3400
1997.0	2.3700	0.17500	1.3800
1998.0	2.4300	0.27300	1.4300
