 Ts Equilibrium Mixed_Layer Deep_Ocean
  2.00000E-01  0.00000E+00  0.00000E+00  0.00000E+00
  6.00000E-01  0.00000E+00  0.00000E+00  7.90806E+01
  1.00000E+00  2.03198E+01  0.00000E+00  2.09194E+01
  1.40000E+00  4.09727E+01  1.33244E-01  0.00000E+00
  1.80000E+00  2.03864E+01  7.79480E+00  0.00000E+00
  2.20000E+00  8.99400E+00  2.09860E+01  0.00000E+00
  2.60000E+00  4.06396E+00  2.41173E+01  0.00000E+00
  3.00000E+00  2.26516E+00  1.69221E+01  0.00000E+00
  3.40000E+00  9.99334E-01  1.11259E+01  0.00000E+00
  3.80000E+00  5.32978E-01  7.06196E+00  0.00000E+00
