 Ts Equilibrium Mixed_Layer Deep_Ocean
  1.00000E-01  0.00000E+00  0.00000E+00  3.91739E+01
  3.00000E-01  5.06329E+00  5.30979E+01  6.08261E+01
  5.00000E-01  4.71686E+01  4.53031E+01  0.00000E+00
  7.00000E-01  2.93138E+01  1.59893E+00  0.00000E+00
  9.00000E-01  1.04597E+01  0.00000E+00  0.00000E+00
  1.10000E+00  3.93071E+00  0.00000E+00  0.00000E+00
  1.30000E+00  1.73218E+00  0.00000E+00  0.00000E+00
  1.50000E+00  8.66089E-01  0.00000E+00  0.00000E+00
  1.70000E+00  2.66489E-01  0.00000E+00  0.00000E+00
  1.90000E+00  1.99867E-01  0.00000E+00  0.00000E+00
