 Year Ts CRF
  0.00000E+00  0.00000E+00  0.00000E+00
  1.00000E+00  1.02142E-01 -1.46613E+00
  2.00000E+00  2.26135E-02 -3.56567E-01
  3.00000E+00  1.85242E-02 -1.30294E+00
  4.00000E+00  1.03485E-01 -1.03904E+00
  5.00000E+00  9.36584E-02 -1.49809E+00
  6.00000E+00  3.38348E-01 -2.55127E+00
  7.00000E+00  2.62512E-01 -8.66829E-01
  8.00000E+00  2.29797E-01 -2.18463E+00
  9.00000E+00  2.43622E-01 -1.32220E+00
  1.00000E+01  3.04352E-01 -1.30943E+00
  1.10000E+01  2.63245E-01 -1.02991E+00
  1.20000E+01  2.45453E-01 -1.40203E+00
  1.30000E+01  3.51593E-01 -1.14307E+00
  1.40000E+01  1.98364E-01 -1.37573E-01
  1.50000E+01  3.82233E-01 -1.64062E+00
  1.60000E+01  3.59039E-01 -9.22401E-01
  1.70000E+01  3.78235E-01 -8.01208E-01
  1.80000E+01  3.15369E-01  6.08063E-03
  1.90000E+01  3.42133E-01 -1.85922E+00
  2.00000E+01  3.56293E-01 -1.12369E+00
  2.10000E+01  3.92792E-01 -1.52499E+00
  2.20000E+01  3.40942E-01 -1.41930E-01
  2.30000E+01  3.16864E-01 -5.97572E-01
  2.40000E+01  4.33746E-01 -1.30090E+00
  2.50000E+01  4.22302E-01 -9.34265E-01
  2.60000E+01  3.55377E-01 -1.11652E+00
  2.70000E+01  5.25879E-01 -1.10123E+00
  2.80000E+01  4.28497E-01 -6.81213E-01
  2.90000E+01  5.12878E-01 -1.80268E+00
  3.00000E+01  5.81818E-01 -6.82182E-01
  3.10000E+01  5.03632E-01 -1.14165E+00
  3.20000E+01  6.50482E-01 -1.56115E+00
  3.30000E+01  5.84503E-01 -6.21223E-01
  3.40000E+01  6.93573E-01 -1.51697E+00
  3.50000E+01  8.36334E-01 -2.07563E+00
  3.60000E+01  7.68341E-01 -1.41529E+00
  3.70000E+01  6.68060E-01 -1.15253E+00
  3.80000E+01  7.91626E-01 -2.54008E+00
  3.90000E+01  7.41455E-01 -1.16810E+00
  4.00000E+01  8.29041E-01 -2.15397E+00
  4.10000E+01  7.25739E-01 -7.05330E-01
  4.20000E+01  6.57684E-01 -7.30568E-01
  4.30000E+01  7.55402E-01 -1.94324E+00
  4.40000E+01  8.54767E-01 -2.30655E+00
  4.50000E+01  8.24738E-01 -1.07224E+00
  4.60000E+01  8.12195E-01 -1.75736E+00
  4.70000E+01  9.34143E-01 -2.03146E+00
  4.80000E+01  8.46405E-01 -1.19332E+00
  4.90000E+01  7.99652E-01 -1.29236E+00
  5.00000E+01  1.03543E+00 -1.60624E+00
  5.10000E+01  9.77234E-01 -1.96534E+00
  5.20000E+01  1.16776E+00 -2.85724E+00
  5.30000E+01  1.08444E+00 -1.98508E+00
  5.40000E+01  1.02463E+00 -1.48608E+00
  5.50000E+01  8.86475E-01 -1.08780E+00
  5.60000E+01  9.98627E-01 -1.87385E+00
  5.70000E+01  8.33740E-01 -3.62236E-01
  5.80000E+01  9.43146E-01 -2.63749E+00
  5.90000E+01  1.06232E+00 -2.04498E+00
  6.00000E+01  1.20752E+00 -2.46118E+00
  6.10000E+01  1.08963E+00 -3.52791E-01
  6.20000E+01  1.20047E+00 -2.58839E+00
  6.30000E+01  1.19547E+00 -1.93870E+00
  6.40000E+01  1.16235E+00 -9.49707E-01
  6.50000E+01  1.14780E+00 -2.48255E+00
  6.60000E+01  1.08713E+00 -6.50658E-01
  6.70000E+01  1.19327E+00 -2.70773E+00
  6.80000E+01  1.20663E+00 -1.43021E+00
  6.90000E+01  1.20984E+00 -1.46000E+00
  7.00000E+01  1.22668E+00 -1.93929E+00
  7.10000E+01  1.14041E+00 -1.48212E+00
  7.20000E+01  1.34854E+00 -2.64233E+00
  7.30000E+01  1.46118E+00 -1.72708E+00
  7.40000E+01  1.45544E+00 -2.11327E+00
  7.50000E+01  1.41086E+00 -1.40613E+00
  7.60000E+01  1.48907E+00 -3.06800E+00
  7.70000E+01  1.39966E+00 -1.59753E+00
  7.80000E+01  1.55234E+00 -2.11554E+00
  7.90000E+01  1.48398E+00 -1.06073E+00
  8.00000E+01  1.49057E+00 -2.16605E+00
  8.10000E+01  1.39102E+00 -8.04291E-01
  8.20000E+01  1.37881E+00 -2.03369E+00
  8.30000E+01  1.44791E+00 -2.02295E+00
  8.40000E+01  1.36783E+00 -1.05755E+00
  8.50000E+01  1.32767E+00 -1.36364E+00
  8.60000E+01  1.36868E+00 -2.38250E+00
  8.70000E+01  1.39474E+00 -1.31989E+00
  8.80000E+01  1.37466E+00 -1.95870E+00
  8.90000E+01  1.24759E+00 -1.34553E+00
  9.00000E+01  1.30588E+00 -1.44743E+00
  9.10000E+01  1.24210E+00 -8.90434E-01
  9.20000E+01  1.39755E+00 -2.85278E+00
  9.30000E+01  1.38620E+00 -2.25317E+00
  9.40000E+01  1.46542E+00 -2.10265E+00
  9.50000E+01  1.47763E+00 -2.36732E+00
  9.60000E+01  1.37973E+00 -1.03326E+00
  9.70000E+01  1.41940E+00 -2.06491E+00
  9.80000E+01  1.44534E+00 -1.66595E+00
  9.90000E+01  1.46964E+00 -2.65555E+00
  1.00000E+02  1.49179E+00 -1.75175E+00
  1.01000E+02  1.43509E+00 -1.62728E+00
  1.02000E+02  1.31006E+00 -1.15613E+00
  1.03000E+02  1.54675E+00 -3.28211E+00
  1.04000E+02  1.47269E+00 -1.75939E+00
  1.05000E+02  1.43362E+00 -2.04728E+00
  1.06000E+02  1.52139E+00 -2.23533E+00
  1.07000E+02  1.65457E+00 -2.27583E+00
  1.08000E+02  1.61316E+00 -3.17059E+00
  1.09000E+02  1.53262E+00 -1.78117E+00
  1.10000E+02  1.42831E+00 -1.46709E+00
  1.11000E+02  1.50522E+00 -2.01300E+00
  1.12000E+02  1.52985E+00 -1.91830E+00
  1.13000E+02  1.54315E+00 -2.31997E+00
  1.14000E+02  1.50266E+00 -2.08891E+00
  1.15000E+02  1.46991E+00 -1.95458E+00
  1.16000E+02  1.50967E+00 -2.02705E+00
  1.17000E+02  1.53522E+00 -2.15340E+00
  1.18000E+02  1.41129E+00 -2.13575E+00
  1.19000E+02  1.31534E+00 -7.74132E-01
  1.20000E+02  1.53830E+00 -2.53478E+00
  1.21000E+02  1.36093E+00 -4.94965E-01
  1.22000E+02  1.61096E+00 -3.25619E+00
  1.23000E+02  1.57263E+00 -1.99235E+00
  1.24000E+02  1.43872E+00 -1.87683E+00
  1.25000E+02  1.44586E+00 -1.71159E+00
  1.26000E+02  1.51938E+00 -2.50607E+00
  1.27000E+02  1.33621E+00 -7.10091E-01
  1.28000E+02  1.40439E+00 -2.28129E+00
  1.29000E+02  1.54114E+00 -2.81882E+00
  1.30000E+02  1.55988E+00 -1.83070E+00
  1.31000E+02  1.52261E+00 -1.99044E+00
  1.32000E+02  1.58560E+00 -2.31400E+00
  1.33000E+02  1.47000E+00 -1.80410E+00
  1.34000E+02  1.55533E+00 -1.93645E+00
  1.35000E+02  1.57755E+00 -2.05526E+00
  1.36000E+02  1.58432E+00 -2.68229E+00
  1.37000E+02  1.62997E+00 -2.65317E+00
  1.38000E+02  1.56729E+00 -2.12714E+00
  1.39000E+02  1.42563E+00 -8.76259E-01
  1.40000E+02  1.45767E+00 -1.49986E+00
  1.41000E+02  1.43558E+00 -1.57827E+00
  1.42000E+02  1.47272E+00 -2.34641E+00
  1.43000E+02  1.49246E+00 -1.44144E+00
  1.44000E+02  1.42380E+00 -1.43360E+00
  1.45000E+02  1.64957E+00 -2.83389E+00
  1.46000E+02  1.69232E+00 -2.04783E+00
  1.47000E+02  1.53268E+00 -1.23661E+00
  1.48000E+02  1.50842E+00 -2.50467E+00
  1.49000E+02  1.56042E+00 -2.62264E+00
  1.50000E+02  1.57657E+00 -1.82099E+00
  1.51000E+02  1.47238E+00 -1.67355E+00
  1.52000E+02  1.51477E+00 -1.54630E+00
  1.53000E+02  1.46796E+00 -1.99363E+00
  1.54000E+02  1.54114E+00 -1.96729E+00
  1.55000E+02  1.52451E+00 -2.56723E+00
  1.56000E+02  1.58890E+00 -1.37394E+00
  1.57000E+02  1.57867E+00 -1.87397E+00
  1.58000E+02  1.37274E+00 -1.09332E+00
  1.59000E+02  1.52847E+00 -2.79314E+00
  1.60000E+02  1.60092E+00 -2.16205E+00
  1.61000E+02  1.58011E+00 -2.62512E+00
  1.62000E+02  1.62210E+00 -1.94623E+00
  1.63000E+02  1.69366E+00 -2.47477E+00
  1.64000E+02  1.56964E+00 -1.34638E+00
  1.65000E+02  1.60519E+00 -2.75315E+00
  1.66000E+02  1.56876E+00 -1.83530E+00
  1.67000E+02  1.59299E+00 -1.97164E+00
  1.68000E+02  1.48862E+00 -9.12270E-01
  1.69000E+02  1.33850E+00 -2.13287E+00
  1.70000E+02  1.25311E+00 -1.03692E+00
  1.71000E+02  1.42792E+00 -2.45420E+00
  1.72000E+02  1.57376E+00 -2.51002E+00
  1.73000E+02  1.64847E+00 -2.20315E+00
  1.74000E+02  1.49582E+00 -1.73515E+00
  1.75000E+02  1.50046E+00 -2.06170E+00
  1.76000E+02  1.43149E+00 -8.46611E-01
  1.77000E+02  1.58359E+00 -3.09592E+00
  1.78000E+02  1.53940E+00 -2.19447E+00
  1.79000E+02  1.67450E+00 -2.65401E+00
  1.80000E+02  1.70728E+00 -2.19878E+00
  1.81000E+02  1.60818E+00 -1.29464E+00
  1.82000E+02  1.57492E+00 -1.70452E+00
  1.83000E+02  1.58026E+00 -1.82593E+00
  1.84000E+02  1.56583E+00 -2.79539E+00
  1.85000E+02  1.71954E+00 -2.97424E+00
  1.86000E+02  1.61215E+00 -1.02640E+00
  1.87000E+02  1.74570E+00 -3.07791E+00
  1.88000E+02  1.73343E+00 -2.73868E+00
  1.89000E+02  1.55969E+00 -2.01402E+00
  1.90000E+02  1.51807E+00 -2.15060E+00
  1.91000E+02  1.63251E+00 -2.58765E+00
  1.92000E+02  1.55728E+00 -1.80417E+00
  1.93000E+02  1.56757E+00 -2.42098E+00
  1.94000E+02  1.65909E+00 -2.17216E+00
  1.95000E+02  1.60361E+00 -2.25580E+00
  1.96000E+02  1.53528E+00 -1.76200E+00
  1.97000E+02  1.68118E+00 -2.06808E+00
  1.98000E+02  1.60925E+00 -2.09306E+00
  1.99000E+02  1.70627E+00 -1.98112E+00
  2.00000E+02  1.65442E+00 -2.84998E+00
  2.01000E+02  1.56342E+00 -1.59076E+00
  2.02000E+02  1.59940E+00 -2.01294E+00
  2.03000E+02  1.54913E+00 -1.39046E+00
  2.04000E+02  1.73776E+00 -3.16943E+00
  2.05000E+02  1.69330E+00 -2.84505E+00
  2.06000E+02  1.47696E+00 -1.71478E+00
  2.07000E+02  1.46432E+00 -1.13732E+00
  2.08000E+02  1.57858E+00 -2.22351E+00
  2.09000E+02  1.56317E+00 -2.08152E+00
  2.10000E+02  1.50317E+00 -1.45700E+00
  2.11000E+02  1.52530E+00 -1.97106E+00
  2.12000E+02  1.47589E+00 -2.13149E+00
  2.13000E+02  1.65561E+00 -2.05811E+00
  2.14000E+02  1.64767E+00 -1.49774E+00
  2.15000E+02  1.61069E+00 -2.34982E+00
  2.16000E+02  1.66422E+00 -1.73422E+00
  2.17000E+02  1.65762E+00 -2.14381E+00
  2.18000E+02  1.41504E+00 -1.22007E+00
  2.19000E+02  1.59506E+00 -2.78172E+00
