 Year Ts CRF
  0.00000E+00  0.00000E+00  0.00000E+00
  1.00000E+00 -7.65686E-02 -4.76799E-01
  2.00000E+00  3.64563E-01 -2.42837E+00
  3.00000E+00  3.86780E-01 -7.15302E-01
  4.00000E+00  2.04681E-01 -7.12738E-01
  5.00000E+00  2.94464E-01 -1.28407E+00
  6.00000E+00  2.93549E-01 -9.45503E-01
  7.00000E+00  1.79596E-01 -9.48029E-02
  8.00000E+00  1.18500E-01 -7.82463E-01
  9.00000E+00  4.35760E-01 -1.58542E+00
  1.00000E+01  5.45502E-01 -1.39243E+00
  1.10000E+01  3.21259E-01 -1.35046E+00
  1.20000E+01  3.47809E-01 -1.71617E+00
  1.30000E+01  4.87183E-01 -1.20650E+00
  1.40000E+01  6.28754E-01 -2.17151E+00
  1.50000E+01  4.26056E-01 -1.92156E+00
  1.60000E+01  5.07385E-01 -2.29907E+00
  1.70000E+01  5.73212E-01 -2.73955E+00
  1.80000E+01  7.38312E-01 -2.79634E+00
  1.90000E+01  7.28058E-01 -2.55973E+00
  2.00000E+01  6.60187E-01 -1.44637E+00
  2.10000E+01  5.36774E-01 -2.28396E+00
  2.20000E+01  1.03421E+00 -2.76805E+00
  2.30000E+01  6.64185E-01 -1.28549E+00
  2.40000E+01  4.72931E-01 -1.70847E+00
  2.50000E+01  7.01935E-01 -2.41647E+00
  2.60000E+01  5.49713E-01 -1.21614E+00
  2.70000E+01  4.03320E-01 -2.01168E+00
  2.80000E+01  4.73175E-01 -2.11546E+00
  2.90000E+01  6.36993E-01 -2.41810E+00
  3.00000E+01  9.47174E-01 -3.40661E+00
  3.10000E+01  9.44855E-01 -3.49829E+00
  3.20000E+01  6.50177E-01 -2.62359E+00
  3.30000E+01  9.45892E-01 -3.55790E+00
  3.40000E+01  6.31805E-01 -1.08099E+00
  3.50000E+01  5.65643E-01 -2.31390E+00
  3.60000E+01  1.08945E+00 -3.38661E+00
  3.70000E+01  1.00220E+00 -2.57243E+00
  3.80000E+01  7.34528E-01 -3.02082E+00
  3.90000E+01  8.92303E-01 -3.05119E+00
  4.00000E+01  9.26178E-01 -2.83072E+00
  4.10000E+01  9.63226E-01 -3.14625E+00
  4.20000E+01  9.90692E-01 -3.26643E+00
  4.30000E+01  1.05203E+00 -2.60009E+00
  4.40000E+01  9.31732E-01 -4.32091E+00
  4.50000E+01  1.47684E+00 -3.50558E+00
  4.60000E+01  1.05380E+00 -1.39290E+00
  4.70000E+01  7.99377E-01 -3.23907E+00
  4.80000E+01  9.89258E-01 -2.96931E+00
  4.90000E+01  1.19037E+00 -4.12376E+00
  5.00000E+01  1.33215E+00 -2.72794E+00
  5.10000E+01  1.06598E+00 -4.32378E+00
  5.20000E+01  1.11374E+00 -3.29010E+00
  5.30000E+01  1.34659E+00 -3.97781E+00
  5.40000E+01  1.48529E+00 -2.68409E+00
  5.50000E+01  1.11050E+00 -4.08130E+00
  5.60000E+01  1.32779E+00 -3.85681E+00
  5.70000E+01  1.52618E+00 -3.19011E+00
  5.80000E+01  1.43289E+00 -2.58332E+00
  5.90000E+01  1.47659E+00 -4.16386E+00
  6.00000E+01  1.52606E+00 -2.85606E+00
  6.10000E+01  1.24353E+00 -3.50740E+00
  6.20000E+01  1.42047E+00 -3.15829E+00
  6.30000E+01  1.46890E+00 -3.30975E+00
  6.40000E+01  1.57697E+00 -4.14737E+00
  6.50000E+01  1.44409E+00 -3.96222E+00
  6.60000E+01  1.68582E+00 -4.28734E+00
  6.70000E+01  1.78708E+00 -2.72000E+00
  6.80000E+01  1.26718E+00 -3.77785E+00
  6.90000E+01  1.71442E+00 -3.54570E+00
  7.00000E+01  1.76291E+00 -2.43923E+00
  7.10000E+01  1.64810E+00 -3.92381E+00
  7.20000E+01  1.86505E+00 -4.06669E+00
  7.30000E+01  1.85910E+00 -3.06989E+00
  7.40000E+01  1.46677E+00 -3.70519E+00
  7.50000E+01  1.63901E+00 -3.63372E+00
  7.60000E+01  1.77188E+00 -3.53148E+00
  7.70000E+01  1.53418E+00 -3.91684E+00
  7.80000E+01  1.71640E+00 -3.88411E+00
  7.90000E+01  1.96854E+00 -2.70971E+00
  8.00000E+01  1.56900E+00 -4.23819E+00
  8.10000E+01  1.76114E+00 -4.48520E+00
  8.20000E+01  1.89728E+00 -2.17692E+00
  8.30000E+01  1.69125E+00 -4.54824E+00
  8.40000E+01  1.99365E+00 -3.43977E+00
  8.50000E+01  1.88489E+00 -2.72535E+00
  8.60000E+01  1.78345E+00 -3.77045E+00
  8.70000E+01  1.69443E+00 -2.94397E+00
  8.80000E+01  1.61649E+00 -5.14046E+00
  8.90000E+01  1.70300E+00 -3.28115E+00
  9.00000E+01  1.72937E+00 -4.39073E+00
  9.10000E+01  1.92447E+00 -3.73048E+00
  9.20000E+01  1.73065E+00 -4.68451E+00
  9.30000E+01  1.93985E+00 -4.42406E+00
  9.40000E+01  2.15250E+00 -3.92999E+00
  9.50000E+01  1.94144E+00 -3.17789E+00
  9.60000E+01  1.61060E+00 -4.08403E+00
  9.70000E+01  1.77740E+00 -4.07568E+00
  9.80000E+01  1.78818E+00 -4.63920E+00
  9.90000E+01  1.82797E+00 -3.88821E+00
  1.00000E+02  1.97543E+00 -3.93883E+00
  1.01000E+02  1.64301E+00 -2.76950E+00
  1.02000E+02  1.60031E+00 -4.98024E+00
  1.03000E+02  1.90353E+00 -4.17546E+00
  1.04000E+02  1.87350E+00 -4.23946E+00
  1.05000E+02  1.60886E+00 -4.07849E+00
  1.06000E+02  1.70761E+00 -4.08607E+00
  1.07000E+02  1.89362E+00 -4.54173E+00
  1.08000E+02  1.93985E+00 -4.19515E+00
  1.09000E+02  2.05603E+00 -4.01948E+00
  1.10000E+02  1.99347E+00 -3.46889E+00
  1.11000E+02  1.48389E+00 -4.96134E+00
  1.12000E+02  2.01065E+00 -4.88890E+00
  1.13000E+02  2.14594E+00 -2.93975E+00
  1.14000E+02  1.71036E+00 -3.37892E+00
  1.15000E+02  1.82779E+00 -3.47643E+00
  1.16000E+02  2.09991E+00 -3.10519E+00
  1.17000E+02  1.87106E+00 -2.58733E+00
  1.18000E+02  1.64972E+00 -5.12964E+00
  1.19000E+02  2.17261E+00 -3.48849E+00
  1.20000E+02  1.79413E+00 -2.64107E+00
  1.21000E+02  1.63300E+00 -4.79240E+00
  1.22000E+02  2.05109E+00 -4.72175E+00
  1.23000E+02  2.16501E+00 -2.98383E+00
  1.24000E+02  2.01990E+00 -4.99792E+00
  1.25000E+02  2.13809E+00 -4.39207E+00
  1.26000E+02  2.26294E+00 -4.51981E+00
  1.27000E+02  2.24005E+00 -2.39037E+00
  1.28000E+02  2.01648E+00 -3.59126E+00
  1.29000E+02  1.97476E+00 -4.36205E+00
  1.30000E+02  2.10184E+00 -2.02043E+00
  1.31000E+02  1.63977E+00 -4.32646E+00
  1.32000E+02  2.03607E+00 -3.96215E+00
  1.33000E+02  2.02289E+00 -3.59275E+00
  1.34000E+02  2.22751E+00 -3.60229E+00
  1.35000E+02  2.00412E+00 -4.38982E+00
  1.36000E+02  2.02542E+00 -3.51968E+00
  1.37000E+02  1.99561E+00 -4.00093E+00
  1.38000E+02  2.11728E+00 -3.51575E+00
  1.39000E+02  2.01724E+00 -3.62933E+00
  1.40000E+02  2.08151E+00 -4.42071E+00
  1.41000E+02  1.92694E+00 -4.78940E+00
  1.42000E+02  2.10306E+00 -2.80142E+00
  1.43000E+02  1.98981E+00 -3.00615E+00
  1.44000E+02  1.89792E+00 -4.45428E+00
  1.45000E+02  2.14920E+00 -4.12383E+00
  1.46000E+02  2.11691E+00 -3.07450E+00
  1.47000E+02  1.77023E+00 -5.38619E+00
  1.48000E+02  2.01843E+00 -4.60622E+00
  1.49000E+02  2.25449E+00 -2.50243E+00
  1.50000E+02  2.02072E+00 -3.48827E+00
  1.51000E+02  1.88788E+00 -4.29708E+00
  1.52000E+02  2.04855E+00 -4.00188E+00
  1.53000E+02  2.05569E+00 -3.71696E+00
  1.54000E+02  2.02005E+00 -4.61938E+00
  1.55000E+02  2.31985E+00 -3.78693E+00
  1.56000E+02  2.36343E+00 -3.43845E+00
  1.57000E+02  2.28119E+00 -3.97923E+00
  1.58000E+02  2.16684E+00 -3.82339E+00
  1.59000E+02  2.10364E+00 -4.16873E+00
  1.60000E+02  1.74255E+00 -3.47047E+00
  1.61000E+02  2.07059E+00 -3.94601E+00
  1.62000E+02  1.92416E+00 -2.38812E+00
  1.63000E+02  1.88388E+00 -4.75977E+00
  1.64000E+02  2.09552E+00 -4.08882E+00
  1.65000E+02  2.25876E+00 -3.99681E+00
  1.66000E+02  2.08267E+00 -3.65446E+00
  1.67000E+02  2.16672E+00 -3.77513E+00
  1.68000E+02  2.19284E+00 -3.39949E+00
  1.69000E+02  2.12201E+00 -3.82706E+00
  1.70000E+02  2.38211E+00 -3.69720E+00
  1.71000E+02  2.07608E+00 -5.25703E+00
  1.72000E+02  2.17462E+00 -4.05647E+00
  1.73000E+02  2.18387E+00 -3.68848E+00
  1.74000E+02  2.14255E+00 -3.65990E+00
  1.75000E+02  2.24127E+00 -3.40617E+00
  1.76000E+02  2.07660E+00 -3.97421E+00
  1.77000E+02  2.11893E+00 -3.31419E+00
  1.78000E+02  2.33701E+00 -4.79691E+00
  1.79000E+02  2.37698E+00 -2.94146E+00
  1.80000E+02  2.17282E+00 -4.32075E+00
  1.81000E+02  2.17838E+00 -2.46714E+00
  1.82000E+02  1.96994E+00 -4.65453E+00
  1.83000E+02  2.22311E+00 -3.95333E+00
  1.84000E+02  2.19131E+00 -4.89911E+00
  1.85000E+02  2.25867E+00 -2.95381E+00
  1.86000E+02  2.13089E+00 -3.28204E+00
  1.87000E+02  2.15631E+00 -4.79723E+00
  1.88000E+02  2.24265E+00 -3.91277E+00
  1.89000E+02  2.19638E+00 -3.98602E+00
  1.90000E+02  2.21310E+00 -3.32206E+00
  1.91000E+02  2.05841E+00 -4.60883E+00
  1.92000E+02  2.10934E+00 -3.61880E+00
  1.93000E+02  2.37808E+00 -4.31053E+00
  1.94000E+02  2.03998E+00 -2.82464E+00
  1.95000E+02  1.85690E+00 -4.83980E+00
  1.96000E+02  2.20169E+00 -4.29850E+00
  1.97000E+02  2.36746E+00 -2.55562E+00
  1.98000E+02  2.10239E+00 -5.14738E+00
  1.99000E+02  2.19254E+00 -3.53537E+00
  2.00000E+02  1.98572E+00 -4.15088E+00
  2.01000E+02  2.26349E+00 -4.67818E+00
  2.02000E+02  2.38873E+00 -3.11250E+00
  2.03000E+02  2.19131E+00 -2.17984E+00
  2.04000E+02  2.08218E+00 -3.73746E+00
  2.05000E+02  2.40433E+00 -3.86357E+00
  2.06000E+02  2.35663E+00 -3.24466E+00
  2.07000E+02  2.20792E+00 -3.98151E+00
  2.08000E+02  2.33591E+00 -4.02996E+00
  2.09000E+02  2.20615E+00 -2.63638E+00
  2.10000E+02  2.38226E+00 -4.81075E+00
  2.11000E+02  2.47736E+00 -2.75456E+00
  2.12000E+02  2.15201E+00 -4.33430E+00
  2.13000E+02  2.20361E+00 -4.50631E+00
  2.14000E+02  2.37668E+00 -2.30206E+00
  2.15000E+02  2.06070E+00 -5.23384E+00
  2.16000E+02  2.40106E+00 -4.24892E+00
  2.17000E+02  2.44073E+00 -3.82419E+00
  2.18000E+02  2.12012E+00 -4.27147E+00
  2.19000E+02  2.23856E+00 -4.36904E+00
  2.20000E+02  2.43362E+00 -3.72563E+00
  2.21000E+02  2.42084E+00 -4.17356E+00
  2.22000E+02  2.50293E+00 -4.43417E+00
  2.23000E+02  2.32874E+00 -3.80191E+00
  2.24000E+02  2.19785E+00 -3.85501E+00
  2.25000E+02  2.26657E+00 -4.39146E+00
  2.26000E+02  2.25418E+00 -4.41922E+00
  2.27000E+02  2.35812E+00 -3.15931E+00
  2.28000E+02  2.17331E+00 -3.40388E+00
  2.29000E+02  2.05441E+00 -4.23061E+00
  2.30000E+02  2.51596E+00 -3.39551E+00
  2.31000E+02  2.31985E+00 -4.08234E+00
  2.32000E+02  2.22513E+00 -3.17330E+00
  2.33000E+02  2.04288E+00 -4.71063E+00
  2.34000E+02  2.24948E+00 -4.01199E+00
  2.35000E+02  2.14786E+00 -3.46585E+00
  2.36000E+02  2.29391E+00 -4.12724E+00
  2.37000E+02  2.23398E+00 -3.93115E+00
  2.38000E+02  2.37262E+00 -3.64468E+00
  2.39000E+02  2.03998E+00 -4.24391E+00
  2.40000E+02  2.16452E+00 -4.58620E+00
  2.41000E+02  2.46246E+00 -2.52643E+00
  2.42000E+02  1.95807E+00 -3.34491E+00
  2.43000E+02  2.19824E+00 -4.33212E+00
  2.44000E+02  2.23471E+00 -2.58849E+00
  2.45000E+02  1.89322E+00 -3.88963E+00
  2.46000E+02  2.25528E+00 -3.30367E+00
  2.47000E+02  2.23398E+00 -3.20483E+00
  2.48000E+02  2.33334E+00 -4.18883E+00
  2.49000E+02  2.25540E+00 -3.38936E+00
  2.50000E+02  2.38385E+00 -3.09433E+00
  2.51000E+02  2.20679E+00 -4.69128E+00
  2.52000E+02  2.15378E+00 -4.78154E+00
  2.53000E+02  2.25012E+00 -3.17587E+00
  2.54000E+02  2.06406E+00 -4.83533E+00
  2.55000E+02  2.38998E+00 -2.98589E+00
  2.56000E+02  2.45563E+00 -3.35294E+00
  2.57000E+02  2.24228E+00 -2.97826E+00
  2.58000E+02  2.03564E+00 -4.82596E+00
  2.59000E+02  2.37381E+00 -4.23346E+00
  2.60000E+02  2.26889E+00 -3.69830E+00
  2.61000E+02  2.15594E+00 -4.29926E+00
  2.62000E+02  2.47241E+00 -3.84273E+00
  2.63000E+02  2.36215E+00 -2.87135E+00
  2.64000E+02  2.16733E+00 -4.23541E+00
  2.65000E+02  2.15259E+00 -3.43635E+00
  2.66000E+02  2.01700E+00 -4.44137E+00
  2.67000E+02  2.19339E+00 -3.96183E+00
  2.68000E+02  2.50534E+00 -3.26367E+00
  2.69000E+02  2.31979E+00 -3.53658E+00
  2.70000E+02  2.30145E+00 -3.25880E+00
  2.71000E+02  2.19028E+00 -4.53593E+00
  2.72000E+02  2.26694E+00 -4.24946E+00
  2.73000E+02  2.42279E+00 -4.37699E+00
  2.74000E+02  2.33237E+00 -3.78659E+00
  2.75000E+02  2.26456E+00 -3.85286E+00
  2.76000E+02  2.27512E+00 -4.63448E+00
  2.77000E+02  2.03824E+00 -3.65422E+00
  2.78000E+02  2.14249E+00 -3.46136E+00
  2.79000E+02  2.29739E+00 -4.34497E+00
