 Year Ts CRF
  0.00000E+00  0.00000E+00  0.00000E+00
  1.00000E+00  6.07971E-01  1.65835E+00
  2.00000E+00  9.14917E-01  1.08197E+00
  3.00000E+00  1.30646E+00  8.59375E-02
  4.00000E+00  1.74725E+00  5.76157E-01
  5.00000E+00  1.76340E+00  1.35564E+00
  6.00000E+00  1.81854E+00  1.48958E+00
  7.00000E+00  1.74887E+00  1.97829E+00
  8.00000E+00  1.75339E+00  9.41544E-01
  9.00000E+00  1.69910E+00  1.81673E+00
  1.00000E+01  1.89746E+00  8.65501E-01
  1.10000E+01  2.00037E+00  1.02618E+00
  1.20000E+01  1.97284E+00  2.82555E+00
  1.30000E+01  1.90027E+00  1.24945E+00
  1.40000E+01  1.97974E+00  1.59505E+00
  1.50000E+01  2.20966E+00  7.29553E-01
  1.60000E+01  2.16071E+00  1.73360E+00
  1.70000E+01  2.15405E+00  1.43726E+00
  1.80000E+01  2.10181E+00  2.87354E-01
  1.90000E+01  2.27051E+00  3.87543E-01
  2.00000E+01  2.19836E+00  7.74170E-01
  2.10000E+01  2.10590E+00  1.11374E+00
  2.20000E+01  2.25723E+00  9.03084E-01
  2.30000E+01  2.19250E+00  4.20883E-01
  2.40000E+01  2.14307E+00  8.66661E-01
  2.50000E+01  2.18121E+00  1.35293E+00
  2.60000E+01  2.20181E+00  1.15593E+00
  2.70000E+01  2.19095E+00  1.17070E+00
  2.80000E+01  2.08804E+00  2.18098E+00
  2.90000E+01  2.18076E+00  9.45442E-01
  3.00000E+01  2.23401E+00  7.54387E-01
  3.10000E+01  2.45422E+00  6.88583E-01
  3.20000E+01  2.30627E+00  1.52718E+00
  3.30000E+01  2.10263E+00  1.55647E+00
  3.40000E+01  2.24042E+00  1.07416E+00
  3.50000E+01  2.28632E+00  1.19962E+00
  3.60000E+01  2.20541E+00  1.94280E+00
  3.70000E+01  2.17691E+00  3.54362E-01
  3.80000E+01  2.27036E+00  1.05948E+00
  3.90000E+01  2.31268E+00  1.03027E+00
  4.00000E+01  2.23257E+00  1.87053E+00
  4.10000E+01  2.22598E+00  1.52643E+00
  4.20000E+01  2.21155E+00  1.32866E-01
  4.30000E+01  2.34567E+00  7.21947E-01
  4.40000E+01  2.27753E+00  1.33104E+00
  4.50000E+01  2.39569E+00  1.83403E-01
  4.60000E+01  2.23276E+00  1.76213E+00
  4.70000E+01  2.04526E+00  1.66974E+00
  4.80000E+01  1.98026E+00  1.68219E+00
  4.90000E+01  2.01508E+00  1.04353E+00
  5.00000E+01  2.12030E+00  9.84543E-01
  5.10000E+01  2.19470E+00  4.54857E-01
  5.20000E+01  2.31223E+00  1.31412E+00
  5.30000E+01  2.21625E+00  9.17130E-01
  5.40000E+01  2.31223E+00  7.98325E-01
  5.50000E+01  2.21683E+00  1.28966E+00
  5.60000E+01  2.10925E+00  7.13150E-01
  5.70000E+01  2.22107E+00  8.34282E-01
  5.80000E+01  2.20938E+00  1.38126E+00
  5.90000E+01  2.27759E+00  9.91119E-01
  6.00000E+01  2.32544E+00  1.28331E+00
  6.10000E+01  2.23618E+00  1.82726E+00
  6.20000E+01  2.20685E+00  5.15404E-01
  6.30000E+01  2.24005E+00  1.31749E+00
  6.40000E+01  2.15582E+00  8.09319E-01
  6.50000E+01  2.13205E+00  1.11183E+00
  6.60000E+01  2.18329E+00  2.07008E-01
  6.70000E+01  2.14429E+00  1.68283E+00
  6.80000E+01  2.08508E+00  1.23556E+00
  6.90000E+01  2.06909E+00  1.41436E+00
  7.00000E+01  2.15390E+00  1.49716E+00
  7.10000E+01  2.08765E+00  1.69646E+00
  7.20000E+01  1.96661E+00  1.06920E+00
  7.30000E+01  2.12894E+00  6.11816E-01
  7.40000E+01  2.24084E+00  1.15366E+00
  7.50000E+01  2.25262E+00  1.97601E-01
  7.60000E+01  2.25018E+00  1.55299E+00
  7.70000E+01  2.16284E+00  1.64265E+00
  7.80000E+01  2.04663E+00  1.50832E+00
  7.90000E+01  2.06155E+00  9.24240E-01
  8.00000E+01  2.28641E+00  9.92004E-01
  8.10000E+01  2.27692E+00  1.83440E+00
  8.20000E+01  2.22760E+00  5.24582E-01
  8.30000E+01  2.21097E+00  1.35509E+00
  8.40000E+01  2.25275E+00  8.69736E-01
  8.50000E+01  2.16388E+00  2.37112E+00
  8.60000E+01  2.14087E+00  1.52188E+00
  8.70000E+01  2.13116E+00  1.34581E+00
  8.80000E+01  2.19623E+00  1.24072E+00
  8.90000E+01  2.18628E+00  1.47363E+00
  9.00000E+01  2.11990E+00  1.18444E+00
  9.10000E+01  2.08203E+00  1.36177E+00
  9.20000E+01  2.03143E+00  9.57184E-02
  9.30000E+01  2.13287E+00  5.80933E-01
  9.40000E+01  2.40393E+00  7.92374E-01
  9.50000E+01  2.26001E+00  1.17414E+00
  9.60000E+01  2.24890E+00  1.13321E+00
  9.70000E+01  2.19217E+00  1.46599E+00
  9.80000E+01  2.05786E+00  1.59990E+00
  9.90000E+01  2.03976E+00  4.96811E-01
