 Year Ts CRF
  0.00000E+00  2.98032E+02 -2.17690E+01
  1.00000E+00  2.98177E+02 -2.16369E+01
  2.00000E+00  2.98154E+02 -2.18560E+01
  3.00000E+00  2.98256E+02 -2.15351E+01
  4.00000E+00  2.98211E+02 -2.24115E+01
  5.00000E+00  2.98036E+02 -2.13651E+01
  6.00000E+00  2.98046E+02 -2.19985E+01
  7.00000E+00  2.98170E+02 -2.08944E+01
  8.00000E+00  2.98185E+02 -2.24295E+01
  9.00000E+00  2.98016E+02 -2.18008E+01
  1.00000E+01  2.97951E+02 -2.22543E+01
  1.10000E+01  2.98039E+02 -2.13618E+01
  1.20000E+01  2.98144E+02 -2.16111E+01
  1.30000E+01  2.98081E+02 -2.06070E+01
  1.40000E+01  2.97679E+02 -2.00716E+01
  1.50000E+01  2.97715E+02 -2.12238E+01
  1.60000E+01  2.97910E+02 -2.13100E+01
  1.70000E+01  2.97751E+02 -2.27497E+01
  1.80000E+01  2.97899E+02 -2.11663E+01
  1.90000E+01  2.97979E+02 -2.18045E+01
  2.00000E+01  2.97806E+02 -2.05569E+01
  2.10000E+01  2.97849E+02 -2.08924E+01
  2.20000E+01  2.97920E+02 -2.18697E+01
  2.30000E+01  2.97897E+02 -2.16555E+01
  2.40000E+01  2.98014E+02 -2.12341E+01
  2.50000E+01  2.98111E+02 -2.17642E+01
  2.60000E+01  2.98048E+02 -2.27636E+01
  2.70000E+01  2.97961E+02 -2.12498E+01
  2.80000E+01  2.97914E+02 -2.26110E+01
  2.90000E+01  2.97858E+02 -2.18344E+01
  3.00000E+01  2.98044E+02 -2.11266E+01
  3.10000E+01  2.97978E+02 -2.23774E+01
  3.20000E+01  2.97984E+02 -2.09835E+01
  3.30000E+01  2.97728E+02 -2.00466E+01
  3.40000E+01  2.97695E+02 -2.11639E+01
  3.50000E+01  2.97899E+02 -2.14129E+01
  3.60000E+01  2.98013E+02 -2.15090E+01
  3.70000E+01  2.98021E+02 -2.18038E+01
  3.80000E+01  2.97910E+02 -2.16333E+01
  3.90000E+01  2.97917E+02 -2.19931E+01
  4.00000E+01  2.97905E+02 -2.18451E+01
  4.10000E+01  2.98072E+02 -2.16131E+01
  4.20000E+01  2.98042E+02 -2.12091E+01
  4.30000E+01  2.97943E+02 -2.23737E+01
  4.40000E+01  2.97984E+02 -2.11366E+01
  4.50000E+01  2.98001E+02 -2.28753E+01
  4.60000E+01  2.97976E+02 -2.18127E+01
  4.70000E+01  2.98075E+02 -2.22781E+01
  4.80000E+01  2.98035E+02 -2.12677E+01
  4.90000E+01  2.98061E+02 -2.21262E+01
  5.00000E+01  2.98094E+02 -2.15143E+01
  5.10000E+01  2.98193E+02 -2.19066E+01
  5.20000E+01  2.98138E+02 -2.19993E+01
  5.30000E+01  2.98203E+02 -2.17591E+01
  5.40000E+01  2.98148E+02 -2.19555E+01
  5.50000E+01  2.98142E+02 -2.14636E+01
  5.60000E+01  2.98143E+02 -2.18689E+01
  5.70000E+01  2.98118E+02 -2.17285E+01
  5.80000E+01  2.98178E+02 -2.15794E+01
  5.90000E+01  2.98038E+02 -2.21216E+01
  6.00000E+01  2.98036E+02 -2.16810E+01
  6.10000E+01  2.98137E+02 -2.18667E+01
  6.20000E+01  2.98122E+02 -2.18083E+01
  6.30000E+01  2.98104E+02 -2.14956E+01
  6.40000E+01  2.98247E+02 -2.14208E+01
  6.50000E+01  2.98149E+02 -2.16414E+01
  6.60000E+01  2.98215E+02 -2.18599E+01
  6.70000E+01  2.98147E+02 -2.22223E+01
  6.80000E+01  2.97984E+02 -2.18773E+01
  6.90000E+01  2.98270E+02 -2.12173E+01
  7.00000E+01  2.98282E+02 -2.25593E+01
  7.10000E+01  2.98084E+02 -2.11182E+01
  7.20000E+01  2.98206E+02 -2.20546E+01
  7.30000E+01  2.98233E+02 -2.14854E+01
  7.40000E+01  2.98295E+02 -2.14274E+01
  7.50000E+01  2.98277E+02 -2.12256E+01
  7.60000E+01  2.98384E+02 -2.16824E+01
  7.70000E+01  2.98480E+02 -2.16158E+01
  7.80000E+01  2.98182E+02 -2.30930E+01
  7.90000E+01  2.98251E+02 -2.06305E+01
  8.00000E+01  2.98373E+02 -2.22510E+01
  8.10000E+01  2.98445E+02 -2.13924E+01
  8.20000E+01  2.98392E+02 -2.21146E+01
  8.30000E+01  2.98285E+02 -2.17235E+01
  8.40000E+01  2.98219E+02 -2.29345E+01
  8.50000E+01  2.98263E+02 -2.18145E+01
  8.60000E+01  2.98386E+02 -2.18415E+01
  8.70000E+01  2.98346E+02 -2.21286E+01
  8.80000E+01  2.98439E+02 -2.12048E+01
  8.90000E+01  2.98368E+02 -2.30353E+01
  9.00000E+01  2.98177E+02 -2.17931E+01
  9.10000E+01  2.98373E+02 -2.18953E+01
  9.20000E+01  2.98301E+02 -2.11501E+01
  9.30000E+01  2.98322E+02 -2.07799E+01
  9.40000E+01  2.98091E+02 -2.08563E+01
  9.50000E+01  2.98238E+02 -2.23098E+01
  9.60000E+01  2.98233E+02 -2.12644E+01
  9.70000E+01  2.98385E+02 -2.20901E+01
  9.80000E+01  2.98196E+02 -2.21503E+01
  9.90000E+01  2.98316E+02 -2.12037E+01
  1.00000E+02  2.98277E+02 -2.27535E+01
  1.01000E+02  2.98204E+02 -2.14844E+01
  1.02000E+02  2.98441E+02 -2.19873E+01
  1.03000E+02  2.98240E+02 -2.22667E+01
  1.04000E+02  2.98379E+02 -2.15763E+01
  1.05000E+02  2.98192E+02 -2.24557E+01
  1.06000E+02  2.98066E+02 -2.16634E+01
  1.07000E+02  2.98397E+02 -2.11774E+01
  1.08000E+02  2.98504E+02 -2.11284E+01
  1.09000E+02  2.98507E+02 -2.14555E+01
  1.10000E+02  2.98587E+02 -2.27003E+01
  1.11000E+02  2.98548E+02 -2.14737E+01
  1.12000E+02  2.98642E+02 -2.13915E+01
  1.13000E+02  2.98234E+02 -2.10809E+01
  1.14000E+02  2.98362E+02 -2.18599E+01
  1.15000E+02  2.98359E+02 -2.15753E+01
  1.16000E+02  2.98605E+02 -2.13626E+01
  1.17000E+02  2.98613E+02 -2.25904E+01
  1.18000E+02  2.98545E+02 -2.24035E+01
  1.19000E+02  2.98700E+02 -2.17117E+01
  1.20000E+02  2.98735E+02 -2.26748E+01
  1.21000E+02  2.98389E+02 -2.16516E+01
  1.22000E+02  2.98235E+02 -1.96215E+01
  1.23000E+02  2.98528E+02 -2.17517E+01
  1.24000E+02  2.98473E+02 -2.22327E+01
  1.25000E+02  2.98525E+02 -2.23223E+01
  1.26000E+02  2.98689E+02 -2.18563E+01
  1.27000E+02  2.98754E+02 -2.23508E+01
  1.28000E+02  2.98793E+02 -2.18874E+01
  1.29000E+02  2.98821E+02 -2.25056E+01
