 Year Ts CRF
  0.00000E+00  2.98665E+02 -2.15837E+01
  1.00000E+00  2.98621E+02 -2.22716E+01
  2.00000E+00  2.98673E+02 -2.19582E+01
  3.00000E+00  2.98584E+02 -2.18587E+01
  4.00000E+00  2.98526E+02 -2.20914E+01
  5.00000E+00  2.98513E+02 -2.19278E+01
  6.00000E+00  2.98553E+02 -2.23440E+01
  7.00000E+00  2.98561E+02 -2.18110E+01
  8.00000E+00  2.98575E+02 -2.22500E+01
  9.00000E+00  2.98467E+02 -2.17283E+01
  1.00000E+01  2.98405E+02 -2.28565E+01
  1.10000E+01  2.98434E+02 -2.26342E+01
  1.20000E+01  2.98393E+02 -2.23873E+01
  1.30000E+01  2.98301E+02 -2.27827E+01
  1.40000E+01  2.98331E+02 -2.19868E+01
  1.50000E+01  2.98443E+02 -2.21070E+01
  1.60000E+01  2.98403E+02 -2.28640E+01
  1.70000E+01  2.98362E+02 -2.23872E+01
  1.80000E+01  2.98295E+02 -2.17187E+01
  1.90000E+01  2.98388E+02 -2.22138E+01
  2.00000E+01  2.98479E+02 -2.19868E+01
  2.10000E+01  2.98527E+02 -2.21248E+01
  2.20000E+01  2.98513E+02 -2.24291E+01
  2.30000E+01  2.98444E+02 -2.19477E+01
  2.40000E+01  2.98403E+02 -2.21568E+01
  2.50000E+01  2.98455E+02 -2.24457E+01
  2.60000E+01  2.98449E+02 -2.19274E+01
  2.70000E+01  2.98341E+02 -2.25527E+01
  2.80000E+01  2.98266E+02 -2.23331E+01
  2.90000E+01  2.98347E+02 -2.21924E+01
  3.00000E+01  2.98457E+02 -2.15330E+01
  3.10000E+01  2.98490E+02 -2.21932E+01
  3.20000E+01  2.98587E+02 -2.18311E+01
  3.30000E+01  2.98492E+02 -2.25247E+01
  3.40000E+01  2.98477E+02 -2.22528E+01
  3.50000E+01  2.98393E+02 -2.23066E+01
  3.60000E+01  2.98382E+02 -2.14013E+01
  3.70000E+01  2.98433E+02 -2.21905E+01
  3.80000E+01  2.98463E+02 -2.21341E+01
  3.90000E+01  2.98497E+02 -2.18526E+01
  4.00000E+01  2.98443E+02 -2.24320E+01
  4.10000E+01  2.98383E+02 -2.21693E+01
  4.20000E+01  2.98436E+02 -2.23857E+01
  4.30000E+01  2.98459E+02 -2.18087E+01
  4.40000E+01  2.98455E+02 -2.17456E+01
  4.50000E+01  2.98428E+02 -2.20829E+01
  4.60000E+01  2.98368E+02 -2.21728E+01
  4.70000E+01  2.98376E+02 -2.22879E+01
  4.80000E+01  2.98353E+02 -2.19204E+01
  4.90000E+01  2.98383E+02 -2.18419E+01
  5.00000E+01  2.98483E+02 -2.22331E+01
