 Year Ts CRF
  0.00000E+00  2.98776E+02 -2.26610E+01
  1.00000E+00  2.98878E+02 -2.17549E+01
  2.00000E+00  2.98798E+02 -2.27218E+01
  3.00000E+00  2.98794E+02 -2.16081E+01
  4.00000E+00  2.98879E+02 -2.19396E+01
  5.00000E+00  2.98869E+02 -2.16702E+01
  6.00000E+00  2.99114E+02 -2.09815E+01
  7.00000E+00  2.99038E+02 -2.26866E+01
  8.00000E+00  2.99005E+02 -2.12812E+01
  9.00000E+00  2.99019E+02 -2.18003E+01
  1.00000E+01  2.99080E+02 -2.14900E+01
  1.10000E+01  2.99039E+02 -2.24461E+01
  1.20000E+01  2.99021E+02 -2.13799E+01
  1.30000E+01  2.99127E+02 -2.22566E+01
  1.40000E+01  2.98974E+02 -2.28201E+01
  1.50000E+01  2.99158E+02 -2.13796E+01
  1.60000E+01  2.99135E+02 -2.18997E+01
  1.70000E+01  2.99154E+02 -2.22148E+01
  1.80000E+01  2.99091E+02 -2.33610E+01
  1.90000E+01  2.99118E+02 -2.16714E+01
  2.00000E+01  2.99132E+02 -2.24150E+01
  2.10000E+01  2.99168E+02 -2.18006E+01
  2.20000E+01  2.99117E+02 -2.31856E+01
  2.30000E+01  2.99092E+02 -2.19915E+01
  2.40000E+01  2.99209E+02 -2.24516E+01
  2.50000E+01  2.99198E+02 -2.28769E+01
  2.60000E+01  2.99131E+02 -2.21989E+01
  2.70000E+01  2.99301E+02 -2.25286E+01
  2.80000E+01  2.99204E+02 -2.27906E+01
  2.90000E+01  2.99288E+02 -2.20015E+01
  3.00000E+01  2.99357E+02 -2.34566E+01
  3.10000E+01  2.99279E+02 -2.21061E+01
  3.20000E+01  2.99426E+02 -2.25910E+01
  3.30000E+01  2.99360E+02 -2.25685E+01
  3.40000E+01  2.99469E+02 -2.16791E+01
  3.50000E+01  2.99612E+02 -2.25077E+01
  3.60000E+01  2.99544E+02 -2.23583E+01
  3.70000E+01  2.99444E+02 -2.27492E+01
  3.80000E+01  2.99567E+02 -2.18255E+01
  3.90000E+01  2.99517E+02 -2.30973E+01
  4.00000E+01  2.99605E+02 -2.19444E+01
  4.10000E+01  2.99501E+02 -2.36949E+01
  4.20000E+01  2.99433E+02 -2.27190E+01
  4.30000E+01  2.99531E+02 -2.23331E+01
  4.40000E+01  2.99630E+02 -2.24937E+01
  4.50000E+01  2.99600E+02 -2.36022E+01
  4.60000E+01  2.99588E+02 -2.21564E+01
  4.70000E+01  2.99710E+02 -2.21965E+01
  4.80000E+01  2.99622E+02 -2.29789E+01
  4.90000E+01  2.99575E+02 -2.24543E+01
  5.00000E+01  2.99811E+02 -2.29693E+01
  5.10000E+01  2.99753E+02 -2.26332E+01
  5.20000E+01  2.99943E+02 -2.23772E+01
  5.30000E+01  2.99860E+02 -2.32683E+01
  5.40000E+01  2.99800E+02 -2.28595E+01
  5.50000E+01  2.99662E+02 -2.30465E+01
  5.60000E+01  2.99774E+02 -2.26353E+01
  5.70000E+01  2.99609E+02 -2.33039E+01
  5.80000E+01  2.99719E+02 -2.22520E+01
  5.90000E+01  2.99838E+02 -2.30900E+01
  6.00000E+01  2.99983E+02 -2.29551E+01
  6.10000E+01  2.99865E+02 -2.34862E+01
  6.20000E+01  2.99976E+02 -2.30822E+01
  6.30000E+01  2.99971E+02 -2.29940E+01
  6.40000E+01  2.99938E+02 -2.39084E+01
  6.50000E+01  2.99923E+02 -2.28653E+01
  6.60000E+01  2.99863E+02 -2.46698E+01
  6.70000E+01  2.99969E+02 -2.25363E+01
  6.80000E+01  2.99982E+02 -2.39228E+01
  6.90000E+01  2.99985E+02 -2.38335E+01
  7.00000E+01  3.00002E+02 -2.32352E+01
  7.10000E+01  2.99916E+02 -2.34424E+01
  7.20000E+01  3.00124E+02 -2.27921E+01
  7.30000E+01  3.00237E+02 -2.38428E+01
  7.40000E+01  3.00231E+02 -2.31625E+01
  7.50000E+01  3.00186E+02 -2.40727E+01
  7.60000E+01  3.00265E+02 -2.28821E+01
  7.70000E+01  3.00175E+02 -2.38617E+01
  7.80000E+01  3.00328E+02 -2.32109E+01
  7.90000E+01  3.00260E+02 -2.39600E+01
  8.00000E+01  3.00266E+02 -2.28418E+01
  8.10000E+01  3.00167E+02 -2.34861E+01
  8.20000E+01  3.00154E+02 -2.28582E+01
  8.30000E+01  3.00223E+02 -2.29733E+01
  8.40000E+01  3.00143E+02 -2.39155E+01
  8.50000E+01  3.00103E+02 -2.31535E+01
  8.60000E+01  3.00144E+02 -2.29190E+01
  8.70000E+01  3.00170E+02 -2.35138E+01
  8.80000E+01  3.00150E+02 -2.30770E+01
  8.90000E+01  3.00023E+02 -2.37260E+01
  9.00000E+01  3.00081E+02 -2.33793E+01
  9.10000E+01  3.00018E+02 -2.35796E+01
  9.20000E+01  3.00173E+02 -2.26895E+01
  9.30000E+01  3.00162E+02 -2.32191E+01
  9.40000E+01  3.00241E+02 -2.36470E+01
  9.50000E+01  3.00253E+02 -2.29661E+01
  9.60000E+01  3.00155E+02 -2.36799E+01
  9.70000E+01  3.00195E+02 -2.32423E+01
  9.80000E+01  3.00221E+02 -2.34670E+01
  9.90000E+01  3.00245E+02 -2.29343E+01
  1.00000E+02  3.00267E+02 -2.37508E+01
  1.01000E+02  3.00211E+02 -2.34879E+01
  1.02000E+02  3.00086E+02 -2.35758E+01
  1.03000E+02  3.00322E+02 -2.27070E+01
  1.04000E+02  3.00248E+02 -2.35819E+01
  1.05000E+02  3.00209E+02 -2.34407E+01
  1.06000E+02  3.00297E+02 -2.28045E+01
  1.07000E+02  3.00430E+02 -2.34256E+01
  1.08000E+02  3.00389E+02 -2.25065E+01
  1.09000E+02  3.00308E+02 -2.35110E+01
  1.10000E+02  3.00204E+02 -2.36335E+01
  1.11000E+02  3.00281E+02 -2.31828E+01
  1.12000E+02  3.00305E+02 -2.30195E+01
  1.13000E+02  3.00319E+02 -2.40317E+01
  1.14000E+02  3.00278E+02 -2.31845E+01
  1.15000E+02  3.00245E+02 -2.36445E+01
  1.16000E+02  3.00285E+02 -2.34869E+01
  1.17000E+02  3.00311E+02 -2.35678E+01
  1.18000E+02  3.00187E+02 -2.33353E+01
  1.19000E+02  3.00091E+02 -2.39469E+01
  1.20000E+02  3.00314E+02 -2.28279E+01
  1.21000E+02  3.00137E+02 -2.38769E+01
  1.22000E+02  3.00387E+02 -2.25516E+01
  1.23000E+02  3.00348E+02 -2.37208E+01
  1.24000E+02  3.00214E+02 -2.28453E+01
  1.25000E+02  3.00221E+02 -2.36536E+01
  1.26000E+02  3.00295E+02 -2.28077E+01
  1.27000E+02  3.00112E+02 -2.43869E+01
  1.28000E+02  3.00180E+02 -2.27145E+01
  1.29000E+02  3.00317E+02 -2.28857E+01
  1.30000E+02  3.00335E+02 -2.39332E+01
  1.31000E+02  3.00298E+02 -2.32117E+01
  1.32000E+02  3.00361E+02 -2.29052E+01
  1.33000E+02  3.00246E+02 -2.36219E+01
  1.34000E+02  3.00331E+02 -2.33777E+01
  1.35000E+02  3.00353E+02 -2.32092E+01
  1.36000E+02  3.00360E+02 -2.32019E+01
  1.37000E+02  3.00406E+02 -2.33530E+01
  1.38000E+02  3.00343E+02 -2.31651E+01
  1.39000E+02  3.00201E+02 -2.41938E+01
  1.40000E+02  3.00233E+02 -2.32152E+01
  1.41000E+02  3.00211E+02 -2.38011E+01
  1.42000E+02  3.00248E+02 -2.29892E+01
  1.43000E+02  3.00268E+02 -2.36248E+01
  1.44000E+02  3.00199E+02 -2.37686E+01
  1.45000E+02  3.00425E+02 -2.28392E+01
  1.46000E+02  3.00468E+02 -2.36213E+01
  1.47000E+02  3.00308E+02 -2.33241E+01
  1.48000E+02  3.00284E+02 -2.28964E+01
  1.49000E+02  3.00336E+02 -2.30151E+01
  1.50000E+02  3.00352E+02 -2.39607E+01
  1.51000E+02  3.00248E+02 -2.32924E+01
  1.52000E+02  3.00290E+02 -2.38268E+01
  1.53000E+02  3.00244E+02 -2.33836E+01
  1.54000E+02  3.00317E+02 -2.37309E+01
  1.55000E+02  3.00300E+02 -2.30827E+01
  1.56000E+02  3.00364E+02 -2.39702E+01
  1.57000E+02  3.00354E+02 -2.35045E+01
  1.58000E+02  3.00148E+02 -2.36732E+01
  1.59000E+02  3.00304E+02 -2.28034E+01
  1.60000E+02  3.00376E+02 -2.34590E+01
  1.61000E+02  3.00356E+02 -2.27004E+01
  1.62000E+02  3.00398E+02 -2.33495E+01
  1.63000E+02  3.00469E+02 -2.31439E+01
  1.64000E+02  3.00345E+02 -2.35344E+01
  1.65000E+02  3.00381E+02 -2.34867E+01
  1.66000E+02  3.00344E+02 -2.38562E+01
  1.67000E+02  3.00369E+02 -2.32171E+01
  1.68000E+02  3.00264E+02 -2.42723E+01
  1.69000E+02  3.00114E+02 -2.30025E+01
  1.70000E+02  3.00029E+02 -2.41123E+01
  1.71000E+02  3.00203E+02 -2.29957E+01
  1.72000E+02  3.00349E+02 -2.31529E+01
  1.73000E+02  3.00424E+02 -2.34652E+01
  1.74000E+02  3.00271E+02 -2.39699E+01
  1.75000E+02  3.00276E+02 -2.28353E+01
  1.76000E+02  3.00207E+02 -2.44323E+01
  1.77000E+02  3.00359E+02 -2.24551E+01
  1.78000E+02  3.00315E+02 -2.29097E+01
  1.79000E+02  3.00450E+02 -2.30014E+01
  1.80000E+02  3.00483E+02 -2.33757E+01
  1.81000E+02  3.00384E+02 -2.33412E+01
  1.82000E+02  3.00350E+02 -2.34437E+01
  1.83000E+02  3.00356E+02 -2.36593E+01
  1.84000E+02  3.00341E+02 -2.33035E+01
  1.85000E+02  3.00495E+02 -2.29659E+01
  1.86000E+02  3.00388E+02 -2.38116E+01
  1.87000E+02  3.00521E+02 -2.28161E+01
  1.88000E+02  3.00509E+02 -2.39468E+01
  1.89000E+02  3.00335E+02 -2.36514E+01
  1.90000E+02  3.00294E+02 -2.32730E+01
  1.91000E+02  3.00408E+02 -2.29405E+01
  1.92000E+02  3.00333E+02 -2.38690E+01
  1.93000E+02  3.00343E+02 -2.29081E+01
  1.94000E+02  3.00435E+02 -2.33975E+01
  1.95000E+02  3.00379E+02 -2.33436E+01
  1.96000E+02  3.00311E+02 -2.35002E+01
  1.97000E+02  3.00457E+02 -2.33216E+01
  1.98000E+02  3.00385E+02 -2.30701E+01
  1.99000E+02  3.00482E+02 -2.37210E+01
  2.00000E+02  3.00430E+02 -2.27001E+01
  2.01000E+02  3.00339E+02 -2.37523E+01
  2.02000E+02  3.00375E+02 -2.34356E+01
  2.03000E+02  3.00325E+02 -2.33823E+01
  2.04000E+02  3.00513E+02 -2.28312E+01
  2.05000E+02  3.00469E+02 -2.30405E+01
  2.06000E+02  3.00253E+02 -2.39468E+01
  2.07000E+02  3.00240E+02 -2.35002E+01
  2.08000E+02  3.00354E+02 -2.32091E+01
  2.09000E+02  3.00339E+02 -2.36929E+01
  2.10000E+02  3.00279E+02 -2.36488E+01
  2.11000E+02  3.00301E+02 -2.35178E+01
  2.12000E+02  3.00251E+02 -2.36153E+01
  2.13000E+02  3.00431E+02 -2.31130E+01
  2.14000E+02  3.00423E+02 -2.34944E+01
  2.15000E+02  3.00386E+02 -2.31163E+01
  2.16000E+02  3.00440E+02 -2.35929E+01
  2.17000E+02  3.00433E+02 -2.29675E+01
  2.18000E+02  3.00191E+02 -2.35250E+01
  2.19000E+02  3.00371E+02 -2.31218E+01
