 Year Ts CRF
  0.00000E+00  2.99101E+02 -2.24240E+01
  1.00000E+00  2.99557E+02 -2.28440E+01
  2.00000E+00  2.99767E+02 -2.31982E+01
  3.00000E+00  2.99878E+02 -2.31638E+01
  4.00000E+00  3.00073E+02 -2.30560E+01
  5.00000E+00  3.00058E+02 -2.33941E+01
  6.00000E+00  3.00192E+02 -2.30524E+01
  7.00000E+00  3.00197E+02 -2.32030E+01
  8.00000E+00  3.00261E+02 -2.28615E+01
  9.00000E+00  3.00462E+02 -2.29756E+01
  1.00000E+01  3.00353E+02 -2.32784E+01
  1.10000E+01  3.00286E+02 -2.35163E+01
  1.20000E+01  3.00426E+02 -2.29422E+01
  1.30000E+01  3.00525E+02 -2.31932E+01
  1.40000E+01  3.00544E+02 -2.32202E+01
  1.50000E+01  3.00477E+02 -2.32688E+01
  1.60000E+01  3.00442E+02 -2.34260E+01
  1.70000E+01  3.00409E+02 -2.33972E+01
  1.80000E+01  3.00510E+02 -2.28548E+01
  1.90000E+01  3.00611E+02 -2.29377E+01
  2.00000E+01  3.00558E+02 -2.32490E+01
  2.10000E+01  3.00453E+02 -2.30241E+01
  2.20000E+01  3.00452E+02 -2.36374E+01
  2.30000E+01  3.00570E+02 -2.25101E+01
  2.40000E+01  3.00571E+02 -2.30830E+01
  2.50000E+01  3.00617E+02 -2.35587E+01
  2.60000E+01  3.00646E+02 -2.31603E+01
  2.70000E+01  3.00658E+02 -2.32404E+01
  2.80000E+01  3.00435E+02 -2.37197E+01
  2.90000E+01  3.00440E+02 -2.35838E+01
  3.00000E+01  3.00526E+02 -2.38336E+01
  3.10000E+01  3.00407E+02 -2.40531E+01
  3.20000E+01  3.00404E+02 -2.33697E+01
  3.30000E+01  3.00463E+02 -2.28726E+01
  3.40000E+01  3.00482E+02 -2.31427E+01
  3.50000E+01  3.00565E+02 -2.31136E+01
  3.60000E+01  3.00640E+02 -2.34080E+01
  3.70000E+01  3.00623E+02 -2.33017E+01
  3.80000E+01  3.00753E+02 -2.31207E+01
  3.90000E+01  3.00614E+02 -2.30616E+01
  4.00000E+01  3.00571E+02 -2.30291E+01
  4.10000E+01  3.00588E+02 -2.27390E+01
  4.20000E+01  3.00501E+02 -2.38758E+01
  4.30000E+01  3.00535E+02 -2.31338E+01
  4.40000E+01  3.00630E+02 -2.34476E+01
  4.50000E+01  3.00637E+02 -2.31850E+01
  4.60000E+01  3.00608E+02 -2.41269E+01
  4.70000E+01  3.00516E+02 -2.36849E+01
  4.80000E+01  3.00567E+02 -2.32411E+01
  4.90000E+01  3.00573E+02 -2.30703E+01
  5.00000E+01  3.00655E+02 -2.33678E+01
  5.10000E+01  3.00648E+02 -2.28639E+01
  5.20000E+01  3.00650E+02 -2.36338E+01
  5.30000E+01  3.00649E+02 -2.32447E+01
  5.40000E+01  3.00505E+02 -2.33682E+01
  5.50000E+01  3.00599E+02 -2.27880E+01
  5.60000E+01  3.00568E+02 -2.37631E+01
  5.70000E+01  3.00538E+02 -2.31713E+01
  5.80000E+01  3.00636E+02 -2.32248E+01
  5.90000E+01  3.00443E+02 -2.34746E+01
  6.00000E+01  3.00386E+02 -2.33719E+01
  6.10000E+01  3.00417E+02 -2.35918E+01
  6.20000E+01  3.00506E+02 -2.31470E+01
  6.30000E+01  3.00582E+02 -2.34067E+01
  6.40000E+01  3.00465E+02 -2.37572E+01
  6.50000E+01  3.00408E+02 -2.36983E+01
  6.60000E+01  3.00629E+02 -2.24689E+01
  6.70000E+01  3.00664E+02 -2.29996E+01
