 Year Ts CRF
  0.00000E+00  2.98829E+02 -2.58411E+01
  1.00000E+00  2.99437E+02 -2.60868E+01
  2.00000E+00  2.99744E+02 -2.54017E+01
  3.00000E+00  3.00136E+02 -2.44749E+01
  4.00000E+00  3.00577E+02 -2.46054E+01
  5.00000E+00  3.00593E+02 -2.52333E+01
  6.00000E+00  3.00648E+02 -2.51437E+01
  7.00000E+00  3.00578E+02 -2.58108E+01
  8.00000E+00  3.00583E+02 -2.52080E+01
  9.00000E+00  3.00528E+02 -2.55259E+01
  1.00000E+01  3.00727E+02 -2.44989E+01
  1.10000E+01  3.00830E+02 -2.47946E+01
  1.20000E+01  3.00802E+02 -2.60540E+01
  1.30000E+01  3.00730E+02 -2.51340E+01
  1.40000E+01  3.00809E+02 -2.51455E+01
  1.50000E+01  3.01039E+02 -2.44036E+01
  1.60000E+01  3.00990E+02 -2.50074E+01
  1.70000E+01  3.00983E+02 -2.49967E+01
  1.80000E+01  3.00931E+02 -2.43247E+01
  1.90000E+01  3.01100E+02 -2.42484E+01
  2.00000E+01  3.01028E+02 -2.49106E+01
  2.10000E+01  3.00935E+02 -2.49546E+01
  2.20000E+01  3.01086E+02 -2.44041E+01
  2.30000E+01  3.01022E+02 -2.47774E+01
  2.40000E+01  3.00972E+02 -2.44613E+01
  2.50000E+01  3.01010E+02 -2.49171E+01
  2.60000E+01  3.01031E+02 -2.47746E+01
  2.70000E+01  3.01020E+02 -2.44134E+01
  2.80000E+01  3.00917E+02 -2.52079E+01
  2.90000E+01  3.01010E+02 -2.43633E+01
  3.00000E+01  3.01063E+02 -2.43229E+01
  3.10000E+01  3.01283E+02 -2.45278E+01
  3.20000E+01  3.01136E+02 -2.51687E+01
  3.30000E+01  3.00932E+02 -2.50204E+01
  3.40000E+01  3.01070E+02 -2.45648E+01
  3.50000E+01  3.01116E+02 -2.47982E+01
  3.60000E+01  3.01035E+02 -2.54492E+01
  3.70000E+01  3.01006E+02 -2.45355E+01
  3.80000E+01  3.01100E+02 -2.42818E+01
  3.90000E+01  3.01142E+02 -2.49152E+01
  4.00000E+01  3.01062E+02 -2.52961E+01
  4.10000E+01  3.01055E+02 -2.50469E+01
  4.20000E+01  3.01041E+02 -2.42745E+01
  4.30000E+01  3.01175E+02 -2.46129E+01
  4.40000E+01  3.01107E+02 -2.42914E+01
  4.50000E+01  3.01225E+02 -2.40984E+01
  4.60000E+01  3.01062E+02 -2.56454E+01
  4.70000E+01  3.00875E+02 -2.55418E+01
  4.80000E+01  3.00810E+02 -2.55295E+01
  4.90000E+01  3.00844E+02 -2.46447E+01
  5.00000E+01  3.00950E+02 -2.44488E+01
  5.10000E+01  3.01024E+02 -2.41323E+01
  5.20000E+01  3.01141E+02 -2.49771E+01
  5.30000E+01  3.01046E+02 -2.45054E+01
  5.40000E+01  3.01141E+02 -2.45103E+01
  5.50000E+01  3.01046E+02 -2.53487E+01
  5.60000E+01  3.00939E+02 -2.48865E+01
  5.70000E+01  3.01050E+02 -2.44081E+01
  5.80000E+01  3.01039E+02 -2.46318E+01
  5.90000E+01  3.01107E+02 -2.43812E+01
  6.00000E+01  3.01155E+02 -2.47618E+01
  6.10000E+01  3.01065E+02 -2.52911E+01
  6.20000E+01  3.01036E+02 -2.44227E+01
  6.30000E+01  3.01069E+02 -2.48418E+01
  6.40000E+01  3.00985E+02 -2.51027E+01
  6.50000E+01  3.00961E+02 -2.48521E+01
  6.60000E+01  3.01013E+02 -2.46572E+01
  6.70000E+01  3.00974E+02 -2.50271E+01
  6.80000E+01  3.00914E+02 -2.49735E+01
  6.90000E+01  3.00898E+02 -2.50002E+01
  7.00000E+01  3.00983E+02 -2.45941E+01
  7.10000E+01  3.00917E+02 -2.52736E+01
  7.20000E+01  3.00796E+02 -2.48879E+01
  7.30000E+01  3.00958E+02 -2.49348E+01
  7.40000E+01  3.01070E+02 -2.45369E+01
  7.50000E+01  3.01082E+02 -2.46010E+01
  7.60000E+01  3.01079E+02 -2.50830E+01
  7.70000E+01  3.00992E+02 -2.51828E+01
  7.80000E+01  3.00876E+02 -2.49531E+01
  7.90000E+01  3.00891E+02 -2.48520E+01
  8.00000E+01  3.01116E+02 -2.42977E+01
  8.10000E+01  3.01106E+02 -2.48680E+01
  8.20000E+01  3.01057E+02 -2.48373E+01
  8.30000E+01  3.01040E+02 -2.51221E+01
  8.40000E+01  3.01082E+02 -2.51449E+01
  8.50000E+01  3.00993E+02 -2.53803E+01
  8.60000E+01  3.00970E+02 -2.51870E+01
  8.70000E+01  3.00960E+02 -2.46882E+01
  8.80000E+01  3.01025E+02 -2.49662E+01
  8.90000E+01  3.01016E+02 -2.54016E+01
  9.00000E+01  3.00949E+02 -2.49616E+01
  9.10000E+01  3.00911E+02 -2.53271E+01
  9.20000E+01  3.00861E+02 -2.45956E+01
  9.30000E+01  3.00962E+02 -2.43602E+01
  9.40000E+01  3.01233E+02 -2.41724E+01
  9.50000E+01  3.01089E+02 -2.48956E+01
  9.60000E+01  3.01078E+02 -2.51219E+01
  9.70000E+01  3.01021E+02 -2.49205E+01
  9.80000E+01  3.00887E+02 -2.54972E+01
  9.90000E+01  3.00869E+02 -2.49959E+01
