 Year Ts CRF
  0.00000E+00  2.97141E+02 -2.75145E+01
  1.00000E+00  2.97156E+02 -2.66938E+01
  2.00000E+00  2.97309E+02 -2.72022E+01
  3.00000E+00  2.97336E+02 -2.69612E+01
  4.00000E+00  2.97162E+02 -2.78659E+01
  5.00000E+00  2.97013E+02 -2.72948E+01
  6.00000E+00  2.97304E+02 -2.74805E+01
  7.00000E+00  2.97291E+02 -2.71359E+01
  8.00000E+00  2.97311E+02 -2.67759E+01
  9.00000E+00  2.97458E+02 -2.75501E+01
  1.00000E+01  2.97290E+02 -2.71673E+01
  1.10000E+01  2.97458E+02 -2.69347E+01
  1.20000E+01  2.97462E+02 -2.72869E+01
  1.30000E+01  2.97210E+02 -2.78399E+01
  1.40000E+01  2.97215E+02 -2.66469E+01
  1.50000E+01  2.97418E+02 -2.64412E+01
  1.60000E+01  2.97450E+02 -2.85368E+01
  1.70000E+01  2.97023E+02 -2.73847E+01
  1.80000E+01  2.97238E+02 -2.78345E+01
  1.90000E+01  2.97079E+02 -2.82255E+01
  2.00000E+01  2.96913E+02 -2.75282E+01
  2.10000E+01  2.97270E+02 -2.69032E+01
  2.20000E+01  2.97418E+02 -2.65108E+01
  2.30000E+01  2.96721E+02 -2.49711E+01
  2.40000E+01  2.96760E+02 -2.65385E+01
  2.50000E+01  2.96982E+02 -2.62563E+01
  2.60000E+01  2.97081E+02 -2.71229E+01
  2.70000E+01  2.96856E+02 -2.71666E+01
  2.80000E+01  2.96732E+02 -2.74638E+01
  2.90000E+01  2.96809E+02 -2.65251E+01
  3.00000E+01  2.97105E+02 -2.61924E+01
  3.10000E+01  2.97212E+02 -2.73318E+01
  3.20000E+01  2.97179E+02 -2.77563E+01
  3.30000E+01  2.97242E+02 -2.67162E+01
  3.40000E+01  2.97405E+02 -2.75050E+01
  3.50000E+01  2.97170E+02 -2.70140E+01
  3.60000E+01  2.96928E+02 -2.74475E+01
  3.70000E+01  2.97014E+02 -2.79914E+01
  3.80000E+01  2.97127E+02 -2.71806E+01
  3.90000E+01  2.97330E+02 -2.71774E+01
  4.00000E+01  2.97224E+02 -2.70955E+01
  4.10000E+01  2.97123E+02 -2.74627E+01
  4.20000E+01  2.96889E+02 -2.59217E+01
  4.30000E+01  2.96849E+02 -2.74139E+01
  4.40000E+01  2.97155E+02 -2.67109E+01
  4.50000E+01  2.97188E+02 -2.85633E+01
  4.60000E+01  2.97099E+02 -2.65195E+01
  4.70000E+01  2.97250E+02 -2.80049E+01
  4.80000E+01  2.96884E+02 -2.76450E+01
  4.90000E+01  2.97235E+02 -2.74640E+01
  5.00000E+01  2.97087E+02 -2.75391E+01
  5.10000E+01  2.97219E+02 -2.70731E+01
  5.20000E+01  2.97225E+02 -2.74964E+01
  5.30000E+01  2.96970E+02 -2.67898E+01
  5.40000E+01  2.97074E+02 -2.78785E+01
  5.50000E+01  2.97077E+02 -2.68298E+01
  5.60000E+01  2.97273E+02 -2.72623E+01
  5.70000E+01  2.97112E+02 -2.77163E+01
  5.80000E+01  2.97207E+02 -2.64220E+01
  5.90000E+01  2.97245E+02 -2.76179E+01
  6.00000E+01  2.97082E+02 -2.66381E+01
  6.10000E+01  2.97334E+02 -2.65640E+01
  6.20000E+01  2.97544E+02 -2.74322E+01
  6.30000E+01  2.97493E+02 -2.70859E+01
  6.40000E+01  2.97422E+02 -2.69869E+01
  6.50000E+01  2.97553E+02 -2.65369E+01
  6.60000E+01  2.97809E+02 -2.65024E+01
  6.70000E+01  2.97653E+02 -2.71505E+01
  6.80000E+01  2.97546E+02 -2.70361E+01
  6.90000E+01  2.97328E+02 -2.81400E+01
  7.00000E+01  2.97135E+02 -2.69587E+01
  7.10000E+01  2.97463E+02 -2.70444E+01
  7.20000E+01  2.97344E+02 -2.70229E+01
  7.30000E+01  2.97396E+02 -2.77853E+01
  7.40000E+01  2.97283E+02 -2.73078E+01
  7.50000E+01  2.97237E+02 -2.72002E+01
  7.60000E+01  2.97343E+02 -2.68675E+01
  7.70000E+01  2.97572E+02 -2.79189E+01
  7.80000E+01  2.97419E+02 -2.66022E+01
  7.90000E+01  2.97400E+02 -2.72833E+01
  8.00000E+01  2.97330E+02 -2.78229E+01
  8.10000E+01  2.97424E+02 -2.61810E+01
  8.20000E+01  2.97687E+02 -2.80985E+01
  8.30000E+01  2.97430E+02 -2.66586E+01
  8.40000E+01  2.97662E+02 -2.70876E+01
  8.50000E+01  2.97520E+02 -2.74795E+01
  8.60000E+01  2.97661E+02 -2.64345E+01
  8.70000E+01  2.97645E+02 -2.76643E+01
  8.80000E+01  2.97523E+02 -2.74303E+01
  8.90000E+01  2.97301E+02 -2.74203E+01
  9.00000E+01  2.97334E+02 -2.75878E+01
  9.10000E+01  2.97412E+02 -2.65487E+01
  9.20000E+01  2.97515E+02 -2.71789E+01
  9.30000E+01  2.97584E+02 -2.67096E+01
  9.40000E+01  2.97823E+02 -2.73530E+01
  9.50000E+01  2.97671E+02 -2.73205E+01
  9.60000E+01  2.97459E+02 -2.73640E+01
  9.70000E+01  2.97500E+02 -2.70092E+01
  9.80000E+01  2.97753E+02 -2.70684E+01
  9.90000E+01  2.97778E+02 -2.63771E+01
  1.00000E+02  2.97730E+02 -2.71432E+01
  1.01000E+02  2.97571E+02 -2.69131E+01
  1.02000E+02  2.97707E+02 -2.54172E+01
  1.03000E+02  2.97487E+02 -2.74808E+01
  1.04000E+02  2.97171E+02 -2.58800E+01
  1.05000E+02  2.97510E+02 -2.65004E+01
  1.06000E+02  2.97691E+02 -2.61449E+01
  1.07000E+02  2.97867E+02 -2.62609E+01
  1.08000E+02  2.97704E+02 -2.70924E+01
  1.09000E+02  2.97543E+02 -2.65782E+01
  1.10000E+02  2.97571E+02 -2.75468E+01
  1.11000E+02  2.97391E+02 -2.68955E+01
  1.12000E+02  2.97794E+02 -2.64672E+01
  1.13000E+02  2.98021E+02 -2.61393E+01
  1.14000E+02  2.97797E+02 -2.75978E+01
  1.15000E+02  2.97532E+02 -2.68123E+01
  1.16000E+02  2.97741E+02 -2.71395E+01
  1.17000E+02  2.97720E+02 -2.75538E+01
  1.18000E+02  2.97640E+02 -2.69078E+01
  1.19000E+02  2.97908E+02 -2.64643E+01
  1.20000E+02  2.97994E+02 -2.78178E+01
  1.21000E+02  2.97469E+02 -2.53334E+01
  1.22000E+02  2.97537E+02 -2.63654E+01
  1.23000E+02  2.97598E+02 -2.58267E+01
  1.24000E+02  2.97647E+02 -2.69982E+01
  1.25000E+02  2.97591E+02 -2.65192E+01
  1.26000E+02  2.97793E+02 -2.63960E+01
  1.27000E+02  2.97978E+02 -2.70191E+01
  1.28000E+02  2.97864E+02 -2.68633E+01
  1.29000E+02  2.97904E+02 -2.59294E+01
  1.30000E+02  2.97896E+02 -2.63035E+01
  1.31000E+02  2.97337E+02 -2.53529E+01
  1.32000E+02  2.97551E+02 -2.60193E+01
  1.33000E+02  2.97836E+02 -2.58991E+01
  1.34000E+02  2.97968E+02 -2.76877E+01
  1.35000E+02  2.97755E+02 -2.67107E+01
  1.36000E+02  2.98069E+02 -2.65842E+01
  1.37000E+02  2.98168E+02 -2.78521E+01
  1.38000E+02  2.97974E+02 -2.64977E+01
  1.39000E+02  2.98181E+02 -2.70446E+01
