 Year Ts CRF
  0.00000E+00  2.98345E+02 -2.56525E+01
  1.00000E+00  2.98601E+02 -2.58880E+01
  2.00000E+00  2.98518E+02 -2.52376E+01
  3.00000E+00  2.98570E+02 -2.54035E+01
  4.00000E+00  2.98531E+02 -2.57886E+01
  5.00000E+00  2.98505E+02 -2.54381E+01
  6.00000E+00  2.98521E+02 -2.55759E+01
  7.00000E+00  2.98604E+02 -2.57267E+01
  8.00000E+00  2.98601E+02 -2.58424E+01
  9.00000E+00  2.98502E+02 -2.63321E+01
  1.00000E+01  2.98465E+02 -2.58652E+01
  1.10000E+01  2.98448E+02 -2.59657E+01
  1.20000E+01  2.98388E+02 -2.61434E+01
  1.30000E+01  2.98331E+02 -2.56146E+01
  1.40000E+01  2.98449E+02 -2.52745E+01
  1.50000E+01  2.98582E+02 -2.57466E+01
  1.60000E+01  2.98603E+02 -2.53544E+01
  1.70000E+01  2.98632E+02 -2.56193E+01
  1.80000E+01  2.98502E+02 -2.61986E+01
  1.90000E+01  2.98402E+02 -2.60527E+01
  2.00000E+01  2.98401E+02 -2.57538E+01
  2.10000E+01  2.98331E+02 -2.57435E+01
  2.20000E+01  2.98495E+02 -2.54789E+01
  2.30000E+01  2.98449E+02 -2.62949E+01
  2.40000E+01  2.98359E+02 -2.56871E+01
  2.50000E+01  2.98525E+02 -2.55087E+01
  2.60000E+01  2.98412E+02 -2.61623E+01
  2.70000E+01  2.98346E+02 -2.55153E+01
  2.80000E+01  2.98400E+02 -2.56022E+01
  2.90000E+01  2.98485E+02 -2.55461E+01
  3.00000E+01  2.98416E+02 -2.58189E+01
  3.10000E+01  2.98580E+02 -2.53799E+01
  3.20000E+01  2.98520E+02 -2.53509E+01
  3.30000E+01  2.98517E+02 -2.54501E+01
  3.40000E+01  2.98639E+02 -2.53719E+01
  3.50000E+01  2.98445E+02 -2.57375E+01
  3.60000E+01  2.98533E+02 -2.56229E+01
  3.70000E+01  2.98450E+02 -2.62429E+01
  3.80000E+01  2.98367E+02 -2.56462E+01
  3.90000E+01  2.98585E+02 -2.56028E+01
  4.00000E+01  2.98569E+02 -2.53136E+01
  4.10000E+01  2.98650E+02 -2.50525E+01
  4.20000E+01  2.98614E+02 -2.55483E+01
  4.30000E+01  2.98488E+02 -2.60479E+01
  4.40000E+01  2.98433E+02 -2.58192E+01
  4.50000E+01  2.98478E+02 -2.55636E+01
  4.60000E+01  2.98514E+02 -2.59930E+01
  4.70000E+01  2.98478E+02 -2.54598E+01
  4.80000E+01  2.98461E+02 -2.64374E+01
  4.90000E+01  2.98427E+02 -2.57678E+01
