 Year Ts CRF
  0.00000E+00  2.97086E+02 -2.78456E+01
  1.00000E+00  2.97009E+02 -2.69887E+01
  2.00000E+00  2.97450E+02 -2.63643E+01
  3.00000E+00  2.97473E+02 -2.81175E+01
  4.00000E+00  2.97291E+02 -2.70513E+01
  5.00000E+00  2.97380E+02 -2.74015E+01
  6.00000E+00  2.97379E+02 -2.72316E+01
  7.00000E+00  2.97265E+02 -2.81465E+01
  8.00000E+00  2.97204E+02 -2.72162E+01
  9.00000E+00  2.97522E+02 -2.70674E+01
  1.00000E+01  2.97631E+02 -2.76615E+01
  1.10000E+01  2.97407E+02 -2.75717E+01
  1.20000E+01  2.97434E+02 -2.72197E+01
  1.30000E+01  2.97573E+02 -2.75243E+01
  1.40000E+01  2.97715E+02 -2.71913E+01
  1.50000E+01  2.97512E+02 -2.70173E+01
  1.60000E+01  2.97593E+02 -2.70368E+01
  1.70000E+01  2.97659E+02 -2.70449E+01
  1.80000E+01  2.97824E+02 -2.68357E+01
  1.90000E+01  2.97814E+02 -2.75337E+01
  2.00000E+01  2.97746E+02 -2.80811E+01
  2.10000E+01  2.97623E+02 -2.68776E+01
  2.20000E+01  2.98120E+02 -2.71683E+01
  2.30000E+01  2.97750E+02 -2.82614E+01
  2.40000E+01  2.97559E+02 -2.77736E+01
  2.50000E+01  2.97788E+02 -2.73503E+01
  2.60000E+01  2.97636E+02 -2.83213E+01
  2.70000E+01  2.97489E+02 -2.73159E+01
  2.80000E+01  2.97559E+02 -2.75650E+01
  2.90000E+01  2.97723E+02 -2.72997E+01
  3.00000E+01  2.98033E+02 -2.67629E+01
  3.10000E+01  2.98031E+02 -2.72737E+01
  3.20000E+01  2.97736E+02 -2.73452E+01
  3.30000E+01  2.98032E+02 -2.71932E+01
  3.40000E+01  2.97718E+02 -2.87501E+01
  3.50000E+01  2.97652E+02 -2.68563E+01
  3.60000E+01  2.98175E+02 -2.71502E+01
  3.70000E+01  2.98088E+02 -2.80523E+01
  3.80000E+01  2.97820E+02 -2.72903E+01
  3.90000E+01  2.97978E+02 -2.78187E+01
  4.00000E+01  2.98012E+02 -2.76500E+01
  4.10000E+01  2.98049E+02 -2.78181E+01
  4.20000E+01  2.98077E+02 -2.73193E+01
  4.30000E+01  2.98138E+02 -2.80604E+01
  4.40000E+01  2.98018E+02 -2.66753E+01
  4.50000E+01  2.98563E+02 -2.72654E+01
  4.60000E+01  2.98140E+02 -2.92362E+01
  4.70000E+01  2.97885E+02 -2.73596E+01
  4.80000E+01  2.98075E+02 -2.80972E+01
  4.90000E+01  2.98276E+02 -2.64206E+01
  5.00000E+01  2.98418E+02 -2.81406E+01
  5.10000E+01  2.98152E+02 -2.73735E+01
  5.20000E+01  2.98200E+02 -2.77767E+01
  5.30000E+01  2.98432E+02 -2.71412E+01
  5.40000E+01  2.98571E+02 -2.79218E+01
  5.50000E+01  2.98196E+02 -2.73789E+01
  5.60000E+01  2.98414E+02 -2.73018E+01
  5.70000E+01  2.98612E+02 -2.75229E+01
  5.80000E+01  2.98519E+02 -2.78430E+01
  5.90000E+01  2.98562E+02 -2.68521E+01
  6.00000E+01  2.98612E+02 -2.87572E+01
  6.10000E+01  2.98329E+02 -2.73932E+01
  6.20000E+01  2.98506E+02 -2.80334E+01
  6.30000E+01  2.98555E+02 -2.78133E+01
  6.40000E+01  2.98663E+02 -2.72155E+01
  6.50000E+01  2.98530E+02 -2.75666E+01
  6.60000E+01  2.98772E+02 -2.68833E+01
  6.70000E+01  2.98873E+02 -2.81289E+01
  6.80000E+01  2.98353E+02 -2.77668E+01
  6.90000E+01  2.98800E+02 -2.72522E+01
  7.00000E+01  2.98849E+02 -2.81995E+01
  7.10000E+01  2.98734E+02 -2.71423E+01
  7.20000E+01  2.98951E+02 -2.70408E+01
  7.30000E+01  2.98945E+02 -2.78714E+01
  7.40000E+01  2.98553E+02 -2.79102E+01
  7.50000E+01  2.98725E+02 -2.76412E+01
  7.60000E+01  2.98858E+02 -2.77759E+01
  7.70000E+01  2.98620E+02 -2.78804E+01
  7.80000E+01  2.98802E+02 -2.70059E+01
  7.90000E+01  2.99054E+02 -2.76502E+01
  8.00000E+01  2.98655E+02 -2.77383E+01
  8.10000E+01  2.98847E+02 -2.67325E+01
  8.20000E+01  2.98983E+02 -2.80217E+01
  8.30000E+01  2.98777E+02 -2.71898E+01
  8.40000E+01  2.99080E+02 -2.71919E+01
  8.50000E+01  2.98971E+02 -2.76046E+01
  8.60000E+01  2.98869E+02 -2.75153E+01
  8.70000E+01  2.98780E+02 -2.88193E+01
  8.80000E+01  2.98702E+02 -2.70100E+01
  8.90000E+01  2.98789E+02 -2.81670E+01
  9.00000E+01  2.98815E+02 -2.75554E+01
  9.10000E+01  2.99010E+02 -2.78130E+01
  9.20000E+01  2.98817E+02 -2.72719E+01
  9.30000E+01  2.99026E+02 -2.63573E+01
  9.40000E+01  2.99238E+02 -2.70284E+01
  9.50000E+01  2.99027E+02 -2.77892E+01
  9.60000E+01  2.98696E+02 -2.72791E+01
  9.70000E+01  2.98863E+02 -2.73062E+01
  9.80000E+01  2.98874E+02 -2.75033E+01
  9.90000E+01  2.98914E+02 -2.77495E+01
  1.00000E+02  2.99061E+02 -2.75129E+01
  1.01000E+02  2.98729E+02 -2.89082E+01
  1.02000E+02  2.98686E+02 -2.70248E+01
  1.03000E+02  2.98989E+02 -2.78698E+01
  1.04000E+02  2.98959E+02 -2.74270E+01
  1.05000E+02  2.98695E+02 -2.77403E+01
  1.06000E+02  2.98793E+02 -2.75347E+01
  1.07000E+02  2.98979E+02 -2.68418E+01
  1.08000E+02  2.99026E+02 -2.73182E+01
  1.09000E+02  2.99142E+02 -2.68227E+01
  1.10000E+02  2.99079E+02 -2.76780E+01
  1.11000E+02  2.98570E+02 -2.73193E+01
  1.12000E+02  2.99097E+02 -2.64126E+01
  1.13000E+02  2.99232E+02 -2.80927E+01
  1.14000E+02  2.98796E+02 -2.78009E+01
  1.15000E+02  2.98914E+02 -2.76523E+01
  1.16000E+02  2.99186E+02 -2.69398E+01
  1.17000E+02  2.98957E+02 -2.81448E+01
  1.18000E+02  2.98736E+02 -2.68246E+01
  1.19000E+02  2.99258E+02 -2.68587E+01
  1.20000E+02  2.98880E+02 -2.85603E+01
  1.21000E+02  2.98719E+02 -2.70891E+01
  1.22000E+02  2.99137E+02 -2.61574E+01
  1.23000E+02  2.99251E+02 -2.78987E+01
  1.24000E+02  2.99106E+02 -2.64529E+01
  1.25000E+02  2.99224E+02 -2.70455E+01
  1.26000E+02  2.99349E+02 -2.66740E+01
  1.27000E+02  2.99326E+02 -2.76451E+01
  1.28000E+02  2.99102E+02 -2.79238E+01
  1.29000E+02  2.99061E+02 -2.67861E+01
  1.30000E+02  2.99188E+02 -2.87051E+01
  1.31000E+02  2.98726E+02 -2.72497E+01
  1.32000E+02  2.99122E+02 -2.72725E+01
  1.33000E+02  2.99109E+02 -2.75308E+01
  1.34000E+02  2.99313E+02 -2.71097E+01
  1.35000E+02  2.99090E+02 -2.69865E+01
  1.36000E+02  2.99111E+02 -2.75286E+01
  1.37000E+02  2.99081E+02 -2.72517E+01
  1.38000E+02  2.99203E+02 -2.71965E+01
  1.39000E+02  2.99103E+02 -2.70907E+01
  1.40000E+02  2.99167E+02 -2.71382E+01
  1.41000E+02  2.99013E+02 -2.65899E+01
  1.42000E+02  2.99189E+02 -2.75328E+01
  1.43000E+02  2.99076E+02 -2.75315E+01
  1.44000E+02  2.98984E+02 -2.69185E+01
  1.45000E+02  2.99235E+02 -2.68834E+01
  1.46000E+02  2.99203E+02 -2.81030E+01
  1.47000E+02  2.98856E+02 -2.69533E+01
  1.48000E+02  2.99104E+02 -2.70187E+01
  1.49000E+02  2.99340E+02 -2.71193E+01
  1.50000E+02  2.99107E+02 -2.79690E+01
  1.51000E+02  2.98974E+02 -2.68510E+01
  1.52000E+02  2.99134E+02 -2.71069E+01
  1.53000E+02  2.99142E+02 -2.73340E+01
  1.54000E+02  2.99106E+02 -2.73448E+01
  1.55000E+02  2.99406E+02 -2.67667E+01
  1.56000E+02  2.99449E+02 -2.69013E+01
  1.57000E+02  2.99367E+02 -2.70418E+01
  1.58000E+02  2.99253E+02 -2.73315E+01
  1.59000E+02  2.99190E+02 -2.72405E+01
  1.60000E+02  2.98828E+02 -2.75006E+01
  1.61000E+02  2.99156E+02 -2.70490E+01
  1.62000E+02  2.99010E+02 -2.82778E+01
  1.63000E+02  2.98970E+02 -2.70836E+01
  1.64000E+02  2.99181E+02 -2.71374E+01
  1.65000E+02  2.99345E+02 -2.67217E+01
  1.66000E+02  2.99169E+02 -2.72342E+01
  1.67000E+02  2.99253E+02 -2.70263E+01
  1.68000E+02  2.99279E+02 -2.72692E+01
  1.69000E+02  2.99208E+02 -2.69673E+01
  1.70000E+02  2.99468E+02 -2.73815E+01
  1.71000E+02  2.99162E+02 -2.67468E+01
  1.72000E+02  2.99260E+02 -2.70764E+01
  1.73000E+02  2.99270E+02 -2.72225E+01
  1.74000E+02  2.99228E+02 -2.70073E+01
  1.75000E+02  2.99327E+02 -2.74135E+01
  1.76000E+02  2.99162E+02 -2.73585E+01
  1.77000E+02  2.99205E+02 -2.72379E+01
  1.78000E+02  2.99423E+02 -2.64641E+01
  1.79000E+02  2.99463E+02 -2.76889E+01
  1.80000E+02  2.99259E+02 -2.68011E+01
  1.81000E+02  2.99264E+02 -2.80020E+01
  1.82000E+02  2.99056E+02 -2.70063E+01
  1.83000E+02  2.99309E+02 -2.73217E+01
  1.84000E+02  2.99277E+02 -2.70743E+01
  1.85000E+02  2.99345E+02 -2.71176E+01
  1.86000E+02  2.99217E+02 -2.75259E+01
  1.87000E+02  2.99242E+02 -2.69681E+01
  1.88000E+02  2.99329E+02 -2.69480E+01
  1.89000E+02  2.99282E+02 -2.72857E+01
  1.90000E+02  2.99299E+02 -2.71601E+01
  1.91000E+02  2.99144E+02 -2.68651E+01
  1.92000E+02  2.99195E+02 -2.74332E+01
  1.93000E+02  2.99464E+02 -2.67574E+01
  1.94000E+02  2.99126E+02 -2.81449E+01
  1.95000E+02  2.98943E+02 -2.69607E+01
  1.96000E+02  2.99288E+02 -2.68510E+01
  1.97000E+02  2.99453E+02 -2.74009E+01
  1.98000E+02  2.99188E+02 -2.62416E+01
  1.99000E+02  2.99278E+02 -2.77668E+01
  2.00000E+02  2.99072E+02 -2.73920E+01
  2.01000E+02  2.99349E+02 -2.63028E+01
  2.02000E+02  2.99475E+02 -2.71302E+01
  2.03000E+02  2.99277E+02 -2.77919E+01
  2.04000E+02  2.99168E+02 -2.70234E+01
  2.05000E+02  2.99490E+02 -2.64647E+01
  2.06000E+02  2.99443E+02 -2.71437E+01
  2.07000E+02  2.99294E+02 -2.72822E+01
  2.08000E+02  2.99422E+02 -2.68419E+01
  2.09000E+02  2.99292E+02 -2.77809E+01
  2.10000E+02  2.99468E+02 -2.63523E+01
  2.11000E+02  2.99563E+02 -2.73988E+01
  2.12000E+02  2.99238E+02 -2.70126E+01
  2.13000E+02  2.99289E+02 -2.68672E+01
  2.14000E+02  2.99463E+02 -2.82392E+01
  2.15000E+02  2.99147E+02 -2.65393E+01
  2.16000E+02  2.99487E+02 -2.68764E+01
  2.17000E+02  2.99527E+02 -2.71407E+01
  2.18000E+02  2.99206E+02 -2.71674E+01
  2.19000E+02  2.99324E+02 -2.66690E+01
  2.20000E+02  2.99520E+02 -2.67594E+01
  2.21000E+02  2.99507E+02 -2.71116E+01
  2.22000E+02  2.99589E+02 -2.64132E+01
  2.23000E+02  2.99415E+02 -2.75147E+01
  2.24000E+02  2.99284E+02 -2.74300E+01
  2.25000E+02  2.99352E+02 -2.71727E+01
  2.26000E+02  2.99340E+02 -2.70266E+01
  2.27000E+02  2.99444E+02 -2.72266E+01
  2.28000E+02  2.99259E+02 -2.73885E+01
  2.29000E+02  2.99140E+02 -2.67886E+01
  2.30000E+02  2.99602E+02 -2.72882E+01
  2.31000E+02  2.99406E+02 -2.69423E+01
  2.32000E+02  2.99311E+02 -2.79292E+01
  2.33000E+02  2.99129E+02 -2.70647E+01
  2.34000E+02  2.99335E+02 -2.72421E+01
  2.35000E+02  2.99234E+02 -2.70088E+01
  2.36000E+02  2.99380E+02 -2.72332E+01
  2.37000E+02  2.99320E+02 -2.69203E+01
  2.38000E+02  2.99458E+02 -2.70962E+01
  2.39000E+02  2.99126E+02 -2.73959E+01
  2.40000E+02  2.99250E+02 -2.60233E+01
  2.41000E+02  2.99548E+02 -2.80887E+01
  2.42000E+02  2.99044E+02 -2.78131E+01
  2.43000E+02  2.99284E+02 -2.65264E+01
  2.44000E+02  2.99321E+02 -2.78223E+01
  2.45000E+02  2.98979E+02 -2.76042E+01
  2.46000E+02  2.99341E+02 -2.73959E+01
  2.47000E+02  2.99320E+02 -2.73712E+01
  2.48000E+02  2.99419E+02 -2.71238E+01
  2.49000E+02  2.99341E+02 -2.69618E+01
  2.50000E+02  2.99470E+02 -2.74300E+01
  2.51000E+02  2.99293E+02 -2.69355E+01
  2.52000E+02  2.99240E+02 -2.69269E+01
  2.53000E+02  2.99336E+02 -2.77514E+01
  2.54000E+02  2.99150E+02 -2.68497E+01
  2.55000E+02  2.99476E+02 -2.74109E+01
  2.56000E+02  2.99542E+02 -2.71974E+01
  2.57000E+02  2.99328E+02 -2.76404E+01
  2.58000E+02  2.99122E+02 -2.70060E+01
  2.59000E+02  2.99460E+02 -2.68769E+01
  2.60000E+02  2.99355E+02 -2.72285E+01
  2.61000E+02  2.99242E+02 -2.69127E+01
  2.62000E+02  2.99558E+02 -2.66760E+01
  2.63000E+02  2.99448E+02 -2.80150E+01
  2.64000E+02  2.99253E+02 -2.73105E+01
  2.65000E+02  2.99238E+02 -2.77632E+01
  2.66000E+02  2.99103E+02 -2.71778E+01
  2.67000E+02  2.99279E+02 -2.67913E+01
  2.68000E+02  2.99591E+02 -2.70183E+01
  2.69000E+02  2.99406E+02 -2.74409E+01
  2.70000E+02  2.99387E+02 -2.77145E+01
  2.71000E+02  2.99276E+02 -2.70887E+01
  2.72000E+02  2.99353E+02 -2.71464E+01
  2.73000E+02  2.99509E+02 -2.67167E+01
  2.74000E+02  2.99418E+02 -2.70095E+01
  2.75000E+02  2.99350E+02 -2.70890E+01
  2.76000E+02  2.99361E+02 -2.68280E+01
  2.77000E+02  2.99124E+02 -2.78630E+01
  2.78000E+02  2.99228E+02 -2.74664E+01
  2.79000E+02  2.99383E+02 -2.67045E+01
