 Depth 10 30 50 70 90
  0.00000E+00  4.35215E-03  2.76776E-02  5.86722E-02  6.69362E-02  2.33124E-01
  4.00000E+01  3.48414E-03  2.05777E-02  4.88631E-02  5.44462E-02  1.84516E-01
  8.00000E+01  2.66564E-03  1.53514E-02  4.05015E-02  4.47657E-02  1.45667E-01
  1.20000E+02  1.97361E-03  1.15082E-02  3.33618E-02  3.71385E-02  1.14783E-01
  1.60000E+02  1.42405E-03  8.67113E-03  2.72868E-02  3.10197E-02  9.03501E-02
  2.00000E+02  1.00437E-03  6.56201E-03  2.21548E-02  2.60255E-02  7.11008E-02
  2.40000E+02  6.92973E-04  4.98122E-03  1.78582E-02  2.18886E-02  5.59826E-02
  2.80000E+02  4.67679E-04  3.78712E-03  1.42951E-02  1.84226E-02  4.41329E-02
  3.20000E+02  3.08608E-04  2.87925E-03  1.13686E-02  1.54954E-02  3.48545E-02
  3.60000E+02  1.99021E-04  2.18581E-03  8.98659E-03  1.30107E-02  2.75902E-02
  4.00000E+02  1.25386E-04  1.65484E-03  7.06435E-03  1.08967E-02  2.18988E-02
  4.40000E+02  7.71466E-05  1.24814E-03  5.52521E-03  9.09745E-03  1.74335E-02
  4.80000E+02  4.63443E-05  9.37128E-04  4.30154E-03  7.56807E-03  1.39231E-02
  5.20000E+02  2.71776E-05  7.00071E-04  3.33489E-03  6.27132E-03  1.11560E-02
  5.60000E+02  1.55567E-05  5.20187E-04  2.57564E-03  5.17554E-03  8.96793E-03
  6.00000E+02  8.69151E-06  3.84404E-04  1.98236E-03  4.25327E-03  7.23161E-03
  6.40000E+02  4.73969E-06  2.82499E-04  1.52090E-03  3.48042E-03  5.84836E-03
  6.80000E+02  2.52293E-06  2.06473E-04  1.16345E-03  2.83580E-03  4.74188E-03
  7.20000E+02  1.31099E-06  1.50093E-04  8.87596E-04  2.30071E-03  3.85316E-03
  7.60000E+02  6.65100E-07  1.08528E-04  6.75431E-04  1.85869E-03  3.13649E-03
  8.00000E+02  3.29475E-07  7.80616E-05  5.12749E-04  1.49535E-03  2.55641E-03
  8.40000E+02  1.59394E-07  5.58560E-05  3.88359E-04  1.19811E-03  2.08531E-03
  8.80000E+02  7.53172E-08  3.97600E-05  2.93494E-04  9.56123E-04  1.70164E-03
  9.20000E+02  3.47658E-08  2.81552E-05  2.21322E-04  7.60034E-04  1.38845E-03
  9.60000E+02  1.56783E-08  1.98331E-05  1.66539E-04  6.01868E-04  1.13234E-03
  1.00000E+03  6.90852E-09  1.38965E-05  1.25046E-04  4.74860E-04  9.22672E-04
  1.04000E+03  2.97473E-09  9.68404E-06  9.36874E-05  3.73314E-04  7.50930E-04
  1.08000E+03  1.25175E-09  6.71106E-06  7.00366E-05  2.92467E-04  6.10247E-04
  1.12000E+03  5.14773E-10  4.62426E-06  5.22367E-05  2.28360E-04  4.95059E-04
  1.16000E+03  2.06896E-10  3.16767E-06  3.88687E-05  1.77728E-04  4.00831E-04
  1.20000E+03  8.12693E-11  2.15679E-06  2.88509E-05  1.37888E-04  3.23849E-04
  1.24000E+03  3.11984E-11  1.45937E-06  2.13606E-05  1.06655E-04  2.61057E-04
  1.28000E+03  1.17045E-11  9.81153E-07  1.57732E-05  8.22544E-05  2.09939E-04
  1.32000E+03  4.29111E-12  6.55300E-07  1.16153E-05  6.32564E-05  1.68412E-04
  1.36000E+03  1.53727E-12  4.34711E-07  8.52902E-06  4.85127E-05  1.34756E-04
  1.40000E+03  5.38098E-13  2.86381E-07  6.24431E-06  3.71062E-05  1.07546E-04
  1.44000E+03  1.84021E-13  1.87329E-07  4.55766E-06  2.83082E-05  8.56051E-05
  1.48000E+03  6.14787E-14  1.21651E-07  3.31610E-06  2.15417E-05  6.79603E-05
  1.52000E+03  2.00628E-14  7.84182E-08  2.40494E-06  1.63523E-05  5.38094E-05
  1.56000E+03  6.39475E-15  5.01718E-08  1.73834E-06  1.23831E-05  4.24922E-05
  1.60000E+03  1.99053E-15  3.18561E-08  1.25222E-06  9.35524E-06  3.34667E-05
  1.64000E+03  6.05037E-16  2.00713E-08  8.98906E-07  7.05128E-06  2.62892E-05
  1.68000E+03  1.79560E-16  1.25479E-08  6.42990E-07  5.30254E-06  2.05973E-05
  1.72000E+03  5.20235E-17  7.78294E-09  4.58271E-07  3.97842E-06  1.60963E-05
  1.76000E+03  1.47130E-17  4.78925E-09  3.25420E-07  2.97822E-06  1.25469E-05
  1.80000E+03  4.06121E-18  2.92360E-09  2.30221E-07  2.22447E-06  9.75564E-06
  1.84000E+03  1.09398E-18  1.77040E-09  1.62258E-07  1.65775E-06  7.56655E-06
  1.88000E+03  2.87546E-19  1.06344E-09  1.13921E-07  1.23263E-06  5.85434E-06
  1.92000E+03  7.37373E-20  6.33617E-10  7.96747E-08  9.14466E-07  4.51868E-06
  1.96000E+03  1.84455E-20  3.74455E-10  5.55056E-08  6.76883E-07  3.47948E-06
  2.00000E+03  4.50046E-21  2.19493E-10  3.85155E-08  4.99878E-07  2.67301E-06
  2.04000E+03  1.07083E-21  1.27609E-10  2.66195E-08  3.68307E-07  2.04874E-06
  2.08000E+03  2.48438E-22  7.35826E-11  1.83237E-08  2.70733E-07  1.56669E-06
  2.12000E+03  5.61927E-23  4.20818E-11  1.25620E-08  1.98538E-07  1.19539E-06
  2.16000E+03  1.23890E-23  2.38691E-11  8.57663E-09  1.45246E-07  9.10065E-07
  2.20000E+03  2.66205E-24  1.34275E-11  5.83144E-09  1.06002E-07  6.91334E-07
  2.24000E+03  5.57370E-25  7.49150E-12  3.94837E-09  7.71708E-08  5.24042E-07
  2.28000E+03  1.13695E-25  4.14529E-12  2.66212E-09  5.60416E-08  3.96385E-07
  2.32000E+03  2.25906E-26  2.27484E-12  1.78726E-09  4.05947E-08  2.99192E-07
  2.36000E+03  4.37138E-27  1.23810E-12  1.19477E-09  2.93303E-08  2.25359E-07
  2.40000E+03  8.23623E-28  6.68293E-13  7.95241E-10  2.11367E-08  1.69393E-07
  2.44000E+03  1.51066E-28  3.57755E-13  5.27010E-10  1.51920E-08  1.27064E-07
  2.48000E+03  2.69672E-29  1.89938E-13  3.47719E-10  1.08902E-08  9.51171E-08
  2.52000E+03  4.68425E-30  1.00010E-13  2.28408E-10  7.78552E-09  7.10572E-08
  2.56000E+03  7.91545E-31  5.22253E-14  1.49367E-10  5.55080E-09  5.29754E-08
  2.60000E+03  1.30087E-31  2.70474E-14  9.72396E-11  3.94663E-09  3.94148E-08
  2.64000E+03  2.07877E-32  1.38923E-14  6.30178E-11  2.79825E-09  2.92661E-08
  2.68000E+03  3.22904E-33  7.07675E-15  4.06538E-11  1.97845E-09  2.16865E-08
  2.72000E+03  4.87431E-34  3.57519E-15  2.61063E-11  1.39485E-09  1.60375E-08
  2.76000E+03  7.14819E-35  1.79132E-15  1.66872E-11  9.80584E-10  1.18359E-08
  2.80000E+03  1.01810E-35  8.90136E-16  1.06170E-11  6.87361E-10  8.71730E-09
  2.84000E+03  1.40784E-36  4.38681E-16  6.72338E-12  4.80415E-10  6.40733E-09
  2.88000E+03  1.88945E-37  2.14414E-16  4.23774E-12  3.34789E-10  4.69984E-09
  2.92000E+03  2.46030E-38  1.03936E-16  2.65846E-12  2.32614E-10  3.44030E-09
  2.96000E+03  3.10702E-39  4.99684E-17  1.65983E-12  1.61140E-10  2.51310E-09
  3.00000E+03  3.80396E-40  2.38252E-17  1.03140E-12  1.11292E-10  1.83199E-09
  3.04000E+03  4.51330E-41  1.12666E-17  6.37844E-13  7.66322E-11  1.33268E-09
  3.08000E+03  5.18901E-42  5.28399E-18  3.92566E-13  5.26057E-11  9.67421E-10
  3.12000E+03  5.78736E-43  2.45781E-18  2.40446E-13  3.60016E-11  7.00786E-10
  3.16000E+03  6.30584E-44  1.13384E-18  1.46562E-13  2.45623E-11  5.06558E-10
  3.20000E+03  7.00649E-45  5.18767E-19  8.89029E-14  1.67059E-11  3.65377E-10
  3.24000E+03  0.00000E+00  2.35403E-19  5.36658E-14  1.13270E-11  2.62974E-10
  3.28000E+03  0.00000E+00  1.05943E-19  3.22373E-14  7.65587E-12  1.88859E-10
  3.32000E+03  0.00000E+00  4.72879E-20  1.92706E-14  5.15828E-12  1.35334E-10
  3.36000E+03  0.00000E+00  2.09339E-20  1.14631E-14  3.46448E-12  9.67644E-11
  3.40000E+03  0.00000E+00  9.19118E-21  6.78538E-15  2.31945E-12  6.90318E-11
  3.44000E+03  0.00000E+00  4.00234E-21  3.99676E-15  1.54789E-12  4.91355E-11
  3.48000E+03  0.00000E+00  1.72854E-21  2.34261E-15  1.02966E-12  3.48926E-11
  3.52000E+03  0.00000E+00  7.40399E-22  1.36630E-15  6.82701E-13  2.47191E-11
  3.56000E+03  0.00000E+00  3.14540E-22  7.92941E-16  4.51164E-13  1.74678E-11
  3.60000E+03  0.00000E+00  1.32528E-22  4.57911E-16  2.97146E-13  1.23101E-11
  3.64000E+03  0.00000E+00  5.53814E-23  2.63121E-16  1.95015E-13  8.64828E-12
  3.68000E+03  0.00000E+00  2.29531E-23  1.50431E-16  1.27493E-13  6.05251E-12
  3.72000E+03  0.00000E+00  9.43497E-24  8.55582E-17  8.29703E-14  4.21408E-12
  3.76000E+03  0.00000E+00  3.84640E-24  4.83868E-17  5.36679E-14  2.91167E-12
  3.80000E+03  0.00000E+00  1.55506E-24  2.71742E-17  3.43880E-14  1.98681E-12
  3.84000E+03  0.00000E+00  6.23182E-25  1.50952E-17  2.16629E-14  1.32603E-12
  3.88000E+03  0.00000E+00  2.46852E-25  8.19594E-18  1.31787E-14  8.47988E-13
  3.92000E+03  0.00000E+00  9.50382E-26  4.18534E-18  7.38606E-15  4.94129E-13
  3.96000E+03  0.00000E+00  3.17913E-26  1.72335E-18  3.23568E-15  2.21927E-13
  4.00000E+03  0.00000E+00  0.00000E+00  0.00000E+00  0.00000E+00  0.00000E+00
