 Depth 10 30 50 70 90
  0.00000E+00 -7.24418E-02 -2.50477E-02  1.41111E-01  5.24056E-02  2.95247E-01
  4.00000E+01 -7.07109E-02 -3.63717E-02  1.14296E-01  5.81844E-02  2.32780E-01
  8.00000E+01 -6.61673E-02 -4.34379E-02  9.06926E-02  6.42589E-02  1.84929E-01
  1.20000E+02 -5.94729E-02 -4.70468E-02  7.02713E-02  6.79656E-02  1.49266E-01
  1.60000E+02 -5.14816E-02 -4.80053E-02  5.28511E-02  6.87911E-02  1.23005E-01
  2.00000E+02 -4.30262E-02 -4.70641E-02  3.81737E-02  6.71146E-02  1.03632E-01
  2.40000E+02 -3.47875E-02 -4.48660E-02  2.59544E-02  6.35231E-02  8.90742E-02
  2.80000E+02 -2.72459E-02 -4.19157E-02  1.59133E-02  5.85656E-02  7.77522E-02
  3.20000E+02 -2.06870E-02 -3.85767E-02  7.78866E-03  5.27101E-02  6.85451E-02
  3.60000E+02 -1.52318E-02 -3.50898E-02  1.33960E-03  4.63550E-02  6.07116E-02
  4.00000E+02 -1.08769E-02 -3.16033E-02 -3.65533E-03  3.98385E-02  5.37975E-02
  4.40000E+02 -7.53257E-03 -2.82045E-02 -7.40068E-03  3.34387E-02  4.75478E-02
  4.80000E+02 -5.05889E-03 -2.49454E-02 -1.00856E-02  2.73701E-02  4.18331E-02
  5.20000E+02 -3.29492E-03 -2.18600E-02 -1.18842E-02  2.17834E-02  3.65944E-02
  5.60000E+02 -2.08132E-03 -1.89739E-02 -1.29549E-02  1.67707E-02  3.18053E-02
  6.00000E+02 -1.27524E-03 -1.63074E-02 -1.34401E-02  1.23747E-02  2.74502E-02
  6.40000E+02 -7.57997E-04 -1.38760E-02 -1.34659E-02  8.59942E-03  2.35129E-02
  6.80000E+02 -4.37169E-04 -1.16889E-02 -1.31415E-02  5.42161E-03  1.99732E-02
  7.20000E+02 -2.44693E-04 -9.74884E-03 -1.25606E-02  2.80001E-03  1.68066E-02
  7.60000E+02 -1.32945E-04 -8.05138E-03 -1.18015E-02  6.82951E-04  1.39866E-02
  8.00000E+02 -7.01271E-05 -6.58603E-03 -1.09286E-02 -9.85952E-04  1.14864E-02
  8.40000E+02 -3.59208E-05 -5.33730E-03 -9.99368E-03 -2.26393E-03  9.28000E-03
  8.80000E+02 -1.78703E-05 -4.28621E-03 -9.03770E-03 -3.20644E-03  7.34340E-03
  9.20000E+02 -8.63610E-06 -3.41178E-03 -8.09182E-03 -3.86559E-03  5.65443E-03
  9.60000E+02 -4.05483E-06 -2.69238E-03 -7.17916E-03 -4.28919E-03  4.19269E-03
  1.00000E+03 -1.84996E-06 -2.10677E-03 -6.31601E-03 -4.52030E-03  2.93915E-03
  1.04000E+03 -8.20244E-07 -1.63488E-03 -5.51313E-03 -4.59713E-03  1.87579E-03
  1.08000E+03 -3.53485E-07 -1.25831E-03 -4.77682E-03 -4.55306E-03  9.85353E-04
  1.12000E+03 -1.48080E-07 -9.60626E-04 -4.10985E-03 -4.41690E-03  2.51130E-04
  1.16000E+03 -6.03063E-08 -7.27450E-04 -3.51231E-03 -4.21314E-03 -3.43076E-04
  1.20000E+03 -2.38786E-08 -5.46438E-04 -2.98229E-03 -3.96231E-03 -8.12942E-04
  1.24000E+03 -9.19334E-09 -4.07159E-04 -2.51646E-03 -3.68137E-03 -1.17354E-03
  1.28000E+03 -3.44179E-09 -3.00926E-04 -2.11051E-03 -3.38406E-03 -1.43923E-03
  1.32000E+03 -1.25306E-09 -2.20602E-04 -1.75958E-03 -3.08134E-03 -1.62353E-03
  1.36000E+03 -4.43668E-10 -1.60396E-04 -1.45850E-03 -2.78169E-03 -1.73906E-03
  1.40000E+03 -1.52779E-10 -1.15660E-04 -1.20206E-03 -2.49153E-03 -1.79738E-03
  1.44000E+03 -5.11687E-11 -8.27088E-05 -9.85160E-04 -2.21550E-03 -1.80900E-03
  1.48000E+03 -1.66685E-11 -5.86506E-05 -8.02938E-04 -1.95676E-03 -1.78332E-03
  1.52000E+03 -5.28140E-12 -4.12399E-05 -6.50849E-04 -1.71730E-03 -1.72865E-03
  1.56000E+03 -1.62769E-12 -2.87516E-05 -5.24717E-04 -1.49812E-03 -1.65221E-03
  1.60000E+03 -4.87945E-13 -1.98737E-05 -4.20764E-04 -1.29947E-03 -1.56021E-03
  1.64000E+03 -1.42283E-13 -1.36191E-05 -3.35614E-04 -1.12102E-03 -1.45788E-03
  1.68000E+03 -4.03572E-14 -9.25229E-06 -2.66283E-04 -9.62029E-04 -1.34959E-03
  1.72000E+03 -1.11347E-14 -6.23107E-06 -2.10167E-04 -8.21424E-04 -1.23889E-03
  1.76000E+03 -2.98838E-15 -4.15981E-06 -1.65012E-04 -6.97947E-04 -1.12860E-03
  1.80000E+03 -7.80178E-16 -2.75275E-06 -1.28886E-04 -5.90223E-04 -1.02094E-03
  1.84000E+03 -1.98137E-16 -1.80565E-06 -1.00150E-04 -4.96825E-04 -9.17567E-04
  1.88000E+03 -4.89515E-17 -1.17398E-06 -7.74201E-05 -4.16323E-04 -8.19676E-04
  1.92000E+03 -1.17657E-17 -7.56556E-07 -5.95422E-05 -3.47329E-04 -7.28072E-04
  1.96000E+03 -2.75135E-18 -4.83247E-07 -4.55586E-05 -2.88516E-04 -6.43239E-04
  2.00000E+03 -6.26036E-19 -3.05942E-07 -3.46813E-05 -2.38645E-04 -5.65398E-04
  2.04000E+03 -1.38622E-19 -1.91976E-07 -2.62668E-05 -1.96570E-04 -4.94566E-04
  2.08000E+03 -2.98758E-20 -1.19396E-07 -1.97929E-05 -1.61247E-04 -4.30598E-04
  2.12000E+03 -6.26843E-21 -7.35976E-08 -1.48390E-05 -1.31733E-04 -3.73230E-04
  2.16000E+03 -1.28078E-21 -4.49644E-08 -1.10686E-05 -1.07189E-04 -3.22112E-04
  2.20000E+03 -2.54928E-22 -2.72273E-08 -8.21456E-06 -8.68716E-05 -2.76838E-04
  2.24000E+03 -4.94514E-23 -1.63407E-08 -6.06562E-06 -7.01279E-05 -2.36967E-04
  2.28000E+03 -9.35367E-24 -9.71995E-09 -4.45622E-06 -5.63905E-05 -2.02042E-04
  2.32000E+03 -1.72619E-24 -5.73044E-09 -3.25732E-06 -4.51685E-05 -1.71606E-04
  2.36000E+03 -3.11030E-25 -3.34844E-09 -2.36895E-06 -3.60406E-05 -1.45210E-04
  2.40000E+03 -5.47584E-26 -1.93923E-09 -1.71416E-06 -2.86474E-05 -1.22425E-04
  2.44000E+03 -9.42737E-27 -1.11313E-09 -1.23409E-06 -2.26843E-05 -1.02846E-04
  2.48000E+03 -1.58849E-27 -6.33285E-10 -8.83983E-07 -1.78946E-05 -8.60951E-05
  2.52000E+03 -2.62169E-28 -3.57096E-10 -6.29994E-07 -1.40631E-05 -7.18232E-05
  2.56000E+03 -4.24126E-29 -1.99576E-10 -4.46709E-07 -1.10105E-05 -5.97134E-05
  2.60000E+03 -6.72939E-30 -1.10552E-10 -3.15141E-07 -8.58843E-06 -4.94790E-05
  2.64000E+03 -1.04758E-30 -6.06967E-11 -2.21195E-07 -6.67423E-06 -4.08633E-05
  2.68000E+03 -1.60021E-31 -3.30296E-11 -1.54467E-07 -5.16743E-06 -3.36376E-05
  2.72000E+03 -2.39818E-32 -1.78149E-11 -1.07320E-07 -3.98603E-06 -2.76002E-05
  2.76000E+03 -3.52456E-33 -9.52370E-12 -7.41830E-08 -3.06339E-06 -2.25742E-05
  2.80000E+03 -5.07622E-34 -5.04630E-12 -5.10164E-08 -2.34564E-06 -1.84050E-05
  2.84000E+03 -7.15791E-35 -2.65024E-12 -3.49052E-08 -1.78947E-06 -1.49588E-05
  2.88000E+03 -9.87114E-36 -1.37958E-12 -2.37599E-08 -1.36017E-06 -1.21201E-05
  2.92000E+03 -1.32973E-36 -7.11796E-13 -1.60905E-08 -1.03008E-06 -9.78984E-06
  2.96000E+03 -1.74754E-37 -3.64011E-13 -1.08408E-08 -7.77247E-07 -7.88339E-06
  3.00000E+03 -2.23779E-38 -1.84512E-13 -7.26636E-09 -5.84331E-07 -6.32890E-06
  3.04000E+03 -2.78871E-39 -9.27021E-14 -4.84545E-09 -4.37697E-07 -5.06557E-06
  3.08000E+03 -3.37810E-40 -4.61644E-14 -3.21448E-09 -3.26667E-07 -4.04224E-06
  3.12000E+03 -3.97324E-41 -2.27867E-14 -2.12150E-09 -2.42914E-07 -3.21599E-06
  3.16000E+03 -4.53320E-42 -1.11483E-14 -1.39293E-09 -1.79978E-07 -2.55102E-06
  3.20000E+03 -5.01665E-43 -5.40628E-15 -9.09849E-10 -1.32864E-07 -2.01754E-06
  3.24000E+03 -5.32493E-44 -2.59863E-15 -5.91231E-10 -9.77270E-08 -1.59092E-06
  3.28000E+03 -4.20390E-45 -1.23809E-15 -3.82201E-10 -7.16215E-08 -1.25082E-06
  3.32000E+03  0.00000E+00 -5.84683E-16 -2.45795E-10 -5.22989E-08 -9.80535E-07
  3.36000E+03  0.00000E+00 -2.73685E-16 -1.57252E-10 -3.80508E-08 -7.66400E-07
  3.40000E+03  0.00000E+00 -1.26983E-16 -1.00084E-10 -2.75840E-08 -5.97268E-07
  3.44000E+03  0.00000E+00 -5.83986E-17 -6.33680E-11 -1.99236E-08 -4.64085E-07
  3.48000E+03  0.00000E+00 -2.66210E-17 -3.99131E-11 -1.43382E-08 -3.59523E-07
  3.52000E+03  0.00000E+00 -1.20286E-17 -2.50091E-11 -1.02809E-08 -2.77668E-07
  3.56000E+03  0.00000E+00 -5.38727E-18 -1.55889E-11 -7.34447E-09 -2.13765E-07
  3.60000E+03  0.00000E+00 -2.39161E-18 -9.66640E-12 -5.22694E-09 -1.64005E-07
  3.64000E+03  0.00000E+00 -1.05240E-18 -5.96260E-12 -3.70528E-09 -1.25340E-07
  3.68000E+03  0.00000E+00 -4.59029E-19 -3.65850E-12 -2.61533E-09 -9.53434E-08
  3.72000E+03  0.00000E+00 -1.98457E-19 -2.23252E-12 -1.83669E-09 -7.20800E-08
  3.76000E+03  0.00000E+00 -8.50465E-20 -1.35428E-12 -1.28127E-09 -5.40106E-08
  3.80000E+03  0.00000E+00 -3.61227E-20 -8.15532E-13 -8.84720E-10 -3.99072E-08
  3.84000E+03  0.00000E+00 -1.52004E-20 -4.85559E-13 -5.99967E-10 -2.87852E-08
  3.88000E+03  0.00000E+00 -6.32069E-21 -2.82390E-13 -3.92342E-10 -1.98467E-08
  3.92000E+03  0.00000E+00 -2.55592E-21 -1.54317E-13 -2.35905E-10 -1.24328E-08
  3.96000E+03  0.00000E+00 -9.00602E-22 -6.79006E-14 -1.10600E-10 -5.98304E-09
  4.00000E+03  0.00000E+00  0.00000E+00  0.00000E+00  0.00000E+00  0.00000E+00
