 Depth 10 30 50 70 90
  0.00000E+00  1.46870E-02  6.09977E-02  1.06299E-01  1.91442E-01  3.91700E-01
  4.00000E+01  1.01382E-02  4.76588E-02  8.82606E-02  1.55028E-01  3.18990E-01
  8.00000E+01  6.89585E-03  3.71187E-02  7.30124E-02  1.25725E-01  2.59342E-01
  1.20000E+02  4.61956E-03  2.88222E-02  6.01438E-02  1.02114E-01  2.10551E-01
  1.60000E+02  3.04643E-03  2.23091E-02  4.93233E-02  8.30526E-02  1.70750E-01
  2.00000E+02  1.97679E-03  1.72084E-02  4.02679E-02  6.76284E-02  1.38360E-01
  2.40000E+02  1.26159E-03  1.32243E-02  3.27286E-02  5.51196E-02  1.12050E-01
  2.80000E+02  7.91564E-04  1.01219E-02  2.64843E-02  4.49545E-02  9.07101E-02
  3.20000E+02  4.88076E-04  7.71454E-03  2.13392E-02  3.66788E-02  7.34206E-02
  3.60000E+02  2.95639E-04  5.85360E-03  1.71214E-02  2.99307E-02  5.94232E-02
  4.00000E+02  1.75853E-04  4.42083E-03  1.36810E-02  2.44209E-02  4.80967E-02
  4.40000E+02  1.02686E-04  3.32242E-03  1.08884E-02  1.99172E-02  3.89342E-02
  4.80000E+02  5.88434E-05  2.48414E-03  8.63223E-03  1.62331E-02  3.15229E-02
  5.20000E+02  3.30814E-05  1.84744E-03  6.81782E-03  1.32181E-02  2.55278E-02
  5.60000E+02  1.82408E-05  1.36632E-03  5.36505E-03  1.07502E-02  2.06774E-02
  6.00000E+02  9.86183E-06  1.00469E-03  4.20674E-03  8.73063E-03  1.67520E-02
  6.40000E+02  5.22654E-06  7.34415E-04  3.28695E-03  7.07883E-03  1.35740E-02
  6.80000E+02  2.71462E-06  5.33596E-04  2.55942E-03  5.72900E-03  1.10001E-02
  7.20000E+02  1.38147E-06  3.85290E-04  1.98615E-03  4.62724E-03  8.91459E-03
  7.60000E+02  6.88674E-07  2.76451E-04  1.53610E-03  3.72928E-03  7.22407E-03
  8.00000E+02  3.36232E-07  1.97086E-04  1.18405E-03  2.99869E-03  5.85323E-03
  8.40000E+02  1.60742E-07  1.39594E-04  9.09641E-04  2.40543E-03  4.74127E-03
  8.80000E+02  7.52326E-08  9.82225E-05  6.96493E-04  1.92472E-03  3.83910E-03
  9.20000E+02  3.44658E-08  6.86532E-05  5.31503E-04  1.53611E-03  3.10702E-03
  9.60000E+02  1.54527E-08  4.76638E-05  4.04229E-04  1.22274E-03  2.51298E-03
  1.00000E+03  6.77925E-09  3.28676E-05  3.06388E-04  9.70687E-04  2.03098E-03
  1.04000E+03  2.90973E-09  2.25101E-05  2.31432E-04  7.68496E-04  1.64000E-03
  1.08000E+03  1.22166E-09  1.53108E-05  1.74207E-04  6.06751E-04  1.32297E-03
  1.12000E+03  5.01668E-10  1.03420E-05  1.30671E-04  4.77724E-04  1.06604E-03
  1.16000E+03  2.01458E-10  6.93727E-06  9.76670E-05  3.75090E-04  8.57955E-04
  1.20000E+03  7.91042E-11  4.62090E-06  7.27356E-05  2.93686E-04  6.89570E-04
  1.24000E+03  3.03670E-11  3.05637E-06  5.39706E-05  2.29308E-04  5.53441E-04
  1.28000E+03  1.13955E-11  2.00730E-06  3.98986E-05  1.78542E-04  4.43510E-04
  1.32000E+03  4.17971E-12  1.30897E-06  2.93849E-05  1.38627E-04  3.54842E-04
  1.36000E+03  1.49823E-12  8.47518E-07  2.15595E-05  1.07336E-04  2.83422E-04
  1.40000E+03  5.24788E-13  5.44822E-07  1.57572E-05  8.28766E-05  2.25979E-04
  1.44000E+03  1.79600E-13  3.47724E-07  1.14716E-05  6.38128E-05  1.79849E-04
  1.48000E+03  6.00474E-14  2.20333E-07  8.31872E-06  4.89976E-05  1.42865E-04
  1.52000E+03  1.96109E-14  1.38604E-07  6.00834E-06  3.75174E-05  1.13267E-04
  1.56000E+03  6.25549E-15  8.65590E-08  4.32216E-06  2.86472E-05  8.96219E-05
  1.60000E+03  1.94866E-15  5.36636E-08  3.09656E-06  2.18133E-05  7.07690E-05
  1.64000E+03  5.92749E-16  3.30269E-08  2.20939E-06  1.65634E-05  5.57665E-05
  1.68000E+03  1.76040E-16  2.01774E-08  1.56987E-06  1.25419E-05  4.38520E-05
  1.72000E+03  5.10393E-17  1.22366E-08  1.11081E-06  9.47029E-06  3.44096E-05
  1.76000E+03  1.44443E-17  7.36624E-09  7.82689E-07  7.13088E-06  2.69422E-05
  1.80000E+03  3.98966E-18  4.40160E-09  5.49154E-07  5.35428E-06  2.10494E-05
  1.84000E+03  1.07538E-18  2.61063E-09  3.83659E-07  4.00895E-06  1.64094E-05
  1.88000E+03  2.82827E-19  1.53688E-09  2.66889E-07  2.99315E-06  1.27639E-05
  1.92000E+03  7.25695E-20  8.98016E-10  1.84859E-07  2.22837E-06  9.90615E-06
  1.96000E+03  1.81636E-20  5.20800E-10  1.27486E-07  1.65426E-06  7.67103E-06
  2.00000E+03  4.43405E-21  2.99771E-10  8.75365E-08  1.22453E-06  5.92686E-06
  2.04000E+03  1.05558E-21  1.71250E-10  5.98428E-08  9.03815E-07  4.56893E-06
  2.08000E+03  2.45021E-22  9.70927E-11  4.07306E-08  6.65160E-07  3.51413E-06
  2.12000E+03  5.54465E-23  5.46321E-11  2.76001E-08  4.88093E-07  2.69671E-06
  2.16000E+03  1.22302E-23  3.05075E-11  1.86197E-08  3.57110E-07  2.06471E-06
  2.20000E+03  2.62909E-24  1.69066E-11  1.25055E-08  2.60506E-07  1.57721E-06
  2.24000E+03  5.50707E-25  9.29789E-12  8.36155E-09  1.89470E-07  1.20206E-06
  2.28000E+03  1.12382E-25  5.07442E-12  5.56579E-09  1.37393E-07  9.14036E-07
  2.32000E+03  2.23388E-26  2.74824E-12  3.68821E-09  9.93309E-08  6.93427E-07
  2.36000E+03  4.32434E-27  1.47700E-12  2.43302E-09  7.15963E-08  5.24852E-07
  2.40000E+03  8.15065E-28  7.87693E-13  1.59777E-09  5.14490E-08  3.96340E-07
  2.44000E+03  1.49550E-28  4.16847E-13  1.04452E-09  3.68584E-08  2.98603E-07
  2.48000E+03  2.67060E-29  2.18894E-13  6.79745E-10  2.63247E-08  2.24446E-07
  2.52000E+03  4.64045E-30  1.14057E-13  4.40352E-10  1.87435E-08  1.68313E-07
  2.56000E+03  7.84400E-31  5.89700E-14  2.83971E-10  1.33042E-08  1.25925E-07
  2.60000E+03  1.28954E-31  3.02523E-14  1.82290E-10  9.41407E-09  9.39917E-08
  2.64000E+03  2.06129E-32  1.53991E-14  1.16484E-10  6.64059E-09  6.99923E-08
  2.68000E+03  3.20284E-33  7.77749E-15  7.40927E-11  4.66952E-09  5.19985E-08
  2.72000E+03  4.83615E-34  3.89745E-15  4.69128E-11  3.27316E-09  3.85397E-08
  2.76000E+03  7.09421E-35  1.93783E-15  2.95671E-11  2.28711E-09  2.84971E-08
  2.80000E+03  1.01068E-35  9.55954E-16  1.85491E-11  1.59305E-09  2.10215E-08
  2.84000E+03  1.39795E-36  4.67886E-16  1.15834E-11  1.10607E-09  1.54701E-08
  2.88000E+03  1.87666E-37  2.27206E-16  7.20008E-12  7.65505E-10  1.13577E-08
  2.92000E+03  2.44425E-38  1.09464E-16  4.45481E-12  5.28103E-10  8.31860E-09
  2.96000E+03  3.08749E-39  5.23222E-17  2.74352E-12  3.63154E-10  6.07811E-09
  3.00000E+03  3.78091E-40  2.48121E-17  1.68178E-12  2.48920E-10  4.43040E-09
  3.04000E+03  4.48682E-41  1.16733E-17  1.02615E-12  1.70068E-10  3.22159E-09
  3.08000E+03  5.15818E-42  5.44852E-18  6.23204E-13  1.15817E-10  2.33693E-09
  3.12000E+03  5.74532E-43  2.52294E-18  3.76726E-13  7.86158E-11  1.69110E-09
  3.16000E+03  6.16571E-44  1.15899E-18  2.26669E-13  5.31898E-11  1.22077E-09
  3.20000E+03  7.00649E-45  5.28184E-19  1.35747E-13  3.58696E-11  8.79103E-10
  3.24000E+03  0.00000E+00  2.38795E-19  8.09159E-14  2.41102E-11  6.31511E-10
  3.28000E+03  0.00000E+00  1.07100E-19  4.80068E-14  1.61528E-11  4.52537E-10
  3.32000E+03  0.00000E+00  4.76520E-20  2.83488E-14  1.07861E-11  3.23486E-10
  3.36000E+03  0.00000E+00  2.10324E-20  1.66620E-14  7.17870E-12  2.30664E-10
  3.40000E+03  0.00000E+00  9.20901E-21  9.74709E-15  4.76203E-12  1.64067E-10
  3.44000E+03  0.00000E+00  3.99988E-21  5.67517E-15  3.14846E-12  1.16404E-10
  3.48000E+03  0.00000E+00  1.72340E-21  3.28879E-15  2.07473E-12  8.23776E-11
  3.52000E+03  0.00000E+00  7.36593E-22  1.89689E-15  1.36261E-12  5.81455E-11
  3.56000E+03  0.00000E+00  3.12296E-22  1.08892E-15  8.91900E-13  4.09303E-11
  3.60000E+03  0.00000E+00  1.31341E-22  6.22147E-16  5.81793E-13  2.87284E-11
  3.64000E+03  0.00000E+00  5.47927E-23  3.53772E-16  3.78157E-13  2.00984E-11
  3.68000E+03  0.00000E+00  2.26742E-23  2.00200E-16  2.44851E-13  1.40058E-11
  3.72000E+03  0.00000E+00  9.30723E-24  1.12734E-16  1.57828E-13  9.70953E-12
  3.76000E+03  0.00000E+00  3.78949E-24  6.31405E-17  1.01136E-13  6.68016E-12
  3.80000E+03  0.00000E+00  1.53029E-24  3.51301E-17  6.42231E-14  4.53971E-12
  3.84000E+03  0.00000E+00  6.12617E-25  1.93432E-17  4.01214E-14  3.01855E-12
  3.88000E+03  0.00000E+00  2.42444E-25  1.04189E-17  2.42306E-14  1.92414E-12
  3.92000E+03  0.00000E+00  9.32680E-26  5.28553E-18  1.35020E-14  1.11842E-12
  3.96000E+03  0.00000E+00  3.11815E-26  2.16668E-18  5.89290E-15  5.01516E-13
  4.00000E+03  0.00000E+00  0.00000E+00  0.00000E+00  0.00000E+00  0.00000E+00
