 Depth 10 30 50 70 90
  0.00000E+00  4.87773E-03  3.14931E-02  7.18806E-02  8.49926E-02  2.78083E-01
  4.00000E+01  4.13467E-03  2.52282E-02  6.41670E-02  7.52687E-02  2.37549E-01
  8.00000E+01  3.35849E-03  2.02755E-02  5.69674E-02  6.72296E-02  2.02556E-01
  1.20000E+02  2.64332E-03  1.63652E-02  5.02414E-02  6.04430E-02  1.72535E-01
  1.60000E+02  2.02857E-03  1.32648E-02  4.39917E-02  5.45788E-02  1.46927E-01
  2.00000E+02  1.52204E-03  1.07877E-02  3.82391E-02  4.93976E-02  1.25187E-01
  2.40000E+02  1.11730E-03  8.79095E-03  3.30031E-02  4.47338E-02  1.06796E-01
  2.80000E+02  8.02359E-04  7.16773E-03  2.82921E-02  4.04768E-02  9.12730E-02
  3.20000E+02  5.63435E-04  5.83903E-03  2.41006E-02  3.65551E-02  7.81845E-02
  3.60000E+02  3.86729E-04  4.74615E-03  2.04104E-02  3.29236E-02  6.71482E-02
  4.00000E+02  2.59352E-04  3.84506E-03  1.71928E-02  2.95544E-02  5.78329E-02
  4.40000E+02  1.69884E-04  3.10200E-03  1.44116E-02  2.64308E-02  4.99559E-02
  4.80000E+02  1.08665E-04  2.49046E-03  1.20265E-02  2.35419E-02  4.32779E-02
  5.20000E+02  6.78622E-05  1.98898E-03  9.99526E-03  2.08802E-02  3.75981E-02
  5.60000E+02  4.13731E-05  1.57977E-03  8.27622E-03  1.84394E-02  3.27489E-02
  6.00000E+02  2.46229E-05  1.24773E-03  6.82943E-03  1.62125E-02  2.85913E-02
  6.40000E+02  1.43052E-05  9.79969E-04  5.61777E-03  1.41920E-02  2.50105E-02
  6.80000E+02  8.11343E-06  7.65392E-04  4.60752E-03  1.23692E-02  2.19124E-02
  7.20000E+02  4.49267E-06  5.94520E-04  3.76855E-03  1.07341E-02  1.92198E-02
  7.60000E+02  2.42907E-06  4.59293E-04  3.07431E-03  9.27563E-03  1.68696E-02
  8.00000E+02  1.28253E-06  3.52922E-04  2.50170E-03  7.98203E-03  1.48106E-02
  8.40000E+02  6.61376E-07  2.69741E-04  2.03084E-03  6.84095E-03  1.30006E-02
  8.80000E+02  3.33148E-07  2.05067E-04  1.64471E-03  5.83978E-03  1.14054E-02
  9.20000E+02  1.63943E-07  1.55066E-04  1.32888E-03  4.96592E-03  9.99674E-03
  9.60000E+02  7.88259E-08  1.16622E-04  1.07120E-03  4.20702E-03  8.75112E-03
  1.00000E+03  3.70346E-08  8.72282E-05  8.61457E-04  3.55114E-03  7.64897E-03
  1.04000E+03  1.70039E-08  6.48779E-05  6.91126E-04  2.98697E-03  6.67375E-03
  1.08000E+03  7.62987E-09  4.79783E-05  5.53120E-04  2.50386E-03  5.81128E-03
  1.12000E+03  3.34605E-09  3.52726E-05  4.41560E-04  2.09195E-03  5.04933E-03
  1.16000E+03  1.43418E-09  2.57756E-05  3.51588E-04  1.74222E-03  4.37714E-03
  1.20000E+03  6.00802E-10  1.87190E-05  2.79201E-04  1.44647E-03  3.78524E-03
  1.24000E+03  2.45983E-10  1.35080E-05  2.21105E-04  1.19732E-03  3.26513E-03
  1.28000E+03  9.84257E-11  9.68399E-06  1.74597E-04  9.88202E-04  2.80920E-03
  1.32000E+03  3.84874E-11  6.89608E-06  1.37464E-04  8.13306E-04  2.41055E-03
  1.36000E+03  1.47064E-11  4.87713E-06  1.07899E-04  6.67526E-04  2.06295E-03
  1.40000E+03  5.49083E-12  3.42510E-06  8.44263E-05  5.46412E-04  1.76071E-03
  1.44000E+03  2.00297E-12  2.38817E-06  6.58467E-05  4.46107E-04  1.49870E-03
  1.48000E+03  7.13798E-13  1.65304E-06  5.11856E-05  3.63285E-04  1.27222E-03
  1.52000E+03  2.48483E-13  1.13572E-06  3.96538E-05  2.95101E-04  1.07706E-03
  1.56000E+03  8.44873E-14  7.74429E-07  3.06135E-05  2.39125E-04  9.09399E-04
  1.60000E+03  2.80551E-14  5.24049E-07  2.35505E-05  1.93297E-04  7.65795E-04
  1.64000E+03  9.09721E-15  3.51886E-07  1.80518E-05  1.55879E-04  6.43170E-04
  1.68000E+03  2.88025E-15  2.34443E-07  1.37863E-05  1.25406E-04  5.38775E-04
  1.72000E+03  8.90274E-16  1.54971E-07  1.04895E-05  1.00652E-04  4.50163E-04
  1.76000E+03  2.68619E-16  1.01627E-07  7.95107E-06  8.05947E-05  3.75170E-04
  1.80000E+03  7.91068E-17  6.61149E-08  6.00391E-06  6.43830E-05  3.11886E-04
  1.84000E+03  2.27353E-17  4.26673E-08  4.51610E-06  5.13116E-05  2.58636E-04
  1.88000E+03  6.37583E-18  2.73138E-08  3.38372E-06  4.07977E-05  2.13955E-04
  1.92000E+03  1.74448E-18  1.73439E-08  2.52528E-06  3.23613E-05  1.76567E-04
  1.96000E+03  4.65614E-19  1.09239E-08  1.87712E-06  2.56082E-05  1.45367E-04
  2.00000E+03  1.21215E-19  6.82438E-09  1.38972E-06  2.02157E-05  1.19400E-04
  2.04000E+03  3.07747E-20  4.22860E-09  1.02470E-06  1.59200E-05  9.78454E-05
  2.08000E+03  7.61854E-21  2.59878E-09  7.52470E-07  1.25064E-05  7.99992E-05
  2.12000E+03  1.83875E-21  1.58408E-09  5.50282E-07  9.80044E-06  6.52607E-05
  2.16000E+03  4.32588E-22  9.57672E-10  4.00748E-07  7.66071E-06  5.31191E-05
  2.20000E+03  9.91876E-23  5.74224E-10  2.90625E-07  5.97297E-06  4.31412E-05
  2.24000E+03  2.21613E-23  3.41484E-10  2.09871E-07  4.64512E-06  3.49611E-05
  2.28000E+03  4.82402E-24  2.01409E-10  1.50911E-07  3.60309E-06  2.82709E-05
  2.32000E+03  1.02287E-24  1.17817E-10  1.08048E-07  2.78748E-06  2.28119E-05
  2.36000E+03  2.11224E-25  6.83521E-11  7.70244E-08  2.15077E-06  1.83679E-05
  2.40000E+03  4.24708E-26  3.93291E-11  5.46691E-08  1.65504E-06  1.47583E-05
  2.44000E+03  8.31326E-27  2.24435E-11  3.86316E-08  1.27011E-06  1.18331E-05
  2.48000E+03  1.58377E-27  1.27023E-11  2.71779E-08  9.72031E-07  9.46782E-06
  2.52000E+03  2.93597E-28  7.13001E-12  1.90348E-08  7.41845E-07  7.55949E-06
  2.56000E+03  5.29481E-29  3.96928E-12  1.32717E-08  5.64583E-07  6.02321E-06
  2.60000E+03  9.28706E-30  2.19153E-12  9.21164E-09  4.28462E-07  4.78914E-06
  2.64000E+03  1.58389E-30  1.20005E-12  6.36455E-09  3.24232E-07  3.79999E-06
  2.68000E+03  2.62585E-31  6.51727E-13  4.37729E-09  2.44651E-07  3.00885E-06
  2.72000E+03  4.23052E-32  3.51032E-13  2.99667E-09  1.84067E-07  2.37745E-06
  2.76000E+03  6.62168E-33  1.87519E-13  2.04201E-09  1.38081E-07  1.87461E-06
  2.80000E+03  1.00660E-33  9.93482E-14  1.38500E-09  1.03278E-07  1.47503E-06
  2.84000E+03  1.48566E-34  5.22026E-14  9.34981E-10  7.70172E-08  1.15818E-06
  2.88000E+03  2.12819E-35  2.72046E-14  6.28218E-10  5.72622E-08  9.07466E-07
  2.92000E+03  2.95783E-36  1.40608E-14  4.20108E-10  4.24462E-08  7.09517E-07
  2.96000E+03  3.98699E-37  7.20774E-15  2.79606E-10  3.13683E-08  5.53565E-07
  3.00000E+03  5.21022E-38  3.66444E-15  1.85208E-10  2.31109E-08  4.30964E-07
  3.04000E+03  6.59823E-39  1.84773E-15  1.22093E-10  1.69750E-08  3.34794E-07
  3.08000E+03  8.09410E-40  9.24037E-16  8.00998E-11  1.24296E-08  2.59520E-07
  3.12000E+03  9.61347E-41  4.58315E-16  5.22970E-11  9.07318E-09  2.00731E-07
  3.16000E+03  1.10492E-41  2.25456E-16  3.39797E-11  6.60243E-09  1.54920E-07
  3.20000E+03  1.22754E-42  1.09998E-16  2.19713E-11  4.78944E-09  1.19299E-07
  3.24000E+03  1.31722E-43  5.32269E-17  1.41376E-11  3.46334E-09  9.16646E-08
  3.28000E+03  1.26117E-44  2.55448E-17  9.05268E-12  2.49649E-09  7.02738E-08
  3.32000E+03  1.40130E-45  1.21591E-17  5.76839E-12  1.79382E-09  5.37533E-08
  3.36000E+03  0.00000E+00  5.74020E-18  3.65766E-12  1.28481E-09  4.10231E-08
  3.40000E+03  0.00000E+00  2.68769E-18  2.30791E-12  9.17283E-10  3.12359E-08
  3.44000E+03  0.00000E+00  1.24813E-18  1.44910E-12  6.52774E-10  2.37284E-08
  3.48000E+03  0.00000E+00  5.74865E-19  9.05395E-13  4.63031E-10  1.79826E-08
  3.52000E+03  0.00000E+00  2.62604E-19  5.62903E-13  3.27365E-10  1.35948E-08
  3.56000E+03  0.00000E+00  1.18977E-19  3.48243E-13  2.30680E-10  1.02513E-08
  3.60000E+03  0.00000E+00  5.34633E-20  2.14377E-13  1.61999E-10  7.70864E-09
  3.64000E+03  0.00000E+00  2.38273E-20  1.31314E-13  1.13362E-10  5.77828E-09
  3.68000E+03  0.00000E+00  1.05322E-20  8.00303E-14  7.90190E-11  4.31450E-09
  3.72000E+03  0.00000E+00  4.61736E-21  4.85224E-14  5.48281E-11  3.20475E-09
  3.76000E+03  0.00000E+00  2.00764E-21  2.92532E-14  3.78111E-11  2.36208E-09
  3.80000E+03  0.00000E+00  8.65691E-22  1.75133E-14  2.58297E-11  1.71920E-09
  3.84000E+03  0.00000E+00  3.70012E-22  1.03708E-14  1.73466E-11  1.22374E-09
  3.88000E+03  0.00000E+00  1.56323E-22  6.00237E-15  1.12494E-11  8.34498E-10
  3.92000E+03  0.00000E+00  6.41863E-23  3.26722E-15  6.72029E-12  5.18438E-10
  3.96000E+03  0.00000E+00  2.28944E-23  1.43383E-15  3.13769E-12  2.48197E-10
  4.00000E+03  0.00000E+00  0.00000E+00  0.00000E+00  0.00000E+00  0.00000E+00
