 Depth 10 30 50 70 90
  0.00000E+00  5.83294E-03  3.84892E-02  9.58010E-02  1.18902E-01  3.61873E-01
  4.00000E+01  4.85913E-03  3.08870E-02  8.48024E-02  1.05660E-01  3.09314E-01
  8.00000E+01  3.89618E-03  2.48584E-02  7.46669E-02  9.44663E-02  2.64093E-01
  1.20000E+02  3.03437E-03  2.00779E-02  6.53374E-02  8.48263E-02  2.25387E-01
  1.60000E+02  2.30737E-03  1.62705E-02  5.67974E-02  7.63674E-02  1.92406E-01
  2.00000E+02  1.71686E-03  1.32170E-02  4.90464E-02  6.88196E-02  1.64404E-01
  2.40000E+02  1.25068E-03  1.07492E-02  4.20800E-02  6.19955E-02  1.40688E-01
  2.80000E+02  8.91786E-04  8.74092E-03  3.58816E-02  5.57682E-02  1.20628E-01
  3.20000E+02  6.22130E-04  7.09777E-03  3.04202E-02  5.00535E-02  1.03663E-01
  3.60000E+02  4.24428E-04  5.74877E-03  2.56523E-02  4.47953E-02  8.93064E-02
  4.00000E+02  2.83040E-04  4.63979E-03  2.15253E-02  3.99559E-02  7.71368E-02
  4.40000E+02  1.84442E-04  3.72876E-03  1.79807E-02  3.55089E-02  6.67979E-02
  4.80000E+02  1.17415E-04  2.98219E-03  1.49576E-02  3.14343E-02  5.79891E-02
  5.20000E+02  7.30037E-05  2.37275E-03  1.23955E-02  2.77153E-02  5.04586E-02
  5.60000E+02  4.43270E-05  1.87771E-03  1.02363E-02  2.43359E-02  4.39968E-02
  6.00000E+02  2.62821E-05  1.47784E-03  8.42594E-03  2.12801E-02  3.84301E-02
  6.40000E+02  1.52163E-05  1.15676E-03  6.91487E-03  1.85309E-02  3.36150E-02
  6.80000E+02  8.60257E-06  9.00514E-04  5.65881E-03  1.60705E-02  2.94333E-02
  7.20000E+02  4.74941E-06  6.97261E-04  4.61857E-03  1.38801E-02  2.57881E-02
  7.60000E+02  2.56084E-06  5.37008E-04  3.75997E-03  1.19402E-02  2.25997E-02
  8.00000E+02  1.34866E-06  4.11399E-04  3.05349E-03  1.02311E-02  1.98025E-02
  8.40000E+02  6.93826E-07  3.13509E-04  2.47384E-03  8.73296E-03  1.73426E-02
  8.80000E+02  3.48721E-07  2.37651E-04  1.99952E-03  7.42620E-03  1.51754E-02
  9.20000E+02  1.71252E-07  1.79190E-04  1.61237E-03  6.29187E-03  1.32637E-02
  9.60000E+02  8.21809E-08  1.34384E-04  1.29714E-03  5.31184E-03  1.15763E-02
  1.00000E+03  3.85408E-08  1.00231E-04  1.04107E-03  4.46895E-03  1.00867E-02
  1.04000E+03  1.76652E-08  7.43404E-05  8.33533E-04  3.74717E-03  8.77235E-03
  1.08000E+03  7.91389E-09  5.48234E-05  6.65724E-04  3.13173E-03  7.61366E-03
  1.12000E+03  3.46535E-09  4.01939E-05  5.30351E-04  2.60909E-03  6.59353E-03
  1.16000E+03  1.48318E-09  2.92914E-05  4.21402E-04  2.16701E-03  5.69687E-03
  1.20000E+03  6.20485E-10  2.12146E-05  3.33932E-04  1.79447E-03  4.91030E-03
  1.24000E+03  2.53714E-10  1.52677E-05  2.63880E-04  1.48168E-03  4.22182E-03
  1.28000E+03  1.01395E-10  1.09165E-05  2.07925E-04  1.21997E-03  3.62064E-03
  1.32000E+03  3.96022E-11  7.75334E-06  1.63348E-04  1.00174E-03  3.09706E-03
  1.36000E+03  1.51156E-11  5.46924E-06  1.27936E-04  8.20360E-04  2.64228E-03
  1.40000E+03  5.63765E-12  3.83116E-06  9.98857E-05  6.70072E-04  2.24837E-03
  1.44000E+03  2.05445E-12  2.66463E-06  7.77335E-05  5.45924E-04  1.90815E-03
  1.48000E+03  7.31441E-13  1.83988E-06  6.02938E-05  4.43669E-04  1.61516E-03
  1.52000E+03  2.54391E-13  1.26106E-06  4.66083E-05  3.59684E-04  1.36359E-03
  1.56000E+03  8.64200E-14  8.57885E-07  3.59045E-05  2.90893E-04  1.14820E-03
  1.60000E+03  2.86728E-14  5.79195E-07  2.75614E-05  2.34697E-04  9.64340E-04
  1.64000E+03  9.29002E-15  3.88048E-07  2.10811E-05  1.88911E-04  8.07851E-04
  1.68000E+03  2.93903E-15  2.57974E-07  1.60656E-05  1.51701E-04  6.75044E-04
  1.72000E+03  9.07773E-16  1.70164E-07  1.21982E-05  1.21536E-04  5.62660E-04
  1.76000E+03  2.73705E-16  1.11361E-07  9.22703E-06  9.71420E-05  4.67827E-04
  1.80000E+03  8.05500E-17  7.23023E-08  6.95309E-06  7.74637E-05  3.88028E-04
  1.84000E+03  2.31349E-17  4.65695E-08  5.21944E-06  6.16275E-05  3.21065E-04
  1.88000E+03  6.48386E-18  2.97555E-08  3.90286E-06  4.89139E-05  2.65027E-04
  1.92000E+03  1.77297E-18  1.88596E-08  2.90695E-06  3.87316E-05  2.18256E-04
  1.96000E+03  4.72947E-19  1.18573E-08  2.15660E-06  3.05961E-05  1.79323E-04
  2.00000E+03  1.23056E-19  7.39466E-09  1.59354E-06  2.41116E-05  1.46997E-04
  2.04000E+03  3.12254E-20  4.57424E-09  1.17275E-06  1.89554E-05  1.20227E-04
  2.08000E+03  7.72615E-21  2.80660E-09  8.59565E-07  1.48655E-05  9.81118E-05
  2.12000E+03  1.86380E-21  1.70804E-09  6.27433E-07  1.16292E-05  7.98880E-05
  2.16000E+03  4.38273E-22  1.03102E-09  4.56096E-07  9.07480E-06  6.49070E-05
  2.20000E+03  1.00445E-22  6.17274E-10  3.30165E-07  7.06357E-06  5.26212E-05
  2.24000E+03  2.24324E-23  3.66549E-10  2.38000E-07  5.48403E-06  4.25693E-05
  2.28000E+03  4.88095E-24  2.15887E-10  1.70835E-07  4.24669E-06  3.43642E-05
  2.32000E+03  1.03452E-24  1.26112E-10  1.22101E-07  3.27992E-06  2.76820E-05
  2.36000E+03  2.13544E-25  7.30665E-11  8.68934E-08  2.52654E-06  2.22524E-05
  2.40000E+03  4.29209E-26  4.19869E-11  6.15696E-08  1.94099E-06  1.78503E-05
  2.44000E+03  8.39828E-27  2.39299E-11  4.34354E-08  1.48712E-06  1.42893E-05
  2.48000E+03  1.59939E-27  1.35269E-11  3.05073E-08  1.13626E-06  1.14149E-05
  2.52000E+03  2.96392E-28  7.58375E-12  2.13321E-08  8.65784E-07  9.09988E-06
  2.56000E+03  5.34343E-29  4.21695E-12  1.48497E-08  6.57852E-07  7.23935E-06
  2.60000E+03  9.36932E-30  2.32563E-12  1.02908E-08  4.98450E-07  5.74731E-06
  2.64000E+03  1.59742E-30  1.27207E-12  7.09915E-09  3.76600E-07  4.55336E-06
  2.68000E+03  2.64749E-31  6.90096E-13  4.87509E-09  2.83722E-07  3.59997E-06
  2.72000E+03  4.26413E-32  3.71309E-13  3.33246E-09  2.13132E-07  2.84030E-06
  2.76000E+03  6.67239E-33  1.98148E-13  2.26747E-09  1.59638E-07  2.23628E-06
  2.80000E+03  1.01403E-33  1.04875E-13  1.53569E-09  1.19220E-07  1.75704E-06
  2.84000E+03  1.49623E-34  5.50531E-14  1.03523E-09  8.87719E-08  1.37761E-06
  2.88000E+03  2.14278E-35  2.86629E-14  6.94598E-10  6.59034E-08  1.07785E-06
  2.92000E+03  2.97737E-36  1.48009E-14  4.63857E-10  4.87794E-08  8.41533E-07
  2.96000E+03  4.01235E-37  7.58028E-15  3.08304E-10  3.59960E-08  6.55634E-07
  3.00000E+03  5.24213E-38  3.85046E-15  2.03944E-10  2.64821E-08  5.09711E-07
  3.04000E+03  6.63712E-39  1.93986E-15  1.34267E-10  1.94233E-08  3.95415E-07
  3.08000E+03  8.14002E-40  9.69301E-16  8.79733E-11  1.42023E-08  3.06087E-07
  3.12000E+03  9.66602E-41  4.80373E-16  5.73647E-11  1.03526E-08  2.36424E-07
  3.16000E+03  1.11067E-41  2.36119E-16  3.72260E-11  7.52303E-09  1.82217E-07
  3.20000E+03  1.23454E-42  1.15110E-16  2.40408E-11  5.44978E-09  1.40130E-07
  3.24000E+03  1.33123E-43  5.56585E-17  1.54506E-11  3.93552E-09  1.07525E-07
  3.28000E+03  1.40130E-44  2.66920E-17  9.88173E-12  2.83305E-09  8.23227E-08
  3.32000E+03  1.40130E-45  1.26959E-17  6.28934E-12  2.03297E-09  6.28860E-08
  3.36000E+03  0.00000E+00  5.98939E-18  3.98343E-12  1.45419E-09  4.79297E-08
  3.40000E+03  0.00000E+00  2.80242E-18  2.51065E-12  1.03687E-09  3.64470E-08
  3.44000E+03  0.00000E+00  1.30053E-18  1.57466E-12  7.36936E-10  2.76511E-08
  3.48000E+03  0.00000E+00  5.98602E-19  9.82776E-13  5.22070E-10  2.09284E-08
  3.52000E+03  0.00000E+00  2.73270E-19  6.10363E-13  3.68646E-10  1.58017E-08
  3.56000E+03  0.00000E+00  1.23731E-19  3.77209E-13  2.59450E-10  1.19005E-08
  3.60000E+03  0.00000E+00  5.55651E-20  2.31970E-13  1.81982E-10  8.93764E-09
  3.64000E+03  0.00000E+00  2.47490E-20  1.41947E-13  1.27193E-10  6.69136E-09
  3.68000E+03  0.00000E+00  1.09332E-20  8.64252E-14  8.85565E-11  4.99034E-09
  3.72000E+03  0.00000E+00  4.79034E-21  5.23488E-14  6.13756E-11  3.70250E-09
  3.76000E+03  0.00000E+00  2.08167E-21  3.15302E-14  4.22797E-11  2.72598E-09
  3.80000E+03  0.00000E+00  8.97111E-22  1.88592E-14  2.88522E-11  1.98206E-09
  3.84000E+03  0.00000E+00  3.83233E-22  1.11581E-14  1.93580E-11  1.40957E-09
  3.88000E+03  0.00000E+00  1.61824E-22  6.45293E-15  1.25434E-11  9.60497E-10
  3.92000E+03  0.00000E+00  6.64131E-23  3.51018E-15  7.48844E-12  5.96372E-10
  3.96000E+03  0.00000E+00  2.36800E-23  1.53977E-15  3.49488E-12  2.85404E-10
  4.00000E+03  0.00000E+00  0.00000E+00  0.00000E+00  0.00000E+00  0.00000E+00
