 Depth 10 30 50 70 90 110 130 150
  0.00000E+00 -8.20973E-03  1.28749E-02 -2.24009E-03 -2.34461E-02  8.31181E-02  1.56878E-01  1.70792E-01  3.85832E-01
  4.00000E+01 -1.07621E-02  1.08775E-02 -4.87283E-03 -3.52756E-02  6.13252E-02  1.36529E-01  1.35158E-01  3.09419E-01
  8.00000E+01 -1.14237E-02  9.23392E-03 -7.14901E-03 -4.31418E-02  4.30717E-02  1.17982E-01  1.09098E-01  2.49695E-01
  1.20000E+02 -1.07718E-02  7.72150E-03 -9.04587E-03 -4.73046E-02  2.80163E-02  1.01334E-01  9.00962E-02  2.03346E-01
  1.60000E+02 -9.35986E-03  6.27177E-03 -1.04968E-02 -4.83280E-02  1.58275E-02  8.64744E-02  7.61759E-02  1.67511E-01
  2.00000E+02 -7.63294E-03  4.89310E-03 -1.14487E-02 -4.69369E-02  6.16960E-03  7.32274E-02  6.58216E-02  1.39777E-01
  2.40000E+02 -5.90145E-03  3.62121E-03 -1.18905E-02 -4.38860E-02 -1.29746E-03  6.14068E-02  5.78965E-02  1.18162E-01
  2.80000E+02 -4.35137E-03  2.49195E-03 -1.18563E-02 -3.98589E-02 -6.90551E-03  5.08546E-02  5.15777E-02  1.01088E-01
  3.20000E+02 -3.07051E-03  1.52960E-03 -1.14149E-02 -3.54092E-02 -1.09647E-02  4.14550E-02  4.62950E-02  8.73422E-02
  3.60000E+02 -2.07796E-03  7.43983E-04 -1.06561E-02 -3.09397E-02 -1.37546E-02  3.31284E-02  4.16732E-02  7.60239E-02
  4.00000E+02 -1.35050E-03  1.31827E-04 -9.67693E-03 -2.67104E-02 -1.55202E-02  2.58166E-02  3.74782E-02  6.64909E-02
  4.40000E+02 -8.43692E-04 -3.20107E-04 -8.57074E-03 -2.28643E-02 -1.64727E-02  1.94674E-02  3.35726E-02  5.83007E-02
  4.80000E+02 -5.06998E-04 -6.31539E-04 -7.41956E-03 -1.94587E-02 -1.67911E-02  1.40259E-02  2.98819E-02  5.11569E-02
  5.20000E+02 -2.93231E-04 -8.25452E-04 -6.28980E-03 -1.64956E-02 -1.66258E-02  9.42936E-03  2.63718E-02  4.48627E-02
  5.60000E+02 -1.63312E-04 -9.25473E-04 -5.23069E-03 -1.39458E-02 -1.61021E-02  5.60792E-03  2.30325E-02  3.92853E-02
  6.00000E+02 -8.76301E-05 -9.53971E-04 -4.27472E-03 -1.17663E-02 -1.53229E-02  2.48649E-03  1.98688E-02  3.43301E-02
  6.40000E+02 -4.53258E-05 -9.30847E-04 -3.43963E-03 -9.91054E-03 -1.43719E-02 -1.23471E-05  1.68932E-02  2.99238E-02
  6.80000E+02 -2.26121E-05 -8.72921E-04 -2.73099E-03 -8.33460E-03 -1.33163E-02 -1.96550E-03  1.41212E-02  2.60057E-02
  7.20000E+02 -1.08872E-05 -7.93776E-04 -2.14525E-03 -6.99901E-03 -1.22090E-02 -3.44719E-03  1.15677E-02  2.25221E-02
  7.60000E+02 -5.06260E-06 -7.03910E-04 -1.67253E-03 -5.86938E-03 -1.10909E-02 -4.52731E-03  9.24455E-03  1.94255E-02
  8.00000E+02 -2.27544E-06 -6.11079E-04 -1.29924E-03 -4.91595E-03 -9.99269E-03 -5.27032E-03  7.15915E-03  1.66731E-02
  8.40000E+02 -9.89444E-07 -5.20721E-04 -1.01015E-03 -4.11296E-03 -8.93681E-03 -5.73470E-03  5.31353E-03  1.42272E-02
  8.80000E+02 -4.16682E-07 -4.36395E-04 -7.89962E-04 -3.43803E-03 -7.93888E-03 -5.97264E-03  3.70443E-03  1.20551E-02
  9.20000E+02 -1.70149E-07 -3.60194E-04 -6.24408E-04 -2.87174E-03 -7.00902E-03 -6.03006E-03  2.32369E-03  1.01285E-02
  9.60000E+02 -6.74618E-08 -2.93113E-04 -5.00930E-04 -2.39724E-03 -6.15302E-03 -5.94685E-03  1.15907E-03  8.42281E-03
  1.00000E+03 -2.60110E-08 -2.35355E-04 -4.08972E-04 -2.00005E-03 -5.37327E-03 -5.75717E-03  1.95159E-04  6.91703E-03
  1.04000E+03 -9.76935E-09 -1.86580E-04 -3.40026E-04 -1.66776E-03 -4.66956E-03 -5.48989E-03 -5.85608E-04  5.59264E-03
  1.08000E+03 -3.58081E-09 -1.46106E-04 -2.87498E-04 -1.38986E-03 -4.03977E-03 -5.16906E-03 -1.20204E-03  4.43325E-03
  1.12000E+03 -1.28332E-09 -1.13056E-04 -2.46467E-04 -1.15751E-03 -3.48037E-03 -4.81443E-03 -1.67339E-03  3.42406E-03
  1.16000E+03 -4.50564E-10 -8.64702E-05 -2.13396E-04 -9.63284E-04 -2.98691E-03 -4.44192E-03 -2.01863E-03  2.55149E-03
  1.20000E+03 -1.55249E-10 -6.53876E-05 -1.85842E-04 -8.01006E-04 -2.55433E-03 -4.06415E-03 -2.25600E-03  1.80297E-03
  1.24000E+03 -5.25803E-11 -4.88951E-05 -1.62185E-04 -6.65508E-04 -2.17729E-03 -3.69085E-03 -2.40260E-03  1.16670E-03
  1.28000E+03 -1.75250E-11 -3.61617E-05 -1.41396E-04 -5.52478E-04 -1.85039E-03 -3.32933E-03 -2.47412E-03  6.31587E-04
  1.32000E+03 -5.75235E-12 -2.64550E-05 -1.22852E-04 -4.58304E-04 -1.56831E-03 -2.98488E-03 -2.48474E-03  1.87181E-04
  1.36000E+03 -1.85984E-12 -1.91467E-05 -1.06191E-04 -3.79951E-04 -1.32597E-03 -2.66108E-03 -2.44704E-03 -1.76381E-04
  1.40000E+03 -5.92132E-13 -1.37106E-05 -9.12075E-05 -3.14859E-04 -1.11860E-03 -2.36017E-03 -2.37202E-03 -4.68367E-04
  1.44000E+03 -1.85508E-13 -9.71491E-06 -7.77812E-05 -2.60865E-04 -9.41776E-04 -2.08329E-03 -2.26918E-03 -6.97459E-04
  1.48000E+03 -5.71285E-14 -6.81203E-06 -6.58292E-05 -2.16137E-04 -7.91490E-04 -1.83074E-03 -2.14655E-03 -8.71742E-04
  1.52000E+03 -1.72723E-14 -4.72722E-06 -5.52788E-05 -1.79128E-04 -6.64128E-04 -1.60214E-03 -2.01090E-03 -9.98700E-04
  1.56000E+03 -5.12010E-15 -3.24682E-06 -4.60531E-05 -1.48529E-04 -5.56471E-04 -1.39667E-03 -1.86778E-03 -1.08522E-03
  1.60000E+03 -1.48619E-15 -2.20730E-06 -3.80651E-05 -1.23239E-04 -4.65679E-04 -1.21314E-03 -1.72167E-03 -1.13758E-03
  1.64000E+03 -4.21900E-16 -1.48541E-06 -3.12176E-05 -1.02334E-04 -3.89268E-04 -1.05015E-03 -1.57614E-03 -1.16148E-03
  1.68000E+03 -1.17005E-16 -9.89542E-07 -2.54056E-05 -8.50452E-05 -3.25074E-04 -9.06151E-04 -1.43395E-03 -1.16201E-03
  1.72000E+03 -3.16699E-17 -6.52606E-07 -2.05202E-05 -7.07319E-05 -2.71232E-04 -7.79557E-04 -1.29718E-03 -1.14373E-03
  1.76000E+03 -8.35940E-18 -4.26106E-07 -1.64519E-05 -5.88659E-05 -2.26135E-04 -6.68759E-04 -1.16731E-03 -1.11065E-03
  1.80000E+03 -2.15023E-18 -2.75457E-07 -1.30949E-05 -4.90125E-05 -1.88409E-04 -5.72190E-04 -1.04534E-03 -1.06624E-03
  1.84000E+03 -5.38665E-19 -1.76311E-07 -1.03492E-05 -4.08158E-05 -1.56884E-04 -4.88349E-04 -9.31894E-04 -1.01355E-03
  1.88000E+03 -1.31357E-19 -1.11741E-07 -8.12235E-06 -3.39851E-05 -1.30565E-04 -4.15819E-04 -8.27248E-04 -9.55121E-04
  1.92000E+03 -3.11674E-20 -7.01242E-08 -6.33123E-06 -2.82834E-05 -1.08611E-04 -3.53287E-04 -7.31443E-04 -8.93136E-04
  1.96000E+03 -7.19266E-21 -4.35775E-08 -4.90204E-06 -2.35175E-05 -9.03107E-05 -2.99542E-04 -6.44323E-04 -8.29387E-04
  2.00000E+03 -1.61388E-21 -2.68170E-08 -3.77046E-06 -1.95297E-05 -7.50651E-05 -2.53486E-04 -5.65583E-04 -7.65339E-04
  2.04000E+03 -3.51967E-22 -1.63428E-08 -2.88126E-06 -1.61913E-05 -6.23708E-05 -2.14127E-04 -4.94814E-04 -7.02166E-04
  2.08000E+03 -7.45854E-23 -9.86326E-09 -2.18767E-06 -1.33963E-05 -5.18055E-05 -1.80576E-04 -4.31536E-04 -6.40783E-04
  2.12000E+03 -1.53531E-23 -5.89531E-09 -1.65054E-06 -1.10576E-05 -4.30151E-05 -1.52044E-04 -3.75226E-04 -5.81882E-04
  2.16000E+03 -3.06905E-24 -3.48977E-09 -1.23750E-06 -9.10259E-06 -3.57037E-05 -1.27834E-04 -3.25336E-04 -5.25967E-04
  2.20000E+03 -5.95595E-25 -2.04597E-09 -9.22085E-07 -7.47098E-06 -2.96239E-05 -1.07333E-04 -2.81318E-04 -4.73379E-04
  2.24000E+03 -1.12178E-25 -1.18803E-09 -6.82852E-07 -6.11206E-06 -2.45692E-05 -9.00069E-05 -2.42631E-04 -4.24325E-04
  2.28000E+03 -2.04996E-26 -6.83264E-10 -5.02616E-07 -4.98311E-06 -2.03675E-05 -7.53888E-05 -2.08751E-04 -3.78903E-04
  2.32000E+03 -3.63350E-27 -3.89218E-10 -3.67722E-07 -4.04794E-06 -1.68754E-05 -6.30758E-05 -1.79184E-04 -3.37122E-04
  2.36000E+03 -6.24467E-28 -2.19608E-10 -2.67422E-07 -3.27582E-06 -1.39737E-05 -5.27200E-05 -1.53463E-04 -2.98920E-04
  2.40000E+03 -1.04028E-28 -1.22734E-10 -1.93323E-07 -2.64058E-06 -1.15629E-05 -4.40224E-05 -1.31156E-04 -2.64185E-04
  2.44000E+03 -1.67919E-29 -6.79433E-11 -1.38930E-07 -2.11996E-06 -9.56043E-06 -3.67267E-05 -1.11865E-04 -2.32763E-04
  2.48000E+03 -2.62538E-30 -3.72568E-11 -9.92546E-08 -1.69499E-06 -7.89771E-06 -3.06141E-05 -9.52279E-05 -2.04470E-04
  2.52000E+03 -3.97434E-31 -2.02371E-11 -7.04947E-08 -1.34954E-06 -6.51758E-06 -2.54984E-05 -8.09165E-05 -1.79109E-04
  2.56000E+03 -5.82292E-32 -1.08888E-11 -4.97768E-08 -1.06995E-06 -5.37256E-06 -2.12211E-05 -6.86358E-05 -1.56469E-04
  2.60000E+03 -8.25345E-33 -5.80379E-12 -3.49440E-08 -8.44659E-07 -4.42314E-06 -1.76481E-05 -5.81220E-05 -1.36336E-04
  2.64000E+03 -1.13124E-33 -3.06441E-12 -2.43895E-08 -6.63942E-07 -3.63647E-06 -1.46661E-05 -4.91405E-05 -1.18498E-04
  2.68000E+03 -1.49863E-34 -1.60286E-12 -1.69250E-08 -5.19639E-07 -2.98519E-06 -1.21791E-05 -4.14841E-05 -1.02747E-04
  2.72000E+03 -1.91796E-35 -8.30544E-13 -1.16776E-08 -4.04941E-07 -2.44655E-06 -1.01067E-05 -3.49701E-05 -8.88859E-05
  2.76000E+03 -2.37006E-36 -4.26340E-13 -8.01110E-09 -3.14195E-07 -2.00156E-06 -8.38078E-06 -2.94383E-05 -7.67248E-05
  2.80000E+03 -2.82628E-37 -2.16811E-13 -5.46446E-09 -2.42732E-07 -1.63442E-06 -6.94450E-06 -2.47490E-05 -6.60869E-05
  2.84000E+03 -3.25050E-38 -1.09232E-13 -3.70618E-09 -1.86713E-07 -1.33195E-06 -5.75001E-06 -2.07806E-05 -5.68075E-05
  2.88000E+03 -3.60325E-39 -5.45208E-14 -2.49940E-09 -1.43005E-07 -1.08315E-06 -4.75724E-06 -1.74275E-05 -4.87348E-05
  2.92000E+03 -3.84733E-40 -2.69607E-14 -1.67603E-09 -1.09058E-07 -8.78873E-07 -3.93266E-06 -1.45986E-05 -4.17299E-05
  2.96000E+03 -3.95390E-41 -1.32087E-14 -1.11756E-09 -8.28140E-08 -7.11459E-07 -3.24822E-06 -1.22154E-05 -3.56665E-05
  3.00000E+03 -3.90822E-42 -6.41152E-15 -7.40978E-10 -6.26174E-08 -5.74541E-07 -2.68048E-06 -1.02103E-05 -3.04301E-05
  3.04000E+03 -3.71344E-43 -3.08346E-15 -4.88531E-10 -4.71453E-08 -4.62808E-07 -2.20986E-06 -8.52560E-06 -2.59182E-05
  3.08000E+03 -3.36312E-44 -1.46927E-15 -3.20285E-10 -3.53462E-08 -3.71839E-07 -1.82005E-06 -7.11171E-06 -2.20388E-05
  3.12000E+03 -1.40130E-45 -6.93680E-16 -2.08806E-10 -2.63884E-08 -2.97955E-07 -1.49740E-06 -5.92649E-06 -1.87101E-05
  3.16000E+03  0.00000E+00 -3.24503E-16 -1.35367E-10 -1.96182E-08 -2.38099E-07 -1.23056E-06 -4.93406E-06 -1.58594E-05
  3.20000E+03  0.00000E+00 -1.50415E-16 -8.72676E-11 -1.45241E-08 -1.89736E-07 -1.01008E-06 -4.10390E-06 -1.34225E-05
  3.24000E+03  0.00000E+00 -6.90847E-17 -5.59457E-11 -1.07080E-08 -1.50765E-07 -8.28049E-07 -3.41017E-06 -1.13431E-05
  3.28000E+03  0.00000E+00 -3.14416E-17 -3.56663E-11 -7.86183E-09 -1.19452E-07 -6.77920E-07 -2.83096E-06 -9.57169E-06
  3.32000E+03  0.00000E+00 -1.41797E-17 -2.26115E-11 -5.74835E-09 -9.43629E-08 -5.54225E-07 -2.34779E-06 -8.06489E-06
  3.36000E+03  0.00000E+00 -6.33695E-18 -1.42555E-11 -4.18574E-09 -7.43203E-08 -4.52415E-07 -1.94503E-06 -6.78500E-06
  3.40000E+03  0.00000E+00 -2.80644E-18 -8.93770E-12 -3.03541E-09 -5.83568E-08 -3.68710E-07 -1.60955E-06 -5.69918E-06
  3.44000E+03  0.00000E+00 -1.23170E-18 -5.57260E-12 -2.19221E-09 -4.56803E-08 -2.99964E-07 -1.33024E-06 -4.77898E-06
  3.48000E+03  0.00000E+00 -5.35718E-19 -3.45528E-12 -1.57678E-09 -3.56443E-08 -2.43563E-07 -1.09780E-06 -3.99975E-06
  3.52000E+03  0.00000E+00 -2.30923E-19 -2.13061E-12 -1.12949E-09 -2.77224E-08 -1.97334E-07 -9.04386E-07 -3.34019E-06
  3.56000E+03  0.00000E+00 -9.86523E-20 -1.30654E-12 -8.05757E-10 -2.14872E-08 -1.59472E-07 -7.43407E-07 -2.78191E-06
  3.60000E+03  0.00000E+00 -4.17706E-20 -7.96785E-13 -5.72418E-10 -1.65928E-08 -1.28475E-07 -6.09323E-07 -2.30906E-06
  3.64000E+03  0.00000E+00 -1.75296E-20 -4.83229E-13 -4.04898E-10 -1.27598E-08 -1.03095E-07 -4.97474E-07 -1.90798E-06
  3.68000E+03  0.00000E+00 -7.29163E-21 -2.91436E-13 -2.85077E-10 -9.76301E-09 -8.22902E-08 -4.03928E-07 -1.56684E-06
  3.72000E+03  0.00000E+00 -3.00638E-21 -1.74766E-13 -1.99643E-10 -7.42127E-09 -6.51939E-08 -3.25362E-07 -1.27543E-06
  3.76000E+03  0.00000E+00 -1.22869E-21 -1.04166E-13 -1.38849E-10 -5.58878E-09 -5.10777E-08 -2.58953E-07 -1.02489E-06
  3.80000E+03  0.00000E+00 -4.97752E-22 -6.16352E-14 -9.55752E-11 -4.14798E-09 -3.93284E-08 -2.02286E-07 -8.07454E-07
  3.84000E+03  0.00000E+00 -1.99822E-22 -3.60728E-14 -6.46134E-11 -3.00357E-09 -2.94243E-08 -1.53277E-07 -6.16286E-07
  3.88000E+03  0.00000E+00 -7.93340E-23 -2.06466E-14 -4.21335E-11 -2.07745E-09 -2.09156E-08 -1.10102E-07 -4.45289E-07
  3.92000E+03  0.00000E+00 -3.07195E-23 -1.11313E-14 -2.52752E-11 -1.30447E-09 -1.34076E-08 -7.11355E-08 -2.88936E-07
  3.96000E+03  0.00000E+00 -1.04605E-23 -4.85263E-15 -1.18318E-11 -6.28662E-10 -6.54553E-09 -3.48973E-08 -1.42118E-07
  4.00000E+03  0.00000E+00  0.00000E+00  0.00000E+00  0.00000E+00  0.00000E+00  0.00000E+00  0.00000E+00  0.00000E+00
