 Depth 10 30 50 70 90 110 130 150
  0.00000E+00 -1.21144E-02  1.52611E-02 -9.48721E-03 -5.08958E-02  8.29508E-02  1.98223E-01  2.17052E-01  4.83633E-01
  4.00000E+01 -1.40306E-02  1.26244E-02 -1.20531E-02 -6.12091E-02  5.71662E-02  1.70435E-01  1.74750E-01  3.91520E-01
  8.00000E+01 -1.40276E-02  1.04288E-02 -1.40973E-02 -6.70328E-02  3.59711E-02  1.45378E-01  1.43341E-01  3.19222E-01
  1.20000E+02 -1.27570E-02  8.44885E-03 -1.56213E-02 -6.88569E-02  1.88501E-02  1.23059E-01  1.19926E-01  2.62698E-01
  1.60000E+02 -1.08134E-02  6.61497E-03 -1.65882E-02 -6.74372E-02  5.31420E-03  1.03287E-01  1.02258E-01  2.18517E-01
  2.00000E+02 -8.65750E-03  4.93287E-03 -1.69780E-02 -6.36449E-02 -5.11285E-03  8.58151E-02  8.86325E-02  1.83834E-01
  2.40000E+02 -6.59760E-03  3.43277E-03 -1.68135E-02 -5.83341E-02 -1.28935E-02  7.03913E-02  7.77907E-02  1.56343E-01
  2.80000E+02 -4.80771E-03  2.14251E-03 -1.61598E-02 -5.22472E-02 -1.84641E-02  5.68002E-02  6.88305E-02  1.34232E-01
  3.20000E+02 -3.35925E-03  1.07675E-03 -1.51127E-02 -4.59642E-02 -2.22230E-02  4.48720E-02  6.11346E-02  1.16116E-01
  3.60000E+02 -2.25435E-03  2.34999E-04 -1.37828E-02 -3.98909E-02 -2.45224E-02  3.44756E-02  5.43005E-02  1.00974E-01
  4.00000E+02 -1.45457E-03 -3.96197E-04 -1.22818E-02 -3.42760E-02 -2.56670E-02  2.55021E-02  4.80788E-02  8.80773E-02
  4.40000E+02 -9.02992E-04 -8.39510E-04 -1.07120E-02 -2.92429E-02 -2.59157E-02  1.78506E-02  4.23239E-02  7.69179E-02
  4.80000E+02 -5.39641E-04 -1.12294E-03 -9.15907E-03 -2.48263E-02 -2.54855E-02  1.14185E-02  3.69570E-02  6.71498E-02
  5.20000E+02 -3.10593E-04 -1.27643E-03 -7.68904E-03 -2.10055E-02 -2.45566E-02  6.09861E-03  3.19401E-02  5.85362E-02
  5.60000E+02 -1.72237E-04 -1.32916E-03 -6.34765E-03 -1.77300E-02 -2.32767E-02  1.77932E-03  2.72599E-02  5.09103E-02
  6.00000E+02 -9.20652E-05 -1.30777E-03 -5.16191E-03 -1.49376E-02 -2.17653E-02 -1.65257E-03  2.29166E-02  4.41484E-02
  6.40000E+02 -4.74574E-05 -1.23526E-03 -4.14291E-03 -1.25654E-02 -2.01180E-02 -4.30878E-03  1.89166E-02  3.81514E-02
  6.80000E+02 -2.36034E-05 -1.13057E-03 -3.28921E-03 -1.05549E-02 -1.84100E-02 -6.29663E-03  1.52679E-02  3.28355E-02
  7.20000E+02 -1.13335E-05 -1.00860E-03 -2.59037E-03 -8.85415E-03 -1.66988E-02 -7.71691E-03  1.19763E-02  2.81270E-02
  7.60000E+02 -5.25729E-06 -8.80563E-04 -2.03024E-03 -7.41818E-03 -1.50278E-02 -8.66242E-03  9.04343E-03  2.39601E-02
  8.00000E+02 -2.35780E-06 -7.54472E-04 -1.58966E-03 -6.20807E-03 -1.34281E-02 -9.21712E-03  6.46539E-03  2.02760E-02
  8.40000E+02 -1.02325E-06 -6.35692E-04 -1.24872E-03 -5.19024E-03 -1.19211E-02 -9.45577E-03  4.23242E-03  1.70229E-02
  8.80000E+02 -4.30171E-07 -5.27495E-04 -9.88325E-04 -4.33566E-03 -1.05204E-02 -9.44406E-03  2.32922E-03  1.41551E-02
  9.20000E+02 -1.75385E-07 -4.31562E-04 -7.91203E-04 -3.61923E-03 -9.23346E-03 -9.23885E-03  7.35751E-04  1.16328E-02
  9.60000E+02 -6.94422E-08 -3.48406E-04 -6.42509E-04 -3.01936E-03 -8.06279E-03 -8.88874E-03 -5.71715E-04  9.42112E-03
  1.00000E+03 -2.67421E-08 -2.77731E-04 -5.29991E-04 -2.51751E-03 -7.00736E-03 -8.43468E-03 -1.61943E-03  7.48949E-03
  1.04000E+03 -1.00332E-08 -2.18714E-04 -4.43922E-04 -2.09791E-03 -6.06341E-03 -7.91069E-03 -2.43501E-03  5.81065E-03
  1.08000E+03 -3.67409E-09 -1.70219E-04 -3.76852E-04 -1.74723E-03 -5.22528E-03 -7.34459E-03 -3.04641E-03  4.36016E-03
  1.12000E+03 -1.31567E-09 -1.30963E-04 -3.23277E-04 -1.45425E-03 -4.48600E-03 -6.75873E-03 -3.48104E-03  3.11579E-03
  1.16000E+03 -4.61587E-10 -9.96339E-05 -2.79266E-04 -1.20956E-03 -3.83788E-03 -6.17071E-03 -3.76510E-03  2.05712E-03
  1.20000E+03 -1.58944E-10 -7.49665E-05 -2.42111E-04 -1.00531E-03 -3.27284E-03 -5.59403E-03 -3.92309E-03  1.16527E-03
  1.24000E+03 -5.37999E-11 -5.57955E-05 -2.10013E-04 -8.34954E-04 -2.78274E-03 -5.03873E-03 -3.97742E-03  4.22658E-04
  1.28000E+03 -1.79215E-11 -4.10831E-05 -1.81814E-04 -6.92989E-04 -2.35964E-03 -4.51198E-03 -3.94829E-03 -1.87078E-04
  1.32000E+03 -5.87931E-12 -2.99302E-05 -1.56792E-04 -5.74820E-04 -1.99595E-03 -4.01853E-03 -3.85359E-03 -6.79208E-04
  1.36000E+03 -1.89986E-12 -2.15766E-05 -1.34501E-04 -4.76580E-04 -1.68455E-03 -3.56124E-03 -3.70893E-03 -1.06793E-03
  1.40000E+03 -6.04540E-13 -1.53930E-05 -1.14659E-04 -3.95015E-04 -1.41886E-03 -3.14141E-03 -3.52772E-03 -1.36641E-03
  1.44000E+03 -1.89288E-13 -1.08683E-05 -9.70727E-05 -3.27377E-04 -1.19292E-03 -2.75914E-03 -3.32131E-03 -1.58680E-03
  1.48000E+03 -5.82585E-14 -7.59514E-06 -8.15874E-05 -2.71347E-04 -1.00133E-03 -2.41364E-03 -3.09915E-03 -1.74027E-03
  1.52000E+03 -1.76033E-14 -5.25377E-06 -6.80612E-05 -2.24972E-04 -8.39288E-04 -2.10345E-03 -2.86902E-03 -1.83697E-03
  1.56000E+03 -5.21505E-15 -3.59746E-06 -5.63500E-05 -1.86607E-04 -7.02563E-04 -1.82664E-03 -2.63714E-03 -1.88615E-03
  1.60000E+03 -1.51282E-15 -2.43856E-06 -4.63032E-05 -1.54871E-04 -5.87436E-04 -1.58099E-03 -2.40842E-03 -1.89608E-03
  1.64000E+03 -4.29195E-16 -1.63647E-06 -3.77642E-05 -1.28611E-04 -4.90675E-04 -1.36409E-03 -2.18663E-03 -1.87417E-03
  1.68000E+03 -1.18956E-16 -1.08728E-06 -3.05735E-05 -1.06868E-04 -4.09483E-04 -1.17349E-03 -1.97455E-03 -1.82695E-03
  1.72000E+03 -3.21786E-17 -7.15238E-07 -2.45730E-05 -8.88463E-05 -3.41453E-04 -1.00672E-03 -1.77413E-03 -1.76015E-03
  1.76000E+03 -8.48867E-18 -4.65862E-07 -1.96098E-05 -7.38901E-05 -2.84523E-04 -8.61404E-04 -1.58665E-03 -1.67875E-03
  1.80000E+03 -2.18223E-18 -3.00454E-07 -1.55399E-05 -6.14599E-05 -2.36936E-04 -7.35253E-04 -1.41282E-03 -1.58700E-03
  1.84000E+03 -5.46378E-19 -1.91880E-07 -1.22303E-05 -5.11137E-05 -1.97197E-04 -6.26127E-04 -1.25292E-03 -1.48851E-03
  1.88000E+03 -1.33166E-19 -1.21346E-07 -9.56066E-06 -4.24899E-05 -1.64041E-04 -5.32041E-04 -1.10687E-03 -1.38631E-03
  1.92000E+03 -3.15803E-20 -7.59946E-08 -7.42425E-06 -3.52931E-05 -1.36397E-04 -4.51172E-04 -9.74313E-04 -1.28287E-03
  1.96000E+03 -7.28429E-21 -4.71317E-08 -5.72763E-06 -2.92815E-05 -1.13363E-04 -3.81864E-04 -8.54704E-04 -1.18021E-03
  2.00000E+03 -1.63365E-21 -2.89487E-08 -4.39031E-06 -2.42572E-05 -9.41821E-05 -3.22625E-04 -7.47353E-04 -1.07992E-03
  2.04000E+03 -3.56113E-22 -1.76093E-08 -3.34388E-06 -2.00576E-05 -7.82163E-05 -2.72119E-04 -6.51480E-04 -9.83205E-04
  2.08000E+03 -7.54301E-23 -1.06088E-08 -2.53090E-06 -1.65487E-05 -6.49323E-05 -2.29160E-04 -5.66249E-04 -8.90985E-04
  2.12000E+03 -1.55203E-23 -6.33005E-09 -1.90370E-06 -1.36195E-05 -5.38834E-05 -1.92702E-04 -4.90803E-04 -8.03895E-04
  2.16000E+03 -3.10118E-24 -3.74092E-09 -1.42315E-06 -1.11776E-05 -4.46961E-05 -1.61822E-04 -4.24284E-04 -7.22344E-04
  2.20000E+03 -6.01588E-25 -2.18972E-09 -1.05744E-06 -9.14559E-06 -3.70588E-05 -1.35718E-04 -3.65856E-04 -6.46557E-04
  2.24000E+03 -1.13263E-25 -1.26954E-09 -7.80967E-07 -7.45857E-06 -3.07113E-05 -1.13689E-04 -3.14717E-04 -5.76604E-04
  2.28000E+03 -2.06902E-26 -7.29057E-10 -5.73331E-07 -6.06169E-06 -2.54371E-05 -9.51303E-05 -2.70105E-04 -5.12435E-04
  2.32000E+03 -3.66597E-27 -4.14706E-10 -4.18400E-07 -4.90856E-06 -2.10557E-05 -7.95184E-05 -2.31310E-04 -4.53904E-04
  2.36000E+03 -6.29830E-28 -2.33663E-10 -3.03534E-07 -3.95981E-06 -1.74167E-05 -6.64037E-05 -1.97673E-04 -4.00794E-04
  2.40000E+03 -1.04887E-28 -1.30413E-10 -2.18911E-07 -3.18202E-06 -1.43953E-05 -5.54011E-05 -1.68592E-04 -3.52836E-04
  2.44000E+03 -1.69250E-29 -7.21004E-11 -1.56959E-07 -2.54682E-06 -1.18875E-05 -4.61813E-05 -1.43515E-04 -3.09725E-04
  2.48000E+03 -2.64537E-30 -3.94864E-11 -1.11886E-07 -2.03014E-06 -9.80685E-06 -3.84641E-05 -1.21946E-04 -2.71134E-04
  2.52000E+03 -4.00339E-31 -2.14219E-11 -7.92950E-08 -1.61160E-06 -8.08143E-06 -3.20110E-05 -1.03439E-04 -2.36725E-04
  2.56000E+03 -5.86378E-32 -1.15127E-11 -5.58739E-08 -1.27402E-06 -6.65143E-06 -2.66202E-05 -8.75963E-05 -2.06161E-04
  2.60000E+03 -8.30904E-33 -6.12927E-12 -3.91448E-08 -1.00291E-06 -5.46712E-06 -2.21206E-05 -7.40626E-05 -1.79106E-04
  2.64000E+03 -1.13855E-33 -3.23266E-12 -2.72677E-08 -7.86158E-07 -4.48711E-06 -1.83681E-05 -6.25254E-05 -1.55239E-04
  2.68000E+03 -1.50792E-34 -1.68904E-12 -1.88861E-08 -6.13632E-07 -3.67693E-06 -1.52409E-05 -5.27095E-05 -1.34249E-04
  2.72000E+03 -1.92935E-35 -8.74279E-13 -1.30065E-08 -4.76930E-07 -3.00789E-06 -1.26368E-05 -4.43736E-05 -1.15846E-04
  2.76000E+03 -2.38356E-36 -4.48333E-13 -8.90656E-09 -3.69104E-07 -2.45609E-06 -1.04698E-05 -3.73068E-05 -9.97578E-05
  2.80000E+03 -2.84170E-37 -2.27771E-13 -6.06455E-09 -2.84440E-07 -2.00164E-06 -8.66771E-06 -3.13260E-05 -8.57309E-05
  2.84000E+03 -3.26748E-38 -1.14643E-13 -4.10613E-09 -2.18264E-07 -1.62792E-06 -7.17013E-06 -2.62723E-05 -7.35336E-05
  2.88000E+03 -3.62127E-39 -5.71684E-14 -2.76449E-09 -1.66774E-07 -1.32113E-06 -5.92642E-06 -2.20084E-05 -6.29538E-05
  2.92000E+03 -3.86573E-40 -2.82443E-14 -1.85077E-09 -1.26891E-07 -1.06973E-06 -4.89424E-06 -1.84161E-05 -5.37989E-05
  2.96000E+03 -3.97212E-41 -1.38254E-14 -1.23212E-09 -9.61393E-08 -8.64139E-07 -4.03819E-06 -1.53935E-05 -4.58953E-05
  3.00000E+03 -3.92504E-42 -6.70512E-15 -8.15669E-10 -7.25338E-08 -6.96356E-07 -3.32871E-06 -1.28537E-05 -3.90868E-05
  3.04000E+03 -3.71344E-43 -3.22198E-15 -5.36964E-10 -5.44950E-08 -5.59737E-07 -2.74116E-06 -1.07222E-05 -3.32341E-05
  3.08000E+03 -3.36312E-44 -1.53403E-15 -3.51519E-10 -4.07714E-08 -4.48753E-07 -2.25494E-06 -8.93533E-06 -2.82132E-05
  3.12000E+03 -1.40130E-45 -7.23684E-16 -2.28839E-10 -3.03771E-08 -3.58817E-07 -1.85292E-06 -7.43909E-06 -2.39141E-05
  3.16000E+03  0.00000E+00 -3.38280E-16 -1.48146E-10 -2.25389E-08 -2.86123E-07 -1.52079E-06 -6.18751E-06 -2.02398E-05
  3.20000E+03  0.00000E+00 -1.56683E-16 -9.53750E-11 -1.66542E-08 -2.27520E-07 -1.24666E-06 -5.14165E-06 -1.71051E-05
  3.24000E+03  0.00000E+00 -7.19117E-17 -6.10613E-11 -1.22553E-08 -1.80408E-07 -1.02061E-06 -4.26851E-06 -1.44351E-05
  3.28000E+03  0.00000E+00 -3.27051E-17 -3.88766E-11 -8.98130E-09 -1.42638E-07 -8.34405E-07 -3.54022E-06 -1.21645E-05
  3.32000E+03  0.00000E+00 -1.47394E-17 -2.46152E-11 -6.55508E-09 -1.12446E-07 -6.81182E-07 -2.93326E-06 -1.02363E-05
  3.36000E+03  0.00000E+00 -6.58267E-18 -1.54994E-11 -4.76480E-09 -8.83806E-08 -5.55239E-07 -2.42780E-06 -8.60119E-06
  3.40000E+03  0.00000E+00 -2.91336E-18 -9.70571E-12 -3.44941E-09 -6.92564E-08 -4.51837E-07 -2.00716E-06 -7.21615E-06
  3.44000E+03  0.00000E+00 -1.27781E-18 -6.04422E-12 -2.48703E-09 -5.41038E-08 -3.67038E-07 -1.65730E-06 -6.04411E-06
  3.48000E+03  0.00000E+00 -5.55432E-19 -3.74333E-12 -1.78590E-09 -4.21341E-08 -2.97571E-07 -1.36642E-06 -5.05305E-06
  3.52000E+03  0.00000E+00 -2.39276E-19 -2.30559E-12 -1.27723E-09 -3.27064E-08 -2.40722E-07 -1.12461E-06 -4.21538E-06
  3.56000E+03  0.00000E+00 -1.02161E-19 -1.41226E-12 -9.09728E-10 -2.53021E-08 -1.94237E-07 -9.23565E-07 -3.50731E-06
  3.60000E+03  0.00000E+00 -4.32316E-20 -8.60313E-13 -6.45290E-10 -1.95025E-08 -1.56245E-07 -7.56284E-07 -2.90840E-06
  3.64000E+03  0.00000E+00 -1.81326E-20 -5.21199E-13 -4.55763E-10 -1.49703E-08 -1.25191E-07 -6.16897E-07 -2.40106E-06
  3.68000E+03  0.00000E+00 -7.53837E-21 -3.14006E-13 -3.20423E-10 -1.14344E-08 -9.97831E-08 -5.00454E-07 -1.97012E-06
  3.72000E+03  0.00000E+00 -3.10646E-21 -1.88108E-13 -2.24080E-10 -8.67738E-09 -7.89430E-08 -4.02776E-07 -1.60248E-06
  3.76000E+03  0.00000E+00 -1.26894E-21 -1.12006E-13 -1.55636E-10 -6.52455E-09 -6.17697E-08 -3.20316E-07 -1.28680E-06
  3.80000E+03  0.00000E+00 -5.13800E-22 -6.62102E-14 -1.06995E-10 -4.83561E-09 -4.75051E-08 -2.50046E-07 -1.01318E-06
  3.84000E+03  0.00000E+00 -2.06164E-22 -3.87149E-14 -7.22502E-11 -3.49709E-09 -3.55054E-08 -1.89350E-07 -7.72912E-07
  3.88000E+03  0.00000E+00 -8.18133E-23 -2.21404E-14 -4.70669E-11 -2.41628E-09 -2.52169E-08 -1.35947E-07 -5.58227E-07
  3.92000E+03  0.00000E+00 -3.16658E-23 -1.19283E-14 -2.82128E-11 -1.51603E-09 -1.61549E-08 -8.78013E-08 -3.62110E-07
  3.96000E+03  0.00000E+00 -1.07791E-23 -5.19767E-15 -1.32004E-11 -7.30262E-10 -7.88366E-09 -4.30634E-08 -1.78077E-07
  4.00000E+03  0.00000E+00  0.00000E+00  0.00000E+00  0.00000E+00  0.00000E+00  0.00000E+00  0.00000E+00  0.00000E+00
