 Depth 10 30 50 70 90
  0.00000E+00 -5.68204E-02 -3.63805E-03  1.30522E-01  2.48953E-02  2.47237E-01
  4.00000E+01 -5.38180E-02 -1.45024E-02  1.01040E-01  2.99777E-02  1.78106E-01
  8.00000E+01 -4.84457E-02 -2.05521E-02  7.70776E-02  3.50087E-02  1.28776E-01
  1.20000E+02 -4.16353E-02 -2.31424E-02  5.78996E-02  3.76447E-02  9.44591E-02
  1.60000E+02 -3.43146E-02 -2.34080E-02  4.27442E-02  3.77819E-02  7.08543E-02
  2.00000E+02 -2.72235E-02 -2.22452E-02  3.08995E-02  3.60448E-02  5.45920E-02
  2.40000E+02 -2.08490E-02 -2.03146E-02  2.17405E-02  3.31068E-02  4.31991E-02
  2.80000E+02 -1.54425E-02 -1.80642E-02  1.47404E-02  2.95005E-02  3.49632E-02
  3.20000E+02 -1.10747E-02 -1.57703E-02  9.46381E-03  2.56152E-02  2.87595E-02
  3.60000E+02 -7.69426E-03 -1.35845E-02  5.55459E-03  2.17310E-02  2.38842E-02
  4.00000E+02 -5.18009E-03 -1.15776E-02  2.72159E-03  1.80435E-02  1.99154E-02
  4.40000E+02 -3.37975E-03 -9.77407E-03  7.26964E-04  1.46805E-02  1.66066E-02
  4.80000E+02 -2.13716E-03 -8.17532E-03 -6.23177E-04  1.17126E-02  1.38139E-02
  5.20000E+02 -1.30989E-03 -6.77302E-03 -1.48598E-03  9.16559E-03  1.14480E-02
  5.60000E+02 -7.78276E-04 -5.55542E-03 -1.98765E-03  7.03194E-03  9.44701E-03
  6.00000E+02 -4.48347E-04 -4.50964E-03 -2.22828E-03  5.28219E-03  7.76153E-03
  6.40000E+02 -2.50477E-04 -3.62207E-03 -2.28610E-03  3.87464E-03  6.34854E-03
  6.80000E+02 -1.35735E-04 -2.87830E-03 -2.22119E-03  2.76251E-03  5.16917E-03
  7.20000E+02 -7.13655E-05 -2.26319E-03 -2.07882E-03  1.89907E-03  4.18837E-03
  7.60000E+02 -3.64134E-05 -1.76118E-03 -1.89230E-03  1.24060E-03  3.37519E-03
  8.00000E+02 -1.80346E-05 -1.35676E-03 -1.68553E-03  7.48080E-04  2.70281E-03
  8.40000E+02 -8.67200E-06 -1.03505E-03 -1.47505E-03  3.87756E-04  2.14846E-03
  8.80000E+02 -4.04936E-06 -7.82182E-04 -1.27183E-03  1.31135E-04  1.69297E-03
  9.20000E+02 -1.83650E-06 -5.85704E-04 -1.08267E-03 -4.53769E-05  1.32030E-03
  9.60000E+02 -8.09113E-07 -4.34697E-04 -9.11320E-04 -1.61004E-04  1.01701E-03
  1.00000E+03 -3.46346E-07 -3.19839E-04 -7.59388E-04 -2.31191E-04  7.71798E-04
  1.04000E+03 -1.44065E-07 -2.33343E-04 -6.27002E-04 -2.68174E-04  5.75100E-04
  1.08000E+03 -5.82388E-08 -1.68824E-04 -5.13332E-04 -2.81523E-04  4.18784E-04
  1.12000E+03 -2.28836E-08 -1.21143E-04 -4.16966E-04 -2.78613E-04  2.95911E-04
  1.16000E+03 -8.74066E-09 -8.62207E-05 -3.36183E-04 -2.65040E-04  2.00552E-04
  1.20000E+03 -3.24574E-09 -6.08677E-05 -2.69146E-04 -2.44979E-04  1.27651E-04
  1.24000E+03 -1.17184E-09 -4.26211E-05 -2.14027E-04 -2.21473E-04  7.29119E-05
  1.28000E+03 -4.11385E-10 -2.96018E-05 -1.69094E-04 -1.96688E-04  3.27070E-05
  1.32000E+03 -1.40435E-10 -2.03915E-05 -1.32758E-04 -1.72113E-04  3.99532E-06
  1.36000E+03 -4.66210E-11 -1.39315E-05 -1.03594E-04 -1.48722E-04 -1.57493E-05
  1.40000E+03 -1.50517E-11 -9.43924E-06 -8.03562E-05 -1.27106E-04 -2.86050E-05
  1.44000E+03 -4.72611E-12 -6.34218E-06 -6.19678E-05 -1.07580E-04 -3.62623E-05
  1.48000E+03 -1.44329E-12 -4.22547E-06 -4.75138E-05 -9.02603E-05 -4.00805E-05
  1.52000E+03 -4.28695E-13 -2.79137E-06 -3.62258E-05 -7.51273E-05 -4.11384E-05
  1.56000E+03 -1.23850E-13 -1.82826E-06 -2.74660E-05 -6.20740E-05 -4.02801E-05
  1.60000E+03 -3.48019E-14 -1.18717E-06 -2.07099E-05 -5.09398E-05 -3.81557E-05
  1.64000E+03 -9.51215E-15 -7.64220E-07 -1.55307E-05 -4.15363E-05 -3.52570E-05
  1.68000E+03 -2.52887E-15 -4.87677E-07 -1.15839E-05 -3.36649E-05 -3.19482E-05
  1.72000E+03 -6.53961E-16 -3.08486E-07 -8.59395E-06 -2.71293E-05 -2.84921E-05
  1.76000E+03 -1.64498E-16 -1.93425E-07 -6.34185E-06 -2.17432E-05 -2.50722E-05
  1.80000E+03 -4.02493E-17 -1.20213E-07 -4.65523E-06 -1.73352E-05 -2.18109E-05
  1.84000E+03 -9.57984E-18 -7.40516E-08 -3.39924E-06 -1.37511E-05 -1.87841E-05
  1.88000E+03 -2.21806E-18 -4.52124E-08 -2.46916E-06 -1.08548E-05 -1.60336E-05
  1.92000E+03 -4.99607E-19 -2.73597E-08 -1.78423E-06 -8.52794E-06 -1.35762E-05
  1.96000E+03 -1.09484E-19 -1.64092E-08 -1.28263E-06 -6.66897E-06 -1.14117E-05
  2.00000E+03 -2.33446E-20 -9.75402E-09 -9.17285E-07 -5.19176E-06 -9.52797E-06
  2.04000E+03 -4.84383E-21 -5.74639E-09 -6.52632E-07 -4.02395E-06 -7.90570E-06
  2.08000E+03 -9.78216E-22 -3.35520E-09 -4.61955E-07 -3.10534E-06 -6.52154E-06
  2.12000E+03 -1.92319E-22 -1.94157E-09 -3.25314E-07 -2.38626E-06 -5.35034E-06
  2.16000E+03 -3.68191E-23 -1.11352E-09 -2.27921E-07 -1.82603E-06 -4.36678E-06
  2.20000E+03 -6.86660E-24 -6.32927E-10 -1.58871E-07 -1.39157E-06 -3.54653E-06
  2.24000E+03 -1.24800E-24 -3.56548E-10 -1.10176E-07 -1.05616E-06 -2.86684E-06
  2.28000E+03 -2.21167E-25 -1.99064E-10 -7.60178E-08 -7.98372E-07 -2.30699E-06
  2.32000E+03 -3.82402E-26 -1.10149E-10 -5.21832E-08 -6.01101E-07 -1.84842E-06
  2.36000E+03 -6.45524E-27 -6.04057E-11 -3.56396E-08 -4.50789E-07 -1.47482E-06
  2.40000E+03 -1.06471E-27 -3.28315E-11 -2.42172E-08 -3.36742E-07 -1.17196E-06
  2.44000E+03 -1.71724E-28 -1.76856E-11 -1.63720E-08 -2.50571E-07 -9.27629E-07
  2.48000E+03 -2.71066E-29 -9.44203E-12 -1.10120E-08 -1.85732E-07 -7.31424E-07
  2.52000E+03 -4.19099E-30 -4.99609E-12 -7.36910E-09 -1.37144E-07 -5.74563E-07
  2.56000E+03 -6.35139E-31 -2.62008E-12 -4.90623E-09 -1.00880E-07 -4.49693E-07
  2.60000E+03 -9.44029E-32 -1.36183E-12 -3.24985E-09 -7.39243E-08 -3.50701E-07
  2.64000E+03 -1.37667E-32 -7.01545E-13 -2.14170E-09 -5.39666E-08 -2.72539E-07
  2.68000E+03 -1.96995E-33 -3.58191E-13 -1.40421E-09 -3.92489E-08 -2.11066E-07
  2.72000E+03 -2.76563E-34 -1.81260E-13 -9.15964E-10 -2.84381E-08 -1.62903E-07
  2.76000E+03 -3.80763E-35 -9.09114E-14 -5.94426E-10 -2.05281E-08 -1.25310E-07
  2.80000E+03 -5.13727E-36 -4.51926E-14 -3.83784E-10 -1.47631E-08 -9.60731E-08
  2.84000E+03 -6.78615E-37 -2.22664E-14 -2.46515E-10 -1.05777E-08 -7.34175E-08
  2.88000E+03 -8.76705E-38 -1.08735E-14 -1.57530E-10 -7.55082E-09 -5.59235E-08
  2.92000E+03 -1.10637E-38 -5.26287E-15 -1.00148E-10 -5.37019E-09 -4.24620E-08
  2.96000E+03 -1.36214E-39 -2.52474E-15 -6.33403E-11 -3.80523E-09 -3.21390E-08
  3.00000E+03 -1.63407E-40 -1.20047E-15 -3.98542E-11 -2.68640E-09 -2.42493E-08
  3.04000E+03 -1.90759E-41 -5.65756E-16 -2.49471E-11 -1.88957E-09 -1.82396E-08
  3.08000E+03 -2.16220E-42 -2.64271E-16 -1.55351E-11 -1.32421E-09 -1.36770E-08
  3.12000E+03 -2.36819E-43 -1.22354E-16 -9.62405E-12 -9.24608E-10 -1.02243E-08
  3.16000E+03 -2.38221E-44 -5.61475E-17 -5.93124E-12 -6.43228E-10 -7.61997E-09
  3.20000E+03 -1.40130E-45 -2.55383E-17 -3.63644E-12 -4.45843E-10 -5.66181E-09
  3.24000E+03  0.00000E+00 -1.15134E-17 -2.21792E-12 -3.07899E-10 -4.19419E-09
  3.28000E+03  0.00000E+00 -5.14477E-18 -1.34572E-12 -2.11858E-10 -3.09769E-09
  3.32000E+03  0.00000E+00 -2.27867E-18 -8.12273E-13 -1.45243E-10 -2.28101E-09
  3.36000E+03  0.00000E+00 -1.00035E-18 -4.87734E-13 -9.92101E-11 -1.67463E-09
  3.40000E+03  0.00000E+00 -4.35285E-19 -2.91338E-13 -6.75195E-11 -1.22578E-09
  3.44000E+03  0.00000E+00 -1.87739E-19 -1.73118E-13 -4.57840E-11 -8.94548E-10
  3.48000E+03  0.00000E+00 -8.02583E-20 -1.02334E-13 -3.09318E-11 -6.50843E-10
  3.52000E+03  0.00000E+00 -3.40083E-20 -6.01760E-14 -2.08208E-11 -4.72065E-10
  3.56000E+03  0.00000E+00 -1.42836E-20 -3.52010E-14 -1.39629E-11 -3.41291E-10
  3.60000E+03  0.00000E+00 -5.94636E-21 -2.04837E-14 -9.32832E-12 -2.45889E-10
  3.64000E+03  0.00000E+00 -2.45372E-21 -1.18570E-14 -6.20741E-12 -1.76463E-10
  3.68000E+03  0.00000E+00 -1.00360E-21 -6.82704E-15 -4.11284E-12 -1.26042E-10
  3.72000E+03  0.00000E+00 -4.06871E-22 -3.90936E-15 -2.71124E-12 -8.94715E-11
  3.76000E+03  0.00000E+00 -1.63497E-22 -2.22532E-15 -1.77535E-12 -6.29470E-11
  3.80000E+03  0.00000E+00 -6.51164E-23 -1.25746E-15 -1.15067E-12 -4.36669E-11
  3.84000E+03  0.00000E+00 -2.56931E-23 -7.02517E-16 -7.32427E-13 -2.95699E-11
  3.88000E+03  0.00000E+00 -1.00179E-23 -3.83378E-16 -4.49553E-13 -1.91390E-11
  3.92000E+03  0.00000E+00 -3.79866E-24 -1.96590E-16 -2.53698E-13 -1.12543E-11
  3.96000E+03  0.00000E+00 -1.25533E-24 -8.11717E-17 -1.11631E-13 -5.08335E-12
  4.00000E+03  0.00000E+00  0.00000E+00  0.00000E+00  0.00000E+00  0.00000E+00
