 Depth 10 30 50 70 90
  0.00000E+00  4.14356E-03  2.66654E-02  5.68682E-02  6.60477E-02  2.26310E-01
  4.00000E+01  3.56863E-03  2.13207E-02  5.10753E-02  5.82073E-02  1.93375E-01
  8.00000E+01  2.93222E-03  1.71050E-02  4.56252E-02  5.18383E-02  1.64841E-01
  1.20000E+02  2.32911E-03  1.37886E-02  4.04786E-02  4.65553E-02  1.40293E-01
  1.60000E+02  1.80175E-03  1.11700E-02  3.56406E-02  4.20605E-02  1.19314E-01
  2.00000E+02  1.36168E-03  9.08620E-03  3.11377E-02  3.81358E-02  1.01487E-01
  2.40000E+02  1.00631E-03  7.41162E-03  2.69978E-02  3.46294E-02  8.64033E-02
  2.80000E+02  7.27181E-04  6.05295E-03  2.32395E-02  3.14401E-02  7.36800E-02
  3.20000E+02  5.13621E-04  4.94149E-03  1.98696E-02  2.85024E-02  6.29658E-02
  3.60000E+02  3.54449E-04  4.02675E-03  1.68827E-02  2.57754E-02  5.39483E-02
  4.00000E+02  2.38900E-04  3.27125E-03  1.42631E-02  2.32349E-02  4.63554E-02
  4.40000E+02  1.57217E-04  2.64670E-03  1.19874E-02  2.08669E-02  3.99533E-02
  4.80000E+02  1.00998E-04  2.13111E-03  1.00273E-02  1.86640E-02  3.45434E-02
  5.20000E+02  6.33265E-05  1.70691E-03  8.35181E-03  1.66216E-02  2.99584E-02
  5.60000E+02  3.87510E-05  1.35955E-03  6.92911E-03  1.47370E-02  2.60584E-02
  6.00000E+02  2.31416E-05  1.07673E-03  5.72825E-03  1.30070E-02  2.27271E-02
  6.40000E+02  1.34874E-05  8.47885E-04  4.71998E-03  1.14281E-02  1.98684E-02
  6.80000E+02  7.67214E-06  6.63912E-04  3.87738E-03  9.99548E-03  1.74032E-02
  7.20000E+02  4.25994E-06  5.16964E-04  3.17619E-03  8.70346E-03  1.52669E-02
  7.60000E+02  2.30911E-06  4.00334E-04  2.59488E-03  7.54516E-03  1.34070E-02
  8.00000E+02  1.22208E-06  3.08337E-04  2.11459E-03  6.51285E-03  1.17804E-02
  8.40000E+02  6.31595E-07  2.36205E-04  1.71899E-03  5.59812E-03  1.03525E-02
  8.80000E+02  3.18804E-07  1.79979E-04  1.39409E-03  4.79214E-03  9.09477E-03
  9.20000E+02  1.57188E-07  1.36400E-04  1.12796E-03  4.08583E-03  7.98419E-03
  9.60000E+02  7.57149E-08  1.02813E-04  9.10512E-04  3.47013E-03  7.00171E-03
  1.00000E+03  3.56337E-08  7.70707E-05  7.33266E-04  2.93615E-03  6.13158E-03
  1.04000E+03  1.63869E-08  5.74502E-05  5.89126E-04  2.47531E-03  5.36061E-03
  1.08000E+03  7.36419E-09  4.25795E-05  4.72174E-04  2.07946E-03  4.67762E-03
  1.12000E+03  3.23418E-09  3.13729E-05  3.77500E-04  1.74096E-03  4.07302E-03
  1.16000E+03  1.38811E-09  2.29764E-05  3.01036E-04  1.45278E-03  3.53850E-03
  1.20000E+03  5.82253E-10  1.67230E-05  2.39424E-04  1.20844E-03  3.06670E-03
  1.24000E+03  2.38681E-10  1.20940E-05  1.89901E-04  1.00210E-03  2.65111E-03
  1.28000E+03  9.56152E-11  8.68922E-06  1.50194E-04  8.28512E-04  2.28588E-03
  1.32000E+03  3.74299E-11  6.20108E-06  1.18441E-04  6.83018E-04  1.96572E-03
  1.36000E+03  1.43175E-11  4.39499E-06  9.31173E-05  5.61495E-04  1.68583E-03
  1.40000E+03  5.35102E-12  3.09303E-06  7.29793E-05  4.60335E-04  1.44184E-03
  1.44000E+03  1.95386E-12  2.16113E-06  5.70122E-05  3.76398E-04  1.22978E-03
  1.48000E+03  6.96939E-13  1.49896E-06  4.43912E-05  3.06969E-04  1.04603E-03
  1.52000E+03  2.42828E-13  1.03194E-06  3.44469E-05  2.49712E-04  8.87291E-04
  1.56000E+03  8.26344E-14  7.05057E-07  2.66375E-05  2.02629E-04  7.50594E-04
  1.60000E+03  2.74621E-14  4.78032E-07  2.05256E-05  1.64021E-04  6.33238E-04
  1.64000E+03  8.91182E-15  3.21597E-07  1.57590E-05  1.32448E-04  5.32800E-04
  1.68000E+03  2.82365E-15  2.14661E-07  1.20549E-05  1.06698E-04  4.47104E-04
  1.72000E+03  8.73403E-16  1.42152E-07  9.18705E-06  8.57495E-05  3.74208E-04
  1.76000E+03  2.63709E-16  9.33864E-08  6.97502E-06  6.87514E-05  3.12388E-04
  1.80000E+03  7.77119E-17  6.08586E-08  5.27532E-06  5.49931E-05  2.60115E-04
  1.84000E+03  2.23484E-17  3.93414E-08  3.97435E-06  4.38844E-05  2.16045E-04
  1.88000E+03  6.27115E-18  2.52261E-08  2.98250E-06  3.49369E-05  1.78996E-04
  1.92000E+03  1.71684E-18  1.60439E-08  2.22932E-06  2.77478E-05  1.47939E-04
  1.96000E+03  4.58494E-19  1.01208E-08  1.65969E-06  2.19854E-05  1.21976E-04
  2.00000E+03  1.19426E-19  6.33227E-09  1.23062E-06  1.73778E-05  1.00330E-04
  2.04000E+03  3.03362E-20  3.92947E-09  9.08769E-07  1.37025E-05  8.23329E-05
  2.08000E+03  7.51374E-21  2.41842E-09  6.68338E-07  1.07780E-05  6.74078E-05
  2.12000E+03  1.81433E-21  1.47621E-09  4.89482E-07  8.45664E-06  5.50624E-05
  2.16000E+03  4.27041E-22  8.93674E-10  3.56994E-07  6.61864E-06  4.48767E-05
  2.20000E+03  9.79596E-23  5.36562E-10  2.59270E-07  5.16699E-06  3.64938E-05
  2.24000E+03  2.18964E-23  3.19499E-10  1.87499E-07  4.02338E-06  2.96114E-05
  2.28000E+03  4.76835E-24  1.88680E-10  1.35015E-07  3.12474E-06  2.39745E-05
  2.32000E+03  1.01147E-24  1.10506E-10  9.68033E-08  2.42045E-06  1.93687E-05
  2.36000E+03  2.08951E-25  6.41875E-11  6.91046E-08  1.86991E-06  1.56141E-05
  2.40000E+03  4.20295E-26  3.69758E-11  4.91154E-08  1.44071E-06  1.25605E-05
  2.44000E+03  8.22987E-27  2.11245E-11  3.47543E-08  1.10700E-06  1.00827E-05
  2.48000E+03  1.56843E-27  1.19691E-11  2.44831E-08  8.48253E-07  8.07660E-06
  2.52000E+03  2.90853E-28  6.72566E-12  1.71702E-08  6.48177E-07  6.45603E-06
  2.56000E+03  5.24703E-29  3.74811E-12  1.19874E-08  4.93903E-07  5.14981E-06
  2.60000E+03  9.20617E-30  2.07154E-12  8.33099E-09  3.75281E-07  4.09926E-06
  2.64000E+03  1.57057E-30  1.13548E-12  5.76346E-09  2.84334E-07  3.25620E-06
  2.68000E+03  2.60455E-31  6.17260E-13  3.96889E-09  2.14805E-07  2.58111E-06
  2.72000E+03  4.19742E-32  3.32784E-13  2.72047E-09  1.61806E-07  2.04169E-06
  2.76000E+03  6.57169E-33  1.77936E-13  1.85608E-09  1.21526E-07  1.61162E-06
  2.80000E+03  9.99271E-34  9.43564E-14  1.26042E-09  9.10031E-08  1.26946E-06
  2.84000E+03  1.47523E-34  4.96235E-14  8.51900E-10  6.79436E-08  9.97830E-07
  2.88000E+03  2.11379E-35  2.58829E-14  5.73071E-10  5.05750E-08  7.82661E-07
  2.92000E+03  2.93854E-36  1.33890E-14  3.83676E-10  3.75327E-08  6.12584E-07
  2.96000E+03  3.96193E-37  6.86899E-15  2.55651E-10  2.77690E-08  4.78440E-07
  3.00000E+03  5.17868E-38  3.49503E-15  1.69532E-10  2.04825E-08  3.72868E-07
  3.04000E+03  6.55976E-39  1.76369E-15  1.11883E-10  1.50614E-08  2.89964E-07
  3.08000E+03  8.04867E-40  8.82688E-16  7.34822E-11  1.10408E-08  2.25003E-07
  3.12000E+03  9.56148E-41  4.38134E-16  4.80283E-11  8.06836E-09  1.74213E-07
  3.16000E+03  1.09904E-41  2.15687E-16  3.12394E-11  5.87770E-09  1.34592E-07
  3.20000E+03  1.22053E-42  1.05307E-16  2.02205E-11  4.26838E-09  1.03751E-07
  3.24000E+03  1.28919E-43  5.09928E-17  1.30245E-11  3.08989E-09  7.97995E-08
  3.28000E+03  1.26117E-44  2.44895E-17  8.34838E-12  2.22968E-09  6.12396E-08
  3.32000E+03  0.00000E+00  1.16646E-17  5.32492E-12  1.60381E-09  4.68901E-08
  3.36000E+03  0.00000E+00  5.51035E-18  3.37978E-12  1.14993E-09  3.58212E-08
  3.40000E+03  0.00000E+00  2.58173E-18  2.13464E-12  8.21839E-10  2.73023E-08
  3.44000E+03  0.00000E+00  1.19967E-18  1.34158E-12  5.85456E-10  2.07608E-08
  3.48000E+03  0.00000E+00  5.52889E-19  8.39005E-13  4.15704E-10  1.57491E-08
  3.52000E+03  0.00000E+00  2.52717E-19  5.22109E-13  2.94202E-10  1.19179E-08
  3.56000E+03  0.00000E+00  1.14566E-19  3.23298E-13  2.07519E-10  8.99553E-09
  3.60000E+03  0.00000E+00  5.15106E-20  1.99199E-13  1.45878E-10  6.77080E-09
  3.64000E+03  0.00000E+00  2.29700E-20  1.22124E-13  1.02180E-10  5.08006E-09
  3.68000E+03  0.00000E+00  1.01589E-20  7.44937E-14  7.12931E-11  3.79664E-09
  3.72000E+03  0.00000E+00  4.45612E-21  4.52038E-14  4.95137E-11  2.82259E-09
  3.76000E+03  0.00000E+00  1.93857E-21  2.72751E-14  3.41770E-11  2.08217E-09
  3.80000E+03  0.00000E+00  8.36343E-22  1.63422E-14  2.33672E-11  1.51666E-09
  3.84000E+03  0.00000E+00  3.57650E-22  9.68469E-15  1.57052E-11  1.08032E-09
  3.88000E+03  0.00000E+00  1.51174E-22  5.60915E-15  1.01919E-11  7.37131E-10
  3.92000E+03  0.00000E+00  6.21003E-23  3.05494E-15  6.09177E-12  4.58153E-10
  3.96000E+03  0.00000E+00  2.21581E-23  1.34119E-15  2.84521E-12  2.19398E-10
  4.00000E+03  0.00000E+00  0.00000E+00  0.00000E+00  0.00000E+00  0.00000E+00
