 Depth 10 30 50 70 90
  0.00000E+00  5.17007E-03  3.30190E-02  7.52336E-02  8.71971E-02  2.89174E-01
  4.00000E+01  4.07054E-03  2.46011E-02  6.22690E-02  7.13441E-02  2.28766E-01
  8.00000E+01  3.07663E-03  1.83899E-02  5.12864E-02  5.88902E-02  1.80618E-01
  1.20000E+02  2.25570E-03  1.38067E-02  4.19851E-02  4.89538E-02  1.42418E-01
  1.60000E+02  1.61376E-03  1.04107E-02  3.41410E-02  4.08990E-02  1.12236E-01
  2.00000E+02  1.12935E-03  7.87762E-03  2.75723E-02  3.42743E-02  8.84691E-02
  2.40000E+02  7.73618E-04  5.97440E-03  2.21175E-02  2.87609E-02  6.97992E-02
  2.80000E+02  5.18618E-04  4.53478E-03  1.76275E-02  2.41323E-02  5.51535E-02
  3.20000E+02  3.40093E-04  3.44005E-03  1.39640E-02  2.02240E-02  4.36695E-02
  3.60000E+02  2.18058E-04  2.60466E-03  1.09997E-02  1.69132E-02  3.46611E-02
  4.00000E+02  1.36643E-04  1.96620E-03  8.61983E-03  1.41055E-02  2.75866E-02
  4.40000E+02  8.36550E-05  1.47844E-03  6.72290E-03  1.17256E-02  2.20208E-02
  4.80000E+02  5.00229E-05  1.10660E-03  5.22077E-03  9.71221E-03  1.76318E-02
  5.20000E+02  2.92100E-05  8.24132E-04  4.03830E-03  8.01365E-03  1.41608E-02
  5.60000E+02  1.66542E-05  6.10529E-04  3.11241E-03  6.58573E-03  1.14069E-02
  6.00000E+02  9.27081E-06  4.49850E-04  2.39090E-03  5.39012E-03  9.21402E-03
  6.40000E+02  5.03855E-06  3.29665E-04  1.83108E-03  4.39333E-03  7.46130E-03
  6.80000E+02  2.67364E-06  2.40290E-04  1.39839E-03  3.56606E-03  6.05499E-03
  7.20000E+02  1.38528E-06  1.74216E-04  1.06515E-03  2.88265E-03  4.92239E-03
  7.60000E+02  7.00901E-07  1.25648E-04  8.09314E-04  2.32072E-03  4.00696E-03
  8.00000E+02  3.46342E-07  9.01493E-05  6.13483E-04  1.86084E-03  3.26468E-03
  8.40000E+02  1.67163E-07  6.43466E-05  4.63986E-04  1.48622E-03  2.66110E-03
  8.80000E+02  7.88169E-08  4.56925E-05  3.50148E-04  1.18246E-03  2.16918E-03
  9.20000E+02  3.63072E-08  3.22784E-05  2.63668E-04  9.37241E-04  1.76753E-03
  9.60000E+02  1.63423E-08  2.26830E-05  1.98118E-04  7.40162E-04  1.43920E-03
  1.00000E+03  7.18820E-09  1.58553E-05  1.48542E-04  5.82447E-04  1.17061E-03
  1.04000E+03  3.08995E-09  1.10227E-05  1.11127E-04  4.56757E-04  9.50847E-04
  1.08000E+03  1.29817E-09  7.62050E-06  8.29482E-05  3.56992E-04  7.71098E-04
  1.12000E+03  5.33062E-10  5.23837E-06  6.17716E-05  2.78114E-04  6.24184E-04
  1.16000E+03  2.13942E-10  3.57977E-06  4.58912E-05  2.15985E-04  5.04243E-04
  1.20000E+03  8.39241E-11  2.43157E-06  3.40088E-05  1.67225E-04  4.06467E-04
  1.24000E+03  3.21764E-11  1.64139E-06  2.51381E-05  1.29092E-04  3.26899E-04
  1.28000E+03  1.20568E-11  1.10092E-06  1.85316E-05  9.93715E-05  2.62279E-04
  1.32000E+03  4.41514E-12  7.33565E-07  1.36234E-05  7.62820E-05  2.09914E-04
  1.36000E+03  1.57996E-12  4.85498E-07  9.98639E-06  5.84005E-05  1.67580E-04
  1.40000E+03  5.52461E-13  3.19104E-07  7.29858E-06  4.45942E-05  1.33440E-04
  1.44000E+03  1.88744E-13  2.08260E-07  5.31781E-06  3.39655E-05  1.05981E-04
  1.48000E+03  6.29963E-14  1.34941E-07  3.86235E-06  2.58061E-05  8.39528E-05
  1.52000E+03  2.05393E-14  8.67947E-08  2.79614E-06  1.95593E-05  6.63301E-05
  1.56000E+03  6.54088E-15  5.54113E-08  2.01751E-06  1.47895E-05  5.22703E-05
  1.60000E+03  2.03432E-15  3.51087E-08  1.45075E-06  1.11569E-05  4.10841E-05
  1.64000E+03  6.17850E-16  2.20749E-08  1.03957E-06  8.39710E-06  3.22089E-05
  1.68000E+03  1.83222E-16  1.37726E-08  7.42293E-07  6.30563E-06  2.51866E-05
  1.72000E+03  5.30454E-17  8.52572E-09  5.28116E-07  4.72441E-06  1.96456E-05
  1.76000E+03  1.49914E-17  5.23622E-09  3.74361E-07  3.53177E-06  1.52855E-05
  1.80000E+03  4.13526E-18  3.19045E-09  2.64385E-07  2.63429E-06  1.18638E-05
  1.84000E+03  1.11321E-18  1.92846E-09  1.86014E-07  1.96048E-06  9.18565E-06
  1.88000E+03  2.92417E-19  1.15632E-09  1.30377E-07  1.45575E-06  7.09504E-06
  1.92000E+03  7.49415E-20  6.87762E-10  9.10288E-08  1.07853E-06  5.46730E-06
  1.96000E+03  1.87360E-20  4.05767E-10  6.33088E-08  7.97239E-07  4.20317E-06
  2.00000E+03  4.56880E-21  2.37457E-10  4.38569E-08  5.87965E-07  3.22391E-06
  2.04000E+03  1.08651E-21  1.37832E-10  3.02611E-08  4.32623E-07  2.46720E-06
  2.08000E+03  2.51947E-22  7.93538E-11  2.07963E-08  3.17580E-07  1.88388E-06
  2.12000E+03  5.69583E-23  4.53137E-11  1.42340E-08  2.32577E-07  1.43531E-06
  2.16000E+03  1.25518E-23  2.56644E-11  9.70259E-09  1.69919E-07  1.09116E-06
  2.20000E+03  2.69580E-24  1.44168E-11  6.58653E-09  1.23840E-07  8.27743E-07
  2.24000E+03  5.64188E-25  8.03221E-12  4.45262E-09  9.00353E-08  6.26582E-07
  2.28000E+03  1.15037E-25  4.43845E-12  2.99743E-09  6.52952E-08  4.73308E-07
  2.32000E+03  2.28478E-26  2.43250E-12  2.00928E-09  4.72338E-08  3.56782E-07
  2.36000E+03  4.41941E-27  1.32220E-12  1.34114E-09  3.40810E-08  2.68387E-07
  2.40000E+03  8.32355E-28  7.12798E-13  8.91326E-10  2.45271E-08  2.01477E-07
  2.44000E+03  1.52611E-28  3.81115E-13  5.89807E-10  1.76051E-08  1.50939E-07
  2.48000E+03  2.72333E-29  2.02099E-13  3.88579E-10  1.26031E-08  1.12848E-07
  2.52000E+03  4.72885E-30  1.06290E-13  2.54877E-10  8.99799E-09  8.41994E-08
  2.56000E+03  7.98815E-31  5.54424E-14  1.66437E-10  6.40668E-09  6.26967E-08
  2.60000E+03  1.31240E-31  2.86820E-14  1.08199E-10  4.54910E-09  4.65912E-08
  2.64000E+03  2.09654E-32  1.47162E-14  7.00220E-11  3.22114E-09  3.45533E-08
  2.68000E+03  3.25565E-33  7.48859E-15  4.51099E-11  2.27444E-09  2.55740E-08
  2.72000E+03  4.91304E-34  3.77941E-15  2.89283E-11  1.60143E-09  1.88900E-08
  2.76000E+03  7.20295E-35  1.89176E-15  1.84661E-11  1.12435E-09  1.39248E-08
  2.80000E+03  1.02562E-35  9.39138E-16  1.17332E-11  7.87113E-10  1.02439E-08
  2.84000E+03  1.41786E-36  4.62394E-16  7.42054E-12  5.49427E-10  7.52065E-09
  2.88000E+03  1.90241E-37  2.25796E-16  4.67113E-12  3.82391E-10  5.51012E-09
  2.92000E+03  2.47655E-38  1.09356E-16  2.92661E-12  2.65352E-10  4.02880E-09
  2.96000E+03  3.12679E-39  5.25276E-17  1.82497E-12  1.83587E-10  2.93964E-09
  3.00000E+03  3.82725E-40  2.50240E-17  1.13262E-12  1.26637E-10  2.14049E-09
  3.04000E+03  4.53979E-41  1.18236E-17  6.99584E-13  8.70898E-11  1.55534E-09
  3.08000E+03  5.21563E-42  5.54069E-18  4.30050E-13  5.97110E-11  1.12778E-09
  3.12000E+03  5.81539E-43  2.57516E-18  2.63094E-13  4.08144E-11  8.16032E-10
  3.16000E+03  6.30584E-44  1.18705E-18  1.60181E-13  2.78122E-11  5.89203E-10
  3.20000E+03  7.00649E-45  5.42699E-19  9.70530E-14  1.88936E-11  4.24514E-10
  3.24000E+03  0.00000E+00  2.46080E-19  5.85196E-14  1.27951E-11  3.05198E-10
  3.28000E+03  0.00000E+00  1.10667E-19  3.51142E-14  8.63799E-12  2.18941E-10
  3.32000E+03  0.00000E+00  4.93616E-20  2.09675E-14  5.81321E-12  1.56718E-10
  3.36000E+03  0.00000E+00  2.18367E-20  1.24591E-14  3.89984E-12  1.11931E-10
  3.40000E+03  0.00000E+00  9.58105E-21  7.36719E-15  2.60794E-12  7.97649E-11
  3.44000E+03  0.00000E+00  4.16934E-21  4.33496E-15  1.73844E-12  5.67136E-11
  3.48000E+03  0.00000E+00  1.79949E-21  2.53825E-15  1.15511E-12  4.02307E-11
  3.52000E+03  0.00000E+00  7.70300E-22  1.47892E-15  7.65033E-13  2.84703E-11
  3.56000E+03  0.00000E+00  3.27039E-22  8.57455E-16  5.05018E-13  2.00973E-11
  3.60000E+03  0.00000E+00  1.37710E-22  4.94686E-16  3.32254E-13  1.41483E-11
  3.64000E+03  0.00000E+00  5.75126E-23  2.83981E-16  2.17823E-13  9.92944E-12
  3.68000E+03  0.00000E+00  2.38225E-23  1.62206E-16  1.42254E-13  6.94212E-12
  3.72000E+03  0.00000E+00  9.78671E-24  9.21700E-17  9.24814E-14  4.82876E-12
  3.76000E+03  0.00000E+00  3.98756E-24  5.20792E-17  5.97605E-14  3.33328E-12
  3.80000E+03  0.00000E+00  1.61125E-24  2.92224E-17  3.82558E-14  2.27254E-12
  3.84000E+03  0.00000E+00  6.45351E-25  1.62195E-17  2.40786E-14  1.51556E-12
  3.88000E+03  0.00000E+00  2.55502E-25  8.79979E-18  1.46374E-14  9.68565E-13
  3.92000E+03  0.00000E+00  9.83219E-26  4.49091E-18  8.19875E-15  5.64110E-13
  3.96000E+03  0.00000E+00  3.28778E-26  1.84838E-18  3.59035E-15  2.53279E-13
  4.00000E+03  0.00000E+00  0.00000E+00  0.00000E+00  0.00000E+00  0.00000E+00
