 Depth 10 30 50 70 90
  0.00000E+00 -5.28703E-02 -4.58524E-03  1.21467E-01  2.42548E-02  2.38587E-01
  4.00000E+01 -5.41566E-02 -1.63469E-02  1.00530E-01  3.12257E-02  1.85423E-01
  8.00000E+01 -5.25664E-02 -2.43589E-02  8.17837E-02  3.90768E-02  1.44740E-01
  1.20000E+02 -4.86116E-02 -2.92386E-02  6.53148E-02  4.50046E-02  1.14704E-01
  1.60000E+02 -4.30463E-02 -3.16494E-02  5.10544E-02  4.83310E-02  9.29861E-02
  2.00000E+02 -3.66526E-02 -3.22366E-02  3.88501E-02  4.92872E-02  7.73985E-02
  2.40000E+02 -3.01016E-02 -3.15700E-02  2.85148E-02  4.83394E-02  6.60927E-02
  2.80000E+02 -2.38939E-02 -3.01069E-02  1.98574E-02  4.59423E-02  5.76335E-02
  3.20000E+02 -1.83542E-02 -2.81817E-02  1.26966E-02  4.24930E-02  5.09876E-02
  3.60000E+02 -1.36528E-02 -2.60180E-02  6.86394E-03  3.83402E-02  4.54648E-02
  4.00000E+02 -9.83748E-03 -2.37544E-02  2.20284E-03  3.37921E-02  4.06403E-02
  4.40000E+02 -6.86734E-03 -2.14729E-02 -1.43387E-03  2.91127E-02  3.62776E-02
  4.80000E+02 -4.64497E-03 -1.92231E-02 -4.18510E-03  2.45160E-02  3.22601E-02
  5.20000E+02 -3.04454E-03 -1.70395E-02 -6.18155E-03  2.01623E-02  2.85405E-02
  5.60000E+02 -1.93409E-03 -1.49498E-02 -7.54495E-03  1.61600E-02  2.51037E-02
  6.00000E+02 -1.19107E-03 -1.29784E-02 -8.38702E-03  1.25725E-02  2.19458E-02
  6.40000E+02 -7.11218E-04 -1.11466E-02 -8.80857E-03  9.42674E-03  1.90626E-02
  6.80000E+02 -4.11891E-04 -9.47091E-03 -8.89896E-03  6.72258E-03  1.64453E-02
  7.20000E+02 -2.31411E-04 -7.96194E-03 -8.73594E-03  4.44137E-03  1.40809E-02
  7.60000E+02 -1.26159E-04 -6.62402E-03 -8.38594E-03  2.55274E-03  1.19534E-02
  8.00000E+02 -6.67549E-05 -5.45536E-03 -7.90469E-03  1.01978E-03  1.00460E-02
  8.40000E+02 -3.42911E-05 -4.44896E-03 -7.33801E-03 -1.97205E-04  8.34209E-03
  8.80000E+02 -1.71042E-05 -3.59387E-03 -6.72286E-03 -1.13821E-03  6.82645E-03
  9.20000E+02 -8.28580E-06 -2.87648E-03 -6.08837E-03 -1.84187E-03  5.48525E-03
  9.60000E+02 -3.89901E-06 -2.28175E-03 -5.45689E-03 -2.34445E-03  4.30594E-03
  1.00000E+03 -1.78253E-06 -1.79424E-03 -4.84501E-03 -2.67925E-03  3.27694E-03
  1.04000E+03 -7.91853E-07 -1.39885E-03 -4.26457E-03 -2.87633E-03  2.38729E-03
  1.08000E+03 -3.41855E-07 -1.08144E-03 -3.72343E-03 -2.96243E-03  1.62637E-03
  1.12000E+03 -1.43444E-07 -8.29121E-04 -3.22634E-03 -2.96099E-03  9.83673E-04
  1.16000E+03 -5.85081E-08 -6.30436E-04 -2.77552E-03 -2.89227E-03  4.48767E-04
  1.20000E+03 -2.31999E-08 -4.75430E-04 -2.37130E-03 -2.77356E-03  1.12589E-05
  1.24000E+03 -8.94404E-09 -3.55595E-04 -2.01257E-03 -2.61942E-03 -3.39124E-04
  1.28000E+03 -3.35268E-09 -2.63779E-04 -1.69721E-03 -2.44190E-03 -6.12434E-04
  1.32000E+03 -1.22206E-09 -1.94056E-04 -1.42239E-03 -2.25081E-03 -8.18382E-04
  1.36000E+03 -4.33175E-10 -1.41578E-04 -1.18486E-03 -2.05400E-03 -9.66222E-04
  1.40000E+03 -1.49322E-10 -1.02429E-04 -9.81155E-04 -1.85761E-03 -1.06465E-03
  1.44000E+03 -5.00604E-11 -7.34824E-05 -8.07754E-04 -1.66628E-03 -1.12170E-03
  1.48000E+03 -1.63227E-11 -5.22696E-05 -6.61199E-04 -1.48342E-03 -1.14474E-03
  1.52000E+03 -5.17639E-12 -3.68635E-05 -5.38185E-04 -1.31142E-03 -1.14036E-03
  1.56000E+03 -1.59666E-12 -2.57750E-05 -4.35621E-04 -1.15177E-03 -1.11443E-03
  1.60000E+03 -4.79021E-13 -1.78663E-05 -3.50662E-04 -1.00533E-03 -1.07207E-03
  1.64000E+03 -1.39785E-13 -1.22767E-05 -2.80733E-04 -8.72365E-04 -1.01770E-03
  1.68000E+03 -3.96770E-14 -8.36216E-06 -2.23536E-04 -7.52760E-04 -9.55075E-04
  1.72000E+03 -1.09545E-14 -5.64588E-06 -1.77037E-04 -6.46075E-04 -8.87315E-04
  1.76000E+03 -2.94188E-15 -3.77838E-06 -1.39463E-04 -5.51651E-04 -8.16988E-04
  1.80000E+03 -7.68508E-16 -2.50626E-06 -1.09283E-04 -4.68679E-04 -7.46157E-04
  1.84000E+03 -1.95286E-16 -1.64772E-06 -8.51821E-05 -3.96262E-04 -6.76439E-04
  1.88000E+03 -4.82738E-17 -1.07367E-06 -6.60487E-05 -3.33459E-04 -6.09066E-04
  1.92000E+03 -1.16088E-17 -6.93393E-07 -5.09457E-05 -2.79323E-04 -5.44939E-04
  1.96000E+03 -2.71603E-18 -4.43817E-07 -3.90920E-05 -2.32926E-04 -4.84684E-04
  2.00000E+03 -6.18292E-19 -2.81540E-07 -2.98409E-05 -1.93382E-04 -4.28694E-04
  2.04000E+03 -1.36969E-19 -1.77005E-07 -2.26615E-05 -1.59858E-04 -3.77176E-04
  2.08000E+03 -2.95320E-20 -1.10290E-07 -1.71208E-05 -1.31585E-04 -3.30188E-04
  2.12000E+03 -6.19880E-21 -6.81078E-08 -1.28683E-05 -1.07859E-04 -2.87671E-04
  2.16000E+03 -1.26703E-21 -4.16832E-08 -9.62241E-06 -8.80465E-05 -2.49479E-04
  2.20000E+03 -2.52283E-22 -2.52831E-08 -7.15844E-06 -7.15802E-05 -2.15402E-04
  2.24000E+03 -4.89548E-23 -1.51987E-08 -5.29817E-06 -5.79587E-05 -1.85187E-04
  2.28000E+03 -9.26265E-24 -9.05500E-09 -3.90130E-06 -4.67419E-05 -1.58552E-04
  2.32000E+03 -1.70990E-24 -5.34663E-09 -2.85805E-06 -3.75468E-05 -1.35204E-04
  2.36000E+03 -3.08180E-25 -3.12882E-09 -2.08310E-06 -3.00421E-05 -1.14845E-04
  2.40000E+03 -5.42706E-26 -1.81465E-09 -1.51052E-06 -2.39438E-05 -9.71793E-05
  2.44000E+03 -9.34563E-27 -1.04308E-09 -1.08974E-06 -1.90095E-05 -8.19253E-05
  2.48000E+03 -1.57507E-27 -5.94237E-10 -7.82161E-07 -1.50340E-05 -6.88140E-05
  2.52000E+03 -2.60008E-28 -3.35520E-10 -5.58530E-07 -1.18444E-05 -5.75944E-05
  2.56000E+03 -4.20715E-29 -1.87756E-10 -3.96801E-07 -9.29599E-06 -4.80349E-05
  2.60000E+03 -6.67654E-30 -1.04134E-10 -2.80461E-07 -7.26823E-06 -3.99237E-05
  2.64000E+03 -1.03954E-30 -5.72419E-11 -1.97217E-07 -5.66134E-06 -3.30693E-05
  2.68000E+03 -1.58823E-31 -3.11861E-11 -1.37971E-07 -4.39313E-06 -2.72999E-05
  2.72000E+03 -2.38064E-32 -1.68397E-11 -9.60278E-08 -3.39623E-06 -2.24624E-05
  2.76000E+03 -3.49943E-33 -9.01233E-12 -6.64925E-08 -2.61574E-06 -1.84216E-05
  2.80000E+03 -5.04096E-34 -4.78047E-12 -4.58048E-08 -2.00711E-06 -1.50589E-05
  2.84000E+03 -7.10953E-35 -2.51326E-12 -3.13913E-08 -1.53437E-06 -1.22705E-05
  2.88000E+03 -9.80630E-36 -1.30960E-12 -2.14026E-08 -1.16863E-06 -9.96678E-06
  2.92000E+03 -1.32125E-36 -6.76361E-13 -1.45170E-08 -8.86773E-07 -8.07008E-06
  2.96000E+03 -1.73675E-37 -3.46223E-13 -9.79585E-09 -6.70411E-07 -6.51394E-06
  3.00000E+03 -2.22441E-38 -1.75660E-13 -6.57592E-09 -5.04970E-07 -5.24159E-06
  3.04000E+03 -2.77260E-39 -8.83351E-14 -4.39157E-09 -3.78955E-07 -4.20479E-06
  3.08000E+03 -3.35925E-40 -4.40288E-14 -2.91761E-09 -2.83341E-07 -3.36276E-06
  3.12000E+03 -3.95180E-41 -2.17514E-14 -1.92832E-09 -2.11074E-07 -2.68118E-06
  3.16000E+03 -4.50938E-42 -1.06508E-14 -1.26786E-09 -1.56661E-07 -2.13129E-06
  3.20000E+03 -4.97461E-43 -5.16926E-15 -8.29285E-10 -1.15850E-07 -1.68908E-06
  3.24000E+03 -5.18480E-44 -2.48670E-15 -5.39602E-10 -8.53561E-08 -1.33461E-06
  3.28000E+03 -4.20390E-45 -1.18569E-15 -3.49284E-10 -6.26587E-08 -1.05138E-06
  3.32000E+03  0.00000E+00 -5.60363E-16 -2.24914E-10 -4.58286E-08 -8.25795E-07
  3.36000E+03  0.00000E+00 -2.62496E-16 -1.44075E-10 -3.33964E-08 -6.46683E-07
  3.40000E+03  0.00000E+00 -1.21880E-16 -9.18101E-11 -2.42478E-08 -5.04912E-07
  3.44000E+03  0.00000E+00 -5.60916E-17 -5.81999E-11 -1.75409E-08 -3.93042E-07
  3.48000E+03  0.00000E+00 -2.55871E-17 -3.67014E-11 -1.26426E-08 -3.05032E-07
  3.52000E+03  0.00000E+00 -1.15692E-17 -2.30234E-11 -9.07852E-09 -2.35997E-07
  3.56000E+03  0.00000E+00 -5.18495E-18 -1.43676E-11 -6.49495E-09 -1.81996E-07
  3.60000E+03  0.00000E+00 -2.30328E-18 -8.91901E-12 -4.62895E-09 -1.39865E-07
  3.64000E+03  0.00000E+00 -1.01417E-18 -5.50760E-12 -3.28596E-09 -1.07065E-07
  3.68000E+03  0.00000E+00 -4.42625E-19 -3.38295E-12 -2.32252E-09 -8.15694E-08
  3.72000E+03  0.00000E+00 -1.91480E-19 -2.06654E-12 -1.63321E-09 -6.17589E-08
  3.76000E+03  0.00000E+00 -8.21049E-20 -1.25487E-12 -1.14077E-09 -4.63417E-08
  3.80000E+03  0.00000E+00 -3.48933E-20 -7.56418E-13 -7.88645E-10 -3.42848E-08
  3.84000E+03  0.00000E+00 -1.46913E-20 -4.50784E-13 -5.35395E-10 -2.47577E-08
  3.88000E+03  0.00000E+00 -6.11229E-21 -2.62388E-13 -3.50442E-10 -1.70859E-08
  3.92000E+03  0.00000E+00 -2.47288E-21 -1.43486E-13 -2.10864E-10 -1.07109E-08
  3.96000E+03  0.00000E+00 -8.71673E-22 -6.31649E-14 -9.89062E-11 -5.15669E-09
  4.00000E+03  0.00000E+00  0.00000E+00  0.00000E+00  0.00000E+00  0.00000E+00
