 Depth 10 30 50 70 90
  0.00000E+00  3.72010E-03  2.38534E-02  4.77511E-02  5.45097E-02  1.95339E-01
  4.00000E+01  3.02377E-03  1.77007E-02  3.99411E-02  4.40889E-02  1.54740E-01
  8.00000E+01  2.33844E-03  1.31788E-02  3.32616E-02  3.60947E-02  1.22210E-01
  1.20000E+02  1.74612E-03  9.86270E-03  2.75268E-02  2.98609E-02  9.62957E-02
  1.60000E+02  1.26923E-03  7.42276E-03  2.26153E-02  2.49062E-02  7.57636E-02
  2.00000E+02  9.01206E-04  5.61468E-03  1.84383E-02  2.08924E-02  5.95723E-02
  2.40000E+02  6.25704E-04  4.26311E-03  1.49189E-02  1.75854E-02  4.68509E-02
  2.80000E+02  4.24767E-04  3.24400E-03  1.19832E-02  1.48237E-02  3.68810E-02
  3.20000E+02  2.81838E-04  2.46984E-03  9.55926E-03  1.24945E-02  2.90787E-02
  3.60000E+02  1.82694E-04  1.87844E-03  7.57713E-03  1.05170E-02  2.29759E-02
  4.00000E+02  1.15653E-04  1.42516E-03  5.97098E-03  8.83227E-03  1.82009E-02
  4.40000E+02  7.14770E-05  1.07737E-03  4.68029E-03  7.39512E-03  1.44607E-02
  4.80000E+02  4.31171E-05  8.10834E-04  3.65090E-03  6.17006E-03  1.15259E-02
  5.20000E+02  2.53829E-05  6.07166E-04  2.83547E-03  5.12802E-03  9.21773E-03
  5.60000E+02  1.45816E-05  4.52211E-04  2.19344E-03  4.24445E-03  7.39690E-03
  6.00000E+02  8.17390E-06  3.34933E-04  1.69066E-03  3.49817E-03  5.95554E-03
  6.40000E+02  4.47123E-06  2.46685E-04  1.29885E-03  2.87058E-03  4.81013E-03
  6.80000E+02  2.38688E-06  1.80681E-04  9.94825E-04  2.34529E-03  3.89614E-03
  7.20000E+02  1.24362E-06  1.31615E-04  7.59844E-04  1.90777E-03  3.16367E-03
  7.60000E+02  6.32490E-07  9.53578E-05  5.78861E-04  1.54515E-03  2.57420E-03
  8.00000E+02  3.14049E-07  6.87233E-05  4.39910E-04  1.24612E-03  2.09790E-03
  8.40000E+02  1.52260E-07  4.92690E-05  3.33538E-04  1.00075E-03  1.71161E-03
  8.80000E+02  7.20925E-08  3.51380E-05  2.52324E-04  8.00400E-04  1.39731E-03
  9.20000E+02  3.33406E-08  2.49295E-05  1.90471E-04  6.37601E-04  1.14091E-03
  9.60000E+02  1.50625E-08  1.75940E-05  1.43472E-04  5.05938E-04  9.31281E-04
  1.00000E+03  6.64831E-09  1.23510E-05  1.07839E-04  3.99945E-04  7.59648E-04
  1.04000E+03  2.86723E-09  8.62341E-06  8.08810E-05  3.15000E-04  6.18997E-04
  1.08000E+03  1.20832E-09  5.98746E-06  6.05288E-05  2.47215E-04  5.03697E-04
  1.12000E+03  4.97619E-10  4.13359E-06  4.51956E-05  1.93352E-04  4.09200E-04
  1.16000E+03  2.00270E-10  2.83702E-06  3.36680E-05  1.50722E-04  3.31808E-04
  1.20000E+03  7.87671E-11  1.93539E-06  2.50200E-05  1.17115E-04  2.68494E-04
  1.24000E+03  3.02746E-11  1.31211E-06  1.85466E-05  9.07195E-05  2.16776E-04
  1.28000E+03  1.13711E-11  8.83855E-07  1.37121E-05  7.00629E-05  1.74606E-04
  1.32000E+03  4.17345E-12  5.91458E-07  1.01103E-05  5.39532E-05  1.40293E-04
  1.36000E+03  1.49669E-12  3.93116E-07  7.43347E-06  4.14314E-05  1.12435E-04
  1.40000E+03  5.24420E-13  2.59475E-07  5.44935E-06  3.17295E-05  8.98751E-05
  1.44000E+03  1.79515E-13  1.70050E-07  3.98270E-06  2.42355E-05  7.16517E-05
  1.48000E+03  6.00286E-14  1.10637E-07  2.90165E-06  1.84641E-05  5.69711E-05
  1.52000E+03  1.96068E-14  7.14509E-08  2.10722E-06  1.40320E-05  4.51772E-05
  1.56000E+03  6.25466E-15  4.57975E-08  1.52521E-06  1.06378E-05  3.57289E-05
  1.60000E+03  1.94850E-15  2.91309E-08  1.10020E-06  8.04540E-06  2.81812E-05
  1.64000E+03  5.92717E-16  1.83866E-08  7.90859E-07  6.07048E-06  2.21689E-05
  1.68000E+03  1.76034E-16  1.15145E-08  5.66479E-07  4.56976E-06  1.73935E-05
  1.72000E+03  5.10382E-17  7.15409E-09  4.04294E-07  3.43218E-06  1.36112E-05
  1.76000E+03  1.44442E-17  4.40959E-09  2.87483E-07  2.57195E-06  1.06239E-05
  1.80000E+03  3.98963E-18  2.69619E-09  2.03660E-07  1.92297E-06  8.27120E-06
  1.84000E+03  1.07538E-18  1.63528E-09  1.43733E-07  1.43452E-06  6.42334E-06
  1.88000E+03  2.82826E-19  9.83798E-10  1.01051E-07  1.06772E-06  4.97598E-06
  1.92000E+03  7.25693E-20  5.87050E-10  7.07687E-08  7.92920E-07  3.84535E-06
  1.96000E+03  1.81635E-20  3.47446E-10  4.93671E-08  5.87507E-07  2.96449E-06
  2.00000E+03  4.43405E-21  2.03954E-10  3.43015E-08  4.34312E-07  2.28000E-06
  2.04000E+03  1.05558E-21  1.18742E-10  2.37384E-08  3.20322E-07  1.74948E-06
  2.08000E+03  2.45021E-22  6.85631E-11  1.63618E-08  2.35698E-07  1.33932E-06
  2.12000E+03  5.54465E-23  3.92636E-11  1.12316E-08  1.73021E-07  1.02300E-06
  2.16000E+03  1.22302E-23  2.22995E-11  7.67825E-09  1.26708E-07  7.79641E-07
  2.20000E+03  2.62909E-24  1.25605E-11  5.22731E-09  9.25670E-08  5.92868E-07
  2.24000E+03  5.50707E-25  7.01644E-12  3.54383E-09  6.74591E-08  4.49858E-07
  2.28000E+03  1.12382E-25  3.88711E-12  2.39238E-09  4.90392E-08  3.40611E-07
  2.32000E+03  2.23388E-26  2.13566E-12  1.60818E-09  3.55590E-08  2.57346E-07
  2.36000E+03  4.32434E-27  1.16369E-12  1.07639E-09  2.57184E-08  1.94026E-07
  2.40000E+03  8.15065E-28  6.28831E-13  7.17332E-10  1.85530E-08  1.45980E-07
  2.44000E+03  1.49550E-28  3.36998E-13  4.75960E-10  1.33487E-08  1.09604E-07
  2.48000E+03  2.67060E-29  1.79108E-13  3.14416E-10  9.57879E-09  8.21230E-08
  2.52000E+03  4.64045E-30  9.44058E-14  2.06780E-10  6.85506E-09  6.14062E-08
  2.56000E+03  7.84400E-31  4.93489E-14  1.35384E-10  4.89246E-09  4.58218E-08
  2.60000E+03  1.28954E-31  2.55830E-14  8.82399E-11  3.48214E-09  3.41231E-08
  2.64000E+03  2.06129E-32  1.31529E-14  5.72519E-11  2.47146E-09  2.53595E-08
  2.68000E+03  3.20284E-33  6.70642E-15  3.69767E-11  1.74919E-09  1.88084E-08
  2.72000E+03  4.83615E-34  3.39123E-15  2.37720E-11  1.23449E-09  1.39213E-08
  2.76000E+03  7.09421E-35  1.70068E-15  1.52122E-11  8.68734E-10  1.02832E-08
  2.80000E+03  1.01068E-35  8.45837E-16  9.68931E-12  6.09577E-10  7.58031E-09
  2.84000E+03  1.39795E-36  4.17208E-16  6.14268E-12  4.26482E-10  5.57647E-09
  2.88000E+03  1.87666E-37  2.04090E-16  3.87594E-12  2.97504E-10  4.09394E-09
  2.92000E+03  2.44425E-38  9.90131E-17  2.43410E-12  2.06916E-10  2.99936E-09
  2.96000E+03  3.08749E-39  4.76397E-17  1.52136E-12  1.43481E-10  2.19290E-09
  3.00000E+03  3.78091E-40  2.27327E-17  9.46349E-13  9.91946E-11  1.59994E-09
  3.04000E+03  4.48682E-41  1.07582E-17  5.85848E-13  6.83694E-11  1.16487E-09
  3.08000E+03  5.15818E-42  5.04933E-18  3.60933E-13  4.69796E-11  8.46330E-10
  3.12000E+03  5.74532E-43  2.35038E-18  2.21293E-13  3.21827E-11  6.13593E-10
  3.16000E+03  6.16571E-44  1.08506E-18  1.35021E-13  2.19781E-11  4.43909E-10
  3.20000E+03  7.00649E-45  4.96798E-19  8.19825E-14  1.49627E-11  3.20461E-10
  3.24000E+03  0.00000E+00  2.25589E-19  4.95360E-14  1.01547E-11  2.30842E-10
  3.28000E+03  0.00000E+00  1.01594E-19  2.97848E-14  6.87006E-12  1.65923E-10
  3.32000E+03  0.00000E+00  4.53767E-20  1.78213E-14  4.63319E-12  1.18999E-10
  3.36000E+03  0.00000E+00  2.01008E-20  1.06107E-14  3.11472E-12  8.51566E-11
  3.40000E+03  0.00000E+00  8.83095E-21  6.28657E-15  2.08723E-12  6.08018E-11
  3.44000E+03  0.00000E+00  3.84785E-21  3.70627E-15  1.39420E-12  4.33138E-11
  3.48000E+03  0.00000E+00  1.66282E-21  2.17427E-15  9.28268E-13  3.07841E-11
  3.52000E+03  0.00000E+00  7.12673E-22  1.26922E-15  6.16034E-13  2.18266E-11
  3.56000E+03  0.00000E+00  3.02937E-22  7.37232E-16  4.07473E-13  1.54365E-11
  3.60000E+03  0.00000E+00  1.27712E-22  4.26100E-16  2.68609E-13  1.08874E-11
  3.64000E+03  0.00000E+00  5.33985E-23  2.45046E-16  1.76441E-13  7.65497E-12
  3.68000E+03  0.00000E+00  2.21434E-23  1.40212E-16  1.15450E-13  5.36156E-12
  3.72000E+03  0.00000E+00  9.10700E-24  7.98102E-17  7.51964E-14  3.73585E-12
  3.76000E+03  0.00000E+00  3.71464E-24  4.51716E-17  4.86793E-14  2.58312E-12
  3.80000E+03  0.00000E+00  1.50257E-24  2.53879E-17  3.12158E-14  1.76381E-12
  3.84000E+03  0.00000E+00  6.02447E-25  1.41132E-17  1.96785E-14  1.17791E-12
  3.88000E+03  0.00000E+00  2.38755E-25  7.66781E-18  1.19790E-14  7.53648E-13
  3.92000E+03  0.00000E+00  9.19615E-26  3.91779E-18  6.71691E-15  4.39326E-13
  3.96000E+03  0.00000E+00  3.07727E-26  1.61378E-18  2.94346E-15  1.97362E-13
  4.00000E+03  0.00000E+00  0.00000E+00  0.00000E+00  0.00000E+00  0.00000E+00
