 Depth 10 30 50 70 90
  0.00000E+00 -3.93015E-02  5.01734E-03  1.03589E-01  9.37787E-03  2.03108E-01
  4.00000E+01 -4.22700E-02 -6.23708E-03  8.67990E-02  1.59235E-02  1.56376E-01
  8.00000E+01 -4.25043E-02 -1.42196E-02  7.15803E-02  2.39048E-02  1.20457E-01
  1.20000E+02 -4.03663E-02 -1.94046E-02  5.80742E-02  3.04405E-02  9.39859E-02
  1.60000E+02 -3.64964E-02 -2.23386E-02  4.62702E-02  3.47355E-02  7.50042E-02
  2.00000E+02 -3.16038E-02 -2.35783E-02  3.60733E-02  3.69072E-02  6.15984E-02
  2.40000E+02 -2.63228E-02 -2.36304E-02  2.73505E-02  3.73237E-02  5.21096E-02
  2.80000E+02 -2.11471E-02 -2.29101E-02  1.99611E-02  3.63570E-02  4.52248E-02
  3.20000E+02 -1.64149E-02 -2.17245E-02  1.37706E-02  3.43369E-02  3.99841E-02
  3.60000E+02 -1.23229E-02 -2.02801E-02  8.65408E-03  3.15599E-02  3.57381E-02
  4.00000E+02 -8.95167E-03 -1.87040E-02  4.49493E-03  2.82955E-02  3.20829E-02
  4.40000E+02 -6.29430E-03 -1.70702E-02  1.18259E-03  2.47829E-02  2.87917E-02
  4.80000E+02 -4.28492E-03 -1.54227E-02 -1.38874E-03  2.12220E-02  2.57535E-02
  5.20000E+02 -2.82481E-03 -1.37913E-02 -3.32031E-03  1.77687E-02  2.29245E-02
  5.60000E+02 -1.80383E-03 -1.22012E-02 -4.70805E-03  1.45336E-02  2.02936E-02
  6.00000E+02 -1.11605E-03 -1.06755E-02 -5.64143E-03  1.15872E-02  1.78614E-02
  6.40000E+02 -6.69243E-04 -9.23602E-03 -6.20245E-03  8.96650E-03  1.56285E-02
  6.80000E+02 -3.89067E-04 -7.90090E-03 -6.46482E-03  6.68307E-03  1.35914E-02
  7.20000E+02 -2.19350E-04 -6.68387E-03 -6.49357E-03  4.73061E-03  1.17422E-02
  7.60000E+02 -1.19963E-04 -5.59306E-03 -6.34496E-03  3.09097E-03  1.00697E-02
  8.00000E+02 -6.36615E-05 -4.63111E-03 -6.06680E-03  1.73898E-03  8.56173E-03
  8.40000E+02 -3.27893E-05 -3.79567E-03 -5.69896E-03  6.45821E-04  7.20599E-03
  8.80000E+02 -1.63953E-05 -3.08047E-03 -5.27405E-03 -2.18570E-04  5.99124E-03
  9.20000E+02 -7.96039E-06 -2.47637E-03 -4.81821E-03 -8.83934E-04  4.90751E-03
  9.60000E+02 -3.75374E-06 -1.97248E-03 -4.35189E-03 -1.37869E-03  3.94595E-03
  1.00000E+03 -1.71944E-06 -1.55712E-03 -3.89068E-03 -1.72933E-03  3.09861E-03
  1.04000E+03 -7.65209E-07 -1.21851E-03 -3.44604E-03 -1.96008E-03  2.35807E-03
  1.08000E+03 -3.30907E-07 -9.45382E-04 -3.02604E-03 -2.09272E-03  1.71713E-03
  1.12000E+03 -1.39068E-07 -7.27289E-04 -2.63593E-03 -2.14655E-03  1.16865E-03
  1.16000E+03 -5.68063E-08 -5.54832E-04 -2.27878E-03 -2.13848E-03  7.05396E-04
  1.20000E+03 -2.25560E-08 -4.19749E-04 -1.95588E-03 -2.08308E-03  3.20022E-04
  1.24000E+03 -8.70699E-09 -3.14918E-04 -1.66721E-03 -1.99273E-03  5.12081E-06
  1.28000E+03 -3.26777E-09 -2.34305E-04 -1.41173E-03 -1.87786E-03 -2.46709E-04
  1.32000E+03 -1.19246E-09 -1.72874E-04 -1.18775E-03 -1.74704E-03 -4.42752E-04
  1.36000E+03 -4.23135E-10 -1.26480E-04 -9.93079E-04 -1.60725E-03 -5.90075E-04
  1.40000E+03 -1.46008E-10 -9.17565E-05 -8.25267E-04 -1.46405E-03 -6.95421E-04
  1.44000E+03 -4.89962E-11 -6.60012E-05 -6.81729E-04 -1.32174E-03 -7.65128E-04
  1.48000E+03 -1.59901E-11 -4.70696E-05 -5.59863E-04 -1.18358E-03 -8.05058E-04
  1.52000E+03 -5.07524E-12 -3.32796E-05 -4.57136E-04 -1.05193E-03 -8.20557E-04
  1.56000E+03 -1.56672E-12 -2.33259E-05 -3.71140E-04 -9.28430E-04 -8.16426E-04
  1.60000E+03 -4.70400E-13 -1.62070E-05 -2.99631E-04 -8.14083E-04 -7.96914E-04
  1.64000E+03 -1.37370E-13 -1.11621E-05 -2.40558E-04 -7.09424E-04 -7.65729E-04
  1.68000E+03 -3.90182E-14 -7.61995E-06 -1.92070E-04 -6.14606E-04 -7.26058E-04
  1.72000E+03 -1.07796E-14 -5.15589E-06 -1.52521E-04 -5.29487E-04 -6.80596E-04
  1.76000E+03 -2.89674E-15 -3.45770E-06 -1.20460E-04 -4.53714E-04 -6.31589E-04
  1.80000E+03 -7.57165E-16 -2.29822E-06 -9.46271E-05 -3.86777E-04 -5.80871E-04
  1.84000E+03 -1.92513E-16 -1.51392E-06 -7.39377E-05 -3.28069E-04 -5.29910E-04
  1.88000E+03 -4.76137E-17 -9.88371E-07 -5.74651E-05 -2.76925E-04 -4.79855E-04
  1.92000E+03 -1.14559E-17 -6.39488E-07 -4.44266E-05 -2.32652E-04 -4.31574E-04
  1.96000E+03 -2.68157E-18 -4.10049E-07 -3.41659E-05 -1.94557E-04 -3.85698E-04
  2.00000E+03 -6.10728E-19 -2.60572E-07 -2.61373E-05 -1.61968E-04 -3.42663E-04
  2.04000E+03 -1.35352E-19 -1.64099E-07 -1.98910E-05 -1.34243E-04 -3.02735E-04
  2.08000E+03 -2.91957E-20 -1.02416E-07 -1.50587E-05 -1.10782E-04 -2.66051E-04
  2.12000E+03 -6.13062E-21 -6.33455E-08 -1.13413E-05 -9.10306E-05 -2.32640E-04
  2.16000E+03 -1.25356E-21 -3.88282E-08 -8.49727E-06 -7.44866E-05 -2.02451E-04
  2.20000E+03 -2.49689E-22 -2.35866E-08 -6.33357E-06 -6.06966E-05 -1.75370E-04
  2.24000E+03 -4.84675E-23 -1.41994E-08 -4.69648E-06 -4.92569E-05 -1.51239E-04
  2.28000E+03 -9.17332E-24 -8.47157E-09 -3.46460E-06 -3.98112E-05 -1.29872E-04
  2.32000E+03 -1.69391E-24 -5.00896E-09 -2.54269E-06 -3.20476E-05 -1.11062E-04
  2.36000E+03 -3.05379E-25 -2.93511E-09 -1.85650E-06 -2.56954E-05 -9.45941E-05
  2.40000E+03 -5.37911E-26 -1.70450E-09 -1.34853E-06 -2.05209E-05 -8.02531E-05
  2.44000E+03 -9.26525E-27 -9.80992E-10 -9.74512E-07 -1.63243E-05 -6.78263E-05
  2.48000E+03 -1.56187E-27 -5.59545E-10 -7.00611E-07 -1.29353E-05 -5.71098E-05
  2.52000E+03 -2.57882E-28 -3.16305E-10 -5.01105E-07 -1.02102E-05 -4.79107E-05
  2.56000E+03 -4.17356E-29 -1.77208E-10 -3.56568E-07 -8.02820E-06 -4.00492E-05
  2.60000E+03 -6.62449E-30 -9.83935E-11 -2.52415E-07 -6.28833E-06 -3.33598E-05
  2.64000E+03 -1.03162E-30 -5.41452E-11 -1.77766E-07 -4.90675E-06 -2.76914E-05
  2.68000E+03 -1.57641E-31 -2.95302E-11 -1.24548E-07 -3.81417E-06 -2.29077E-05
  2.72000E+03 -2.36336E-32 -1.59620E-11 -8.68124E-08 -2.95366E-06 -1.88865E-05
  2.76000E+03 -3.47464E-33 -8.55118E-12 -6.01976E-08 -2.27867E-06 -1.55195E-05
  2.80000E+03 -5.00616E-34 -4.54030E-12 -4.15267E-08 -1.75132E-06 -1.27108E-05
  2.84000E+03 -7.06177E-35 -2.38927E-12 -2.84987E-08 -1.34097E-06 -1.03766E-05
  2.88000E+03 -9.74228E-36 -1.24615E-12 -1.94567E-08 -1.02293E-06 -8.44383E-06
  2.92000E+03 -1.31288E-36 -6.44170E-13 -1.32147E-08 -7.77414E-07 -6.84915E-06
  2.96000E+03 -1.72608E-37 -3.30035E-13 -8.92867E-09 -5.88624E-07 -5.53809E-06
  3.00000E+03 -2.21119E-38 -1.67591E-13 -6.00145E-09 -4.44025E-07 -4.46395E-06
  3.04000E+03 -2.75666E-39 -8.43481E-14 -4.01295E-09 -3.33705E-07 -3.58696E-06
  3.08000E+03 -3.34060E-40 -4.20759E-14 -2.66935E-09 -2.49867E-07 -2.87335E-06
  3.12000E+03 -3.93064E-41 -2.08032E-14 -1.76637E-09 -1.86399E-07 -2.29465E-06
  3.16000E+03 -4.48556E-42 -1.01944E-14 -1.16276E-09 -1.38540E-07 -1.82690E-06
  3.20000E+03 -4.96060E-43 -4.95151E-15 -7.61425E-10 -1.02589E-07 -1.45008E-06
  3.24000E+03 -5.18480E-44 -2.38372E-15 -4.96013E-10 -7.56869E-08 -1.14751E-06
  3.28000E+03 -4.20390E-45 -1.13741E-15 -3.21429E-10 -5.56340E-08 -9.05332E-07
  3.32000E+03  0.00000E+00 -5.37926E-16 -2.07206E-10 -4.07435E-08 -7.12122E-07
  3.36000E+03  0.00000E+00 -2.52160E-16 -1.32875E-10 -2.97287E-08 -5.58466E-07
  3.40000E+03  0.00000E+00 -1.17159E-16 -8.47628E-11 -2.16119E-08 -4.36650E-07
  3.44000E+03  0.00000E+00 -5.39547E-17 -5.37886E-11 -1.56534E-08 -3.40376E-07
  3.48000E+03  0.00000E+00 -2.46282E-17 -3.39543E-11 -1.12959E-08 -2.64519E-07
  3.52000E+03  0.00000E+00 -1.11426E-17 -2.13215E-11 -8.12121E-09 -2.04926E-07
  3.56000E+03  0.00000E+00 -4.99685E-18 -1.33186E-11 -5.81692E-09 -1.58242E-07
  3.60000E+03  0.00000E+00 -2.22106E-18 -8.27588E-12 -4.15052E-09 -1.21765E-07
  3.64000E+03  0.00000E+00 -9.78542E-19 -5.11533E-12 -2.94968E-09 -9.33254E-08
  3.68000E+03  0.00000E+00 -4.27322E-19 -3.14494E-12 -2.08715E-09 -7.11870E-08
  3.72000E+03  0.00000E+00 -1.84964E-19 -1.92290E-12 -1.46928E-09 -5.39599E-08
  3.76000E+03  0.00000E+00 -7.93546E-20 -1.16869E-12 -1.02733E-09 -4.05332E-08
  3.80000E+03  0.00000E+00 -3.37427E-20 -7.05080E-13 -7.10912E-10 -3.00171E-08
  3.84000E+03  0.00000E+00 -1.42143E-20 -4.20533E-13 -4.83052E-10 -2.16948E-08
  3.88000E+03  0.00000E+00 -5.91684E-21 -2.44961E-13 -3.16422E-10 -1.49830E-08
  3.92000E+03  0.00000E+00 -2.39492E-21 -1.34039E-13 -1.90507E-10 -9.39775E-09
  3.96000E+03  0.00000E+00 -8.44497E-22 -5.90303E-14 -8.93916E-11 -4.52602E-09
  4.00000E+03  0.00000E+00  0.00000E+00  0.00000E+00  0.00000E+00  0.00000E+00
