 Depth 10 30 50 70 90
  0.00000E+00  1.84840E-02  8.78678E-02  1.67108E-01  2.96529E-01  6.05770E-01
  4.00000E+01  1.26372E-02  6.83518E-02  1.37764E-01  2.40532E-01  4.92541E-01
  8.00000E+01  8.51600E-03  5.29975E-02  1.13147E-01  1.95343E-01  3.99958E-01
  1.20000E+02  5.65382E-03  4.09605E-02  9.25499E-02  1.58823E-01  3.24436E-01
  1.60000E+02  3.69627E-03  3.15507E-02  7.53831E-02  1.29255E-01  2.62963E-01
  2.00000E+02  2.37851E-03  2.42146E-02  6.11409E-02  1.05269E-01  2.13014E-01
  2.40000E+02  1.50584E-03  1.85121E-02  4.93820E-02  8.57762E-02  1.72488E-01
  2.80000E+02  9.37558E-04  1.40943E-02  3.97203E-02  6.99094E-02  1.39641E-01
  3.20000E+02  5.73844E-04  1.06842E-02  3.18199E-02  5.69767E-02  1.13039E-01
  3.60000E+02  3.45143E-04  8.06251E-03  2.53901E-02  4.64241E-02  9.15043E-02
  4.00000E+02  2.03918E-04  6.05528E-03  2.01813E-02  3.78064E-02  7.40774E-02
  4.40000E+02  1.18307E-04  4.52527E-03  1.59806E-02  3.07649E-02  5.99761E-02
  4.80000E+02  6.73793E-05  3.36443E-03  1.26077E-02  2.50099E-02  4.85657E-02
  5.20000E+02  3.76584E-05  2.48799E-03  9.91095E-03  2.03065E-02  3.93314E-02
  5.60000E+02  2.06486E-05  1.82969E-03  7.76365E-03  1.64639E-02  3.18565E-02
  6.00000E+02  1.11042E-05  1.33789E-03  6.06061E-03  1.33266E-02  2.58041E-02
  6.40000E+02  5.85514E-06  9.72559E-04  4.71509E-03  1.07676E-02  2.09019E-02
  6.80000E+02  3.02643E-06  7.02749E-04  3.65600E-03  8.68277E-03  1.69301E-02
  7.20000E+02  1.53307E-06  5.04687E-04  2.82538E-03  6.98678E-03  1.37112E-02
  7.60000E+02  7.60902E-07  3.60192E-04  2.17627E-03  5.60947E-03  1.11016E-02
  8.00000E+02  3.69948E-07  2.55444E-04  1.67077E-03  4.49311E-03  8.98563E-03
  8.40000E+02  1.76159E-07  1.79999E-04  1.27846E-03  3.59017E-03  7.26970E-03
  8.80000E+02  8.21367E-08  1.26015E-04  9.75034E-04  2.86149E-03  5.87814E-03
  9.20000E+02  3.74934E-08  8.76445E-05  7.41154E-04  2.27485E-03  4.74973E-03
  9.60000E+02  1.67525E-08  6.05549E-05  5.61490E-04  1.80375E-03  3.83488E-03
  1.00000E+03  7.32549E-09  4.15596E-05  4.23942E-04  1.42641E-03  3.09342E-03
  1.04000E+03  3.13440E-09  2.83314E-05  3.18997E-04  1.12499E-03  2.49277E-03
  1.08000E+03  1.31209E-09  1.91831E-05  2.39203E-04  8.84863E-04  2.00647E-03
  1.12000E+03  5.37279E-10  1.29005E-05  1.78741E-04  6.94100E-04  1.61304E-03
  1.16000E+03  2.15177E-10  8.61602E-06  1.33090E-04  5.42977E-04  1.29503E-03
  1.20000E+03  8.42737E-11  5.71489E-06  9.87426E-05  4.23597E-04  1.03823E-03
  1.24000E+03  3.22721E-11  3.76437E-06  7.29934E-05  3.29559E-04  8.31088E-04
  1.28000E+03  1.20821E-11  2.46232E-06  5.37603E-05  2.55695E-04  6.64212E-04
  1.32000E+03  4.42160E-12  1.59938E-06  3.94474E-05  1.97842E-04  5.29956E-04
  1.36000E+03  1.58155E-12  1.03156E-06  2.88358E-05  1.52660E-04  4.22100E-04
  1.40000E+03  5.52841E-13  6.60643E-07  2.09982E-05  1.17474E-04  3.35589E-04
  1.44000E+03  1.88831E-13  4.20098E-07  1.52318E-05  9.01506E-05  2.66312E-04
  1.48000E+03  6.30156E-14  2.65238E-07  1.10058E-05  6.89928E-05  2.10932E-04
  1.52000E+03  2.05434E-14  1.66268E-07  7.92083E-06  5.26559E-05  1.66742E-04
  1.56000E+03  6.54173E-15  1.03480E-07  5.67785E-06  4.00773E-05  1.31546E-04
  1.60000E+03  2.03449E-15  6.39397E-08  4.05363E-06  3.04198E-05  1.03568E-04
  1.64000E+03  6.17883E-16  3.92227E-08  2.88228E-06  2.30259E-05  8.13715E-05
  1.68000E+03  1.83228E-16  2.38861E-08  2.04101E-06  1.73812E-05  6.37983E-05
  1.72000E+03  5.30465E-17  1.44406E-08  1.43931E-06  1.30840E-05  4.99142E-05
  1.76000E+03  1.49916E-17  8.66652E-09  1.01077E-06  9.82185E-06  3.89680E-05
  1.80000E+03  4.13529E-18  5.16313E-09  7.06851E-07  7.35252E-06  3.03565E-05
  1.84000E+03  1.11321E-18  3.05338E-09  4.92229E-07  5.48863E-06  2.35965E-05
  1.88000E+03  2.92417E-19  1.79241E-09  3.41318E-07  4.08573E-06  1.83017E-05
  1.92000E+03  7.49416E-20  1.04441E-09  2.35664E-07  3.03284E-06  1.41636E-05
  1.96000E+03  1.87360E-20  6.04053E-10  1.62017E-07  2.24490E-06  1.09369E-05
  2.00000E+03  4.56880E-21  3.46766E-10  1.10905E-07  1.65693E-06  8.42652E-06
  2.04000E+03  1.08651E-21  1.97582E-10  7.55888E-08  1.21945E-06  6.47784E-06
  2.08000E+03  2.51947E-22  1.11737E-10  5.12943E-08  8.94897E-07  4.96863E-06
  2.12000E+03  5.69583E-23  6.27157E-11  3.46561E-08  6.54819E-07  3.80248E-06
  2.16000E+03  1.25518E-23  3.49364E-11  2.33122E-08  4.77752E-07  2.90346E-06
  2.20000E+03  2.69580E-24  1.93148E-11  1.56124E-08  3.47544E-07  2.21199E-06
  2.24000E+03  5.64188E-25  1.05976E-11  1.04096E-08  2.52079E-07  1.68137E-06
  2.28000E+03  1.15037E-25  5.77060E-12  6.90990E-09  1.82295E-07  1.27514E-06
  2.32000E+03  2.28478E-26  3.11832E-12  4.56642E-09  1.31436E-07  9.64857E-07
  2.36000E+03  4.41941E-27  1.67224E-12  3.00428E-09  9.44833E-08  7.28409E-07
  2.40000E+03  8.32355E-28  8.89916E-13  1.96771E-09  6.77150E-08  5.48649E-07
  2.44000E+03  1.52611E-28  4.69962E-13  1.28301E-09  4.83837E-08  4.12304E-07
  2.48000E+03  2.72333E-29  2.46282E-13  8.32813E-10  3.44659E-08  3.09130E-07
  2.52000E+03  4.72885E-30  1.28071E-13  5.38153E-10  2.44766E-08  2.31241E-07
  2.56000E+03  7.98815E-31  6.60864E-14  3.46179E-10  1.73292E-08  1.72577E-07
  2.60000E+03  1.31240E-31  3.38382E-14  2.21681E-10  1.22310E-08  1.28498E-07
  2.64000E+03  2.09654E-32  1.71922E-14  1.41314E-10  8.60596E-09  9.54556E-08
  2.68000E+03  3.25565E-33  8.66718E-15  8.96738E-11  6.03647E-09  7.07448E-08
  2.72000E+03  4.91304E-34  4.33550E-15  5.66458E-11  4.22093E-09  5.23086E-08
  2.76000E+03  7.20295E-35  2.15184E-15  3.56195E-11  2.94218E-09  3.85865E-08
  2.80000E+03  1.02562E-35  1.05970E-15  2.22957E-11  2.04437E-09  2.83973E-08
  2.84000E+03  1.41786E-36  5.17792E-16  1.38920E-11  1.41605E-09  2.08494E-08
  2.88000E+03  1.90241E-37  2.51026E-16  8.61622E-12  9.77724E-10  1.52717E-08
  2.92000E+03  2.47655E-38  1.20744E-16  5.31951E-12  6.72932E-10  1.11596E-08
  2.96000E+03  3.12679E-39  5.76228E-17  3.26909E-12  4.61678E-10  8.13538E-09
  3.00000E+03  3.82725E-40  2.72834E-17  1.99977E-12  3.15729E-10  5.91658E-09
  3.04000E+03  4.53979E-41  1.28165E-17  1.21766E-12  2.15225E-10  4.29264E-09
  3.08000E+03  5.21563E-42  5.97320E-18  7.38017E-13  1.46242E-10  3.10696E-09
  3.12000E+03  5.81539E-43  2.76187E-18  4.45240E-13  9.90489E-11  2.24337E-09
  3.16000E+03  6.30584E-44  1.26693E-18  2.67366E-13  6.68681E-11  1.61591E-09
  3.20000E+03  7.00649E-45  5.76570E-19  1.59810E-13  4.49964E-11  1.16113E-09
  3.24000E+03  0.00000E+00  2.60312E-19  9.50777E-14  3.01803E-11  8.32313E-10
  3.28000E+03  0.00000E+00  1.16594E-19  5.63030E-14  2.01768E-11  5.95159E-10
  3.32000E+03  0.00000E+00  5.18077E-20  3.31864E-14  1.34450E-11  4.24537E-10
  3.36000E+03  0.00000E+00  2.28371E-20  1.94697E-14  8.92991E-12  3.02085E-10
  3.40000E+03  0.00000E+00  9.98653E-21  1.13692E-14  5.91163E-12  2.14421E-10
  3.44000E+03  0.00000E+00  4.33220E-21  6.60791E-15  3.90066E-12  1.51817E-10
  3.48000E+03  0.00000E+00  1.86431E-21  3.82265E-15  2.56528E-12  1.07220E-10
  3.52000E+03  0.00000E+00  7.95868E-22  2.20103E-15  1.68147E-12  7.55272E-11
  3.56000E+03  0.00000E+00  3.37032E-22  1.26138E-15  1.09848E-12  5.30597E-11
  3.60000E+03  0.00000E+00  1.41581E-22  7.19480E-16  7.15172E-13  3.71686E-11
  3.64000E+03  0.00000E+00  5.89982E-23  4.08447E-16  4.63974E-13  2.59530E-11
  3.68000E+03  0.00000E+00  2.43874E-23  2.30768E-16  2.99859E-13  1.80515E-11
  3.72000E+03  0.00000E+00  9.99963E-24  1.29740E-16  1.92935E-13  1.24915E-11
  3.76000E+03  0.00000E+00  4.06707E-24  7.25526E-17  1.23416E-13  8.57924E-12
  3.80000E+03  0.00000E+00  1.64067E-24  4.03059E-17  7.82407E-14  5.82090E-12
  3.84000E+03  0.00000E+00  6.56134E-25  2.21611E-17  4.88038E-14  3.86487E-12
  3.88000E+03  0.00000E+00  2.59410E-25  1.19210E-17  2.94349E-14  2.46063E-12
  3.92000E+03  0.00000E+00  9.97047E-26  6.04095E-18  1.63848E-14  1.42893E-12
  3.96000E+03  0.00000E+00  3.33102E-26  2.47451E-18  7.14627E-15  6.40382E-13
  4.00000E+03  0.00000E+00  0.00000E+00  0.00000E+00  0.00000E+00  0.00000E+00
