 Depth 10 30 50 70 90
  0.00000E+00  1.76153E-02  8.35839E-02  1.60133E-01  2.86431E-01  5.84925E-01
  4.00000E+01  1.29202E-02  6.99625E-02  1.42457E-01  2.51111E-01  5.14100E-01
  8.00000E+01  9.33716E-03  5.83505E-02  1.26190E-01  2.20382E-01  4.51228E-01
  1.20000E+02  6.64552E-03  4.84936E-02  1.11268E-01  1.93599E-01  3.95601E-01
  1.60000E+02  4.65604E-03  4.01527E-02  9.76514E-02  1.70197E-01  3.46534E-01
  2.00000E+02  3.20990E-03  3.31152E-02  8.53026E-02  1.49695E-01  3.03364E-01
  2.40000E+02  2.17657E-03  2.71963E-02  7.41745E-02  1.31686E-01  2.65456E-01
  2.80000E+02  1.45107E-03  2.22361E-02  6.42094E-02  1.15832E-01  2.32220E-01
  3.20000E+02  9.50761E-04  1.80962E-02  5.53400E-02  1.01849E-01  2.03109E-01
  3.60000E+02  6.12021E-04  1.46558E-02  4.74924E-02  8.94953E-02  1.77631E-01
  4.00000E+02  3.86920E-04  1.18098E-02  4.05885E-02  7.85692E-02  1.55341E-01
  4.40000E+02  2.40156E-04  9.46662E-03  3.45479E-02  6.88975E-02  1.35843E-01
  4.80000E+02  1.46300E-04  7.54723E-03  2.92906E-02  6.03322E-02  1.18789E-01
  5.20000E+02  8.74472E-05  5.98325E-03  2.47380E-02  5.27467E-02  1.03869E-01
  5.60000E+02  5.12711E-05  4.71596E-03  2.08146E-02  4.60313E-02  9.08139E-02
  6.00000E+02  2.94787E-05  3.69502E-03  1.74491E-02  4.00907E-02  7.93857E-02
  6.40000E+02  1.66166E-05  2.87751E-03  1.45748E-02  3.48413E-02  6.93783E-02
  6.80000E+02  9.18045E-06  2.22698E-03  1.21305E-02  3.02096E-02  6.06118E-02
  7.20000E+02  4.97024E-06  1.71265E-03  1.00605E-02  2.61300E-02  5.29296E-02
  7.60000E+02  2.63624E-06  1.30867E-03  8.31442E-03  2.25441E-02  4.61956E-02
  8.00000E+02  1.36960E-06  9.93494E-04  6.84736E-03  1.93995E-02  4.02916E-02
  8.40000E+02  6.96820E-07  7.49274E-04  5.61947E-03  1.66485E-02  3.51148E-02
  8.80000E+02  3.47121E-07  5.61342E-04  4.59562E-03  1.42484E-02  3.05756E-02
  9.20000E+02  1.69276E-07  4.17734E-04  3.74510E-03  1.21602E-02  2.65963E-02
  9.60000E+02  8.07955E-08  3.08770E-04  3.04121E-03  1.03488E-02  2.31088E-02
  1.00000E+03  3.77386E-08  2.26679E-04  2.46082E-03  8.78201E-03  2.00539E-02
  1.04000E+03  1.72473E-08  1.65275E-04  1.98404E-03  7.43107E-03  1.73794E-02
  1.08000E+03  7.71129E-09  1.19676E-04  1.59384E-03  6.26983E-03  1.50399E-02
  1.12000E+03  3.37239E-09  8.60588E-05  1.27569E-03  5.27478E-03  1.29954E-02
  1.16000E+03  1.44242E-09  6.14545E-05  1.01726E-03  4.42483E-03  1.12106E-02
  1.20000E+03  6.03292E-10  4.35781E-05  8.08150E-04  3.70111E-03  9.65441E-03
  1.24000E+03  2.46710E-10  3.06850E-05  6.39594E-04  3.08682E-03  8.29944E-03
  1.28000E+03  9.86310E-11  2.14542E-05  5.04257E-04  2.56707E-03  7.12146E-03
  1.32000E+03  3.85434E-11  1.48942E-05  3.96018E-04  2.12869E-03  6.09899E-03
  1.36000E+03  1.47211E-11  1.02666E-05  3.09796E-04  1.76010E-03  5.21305E-03
  1.40000E+03  5.49457E-12  7.02631E-06  2.41390E-04  1.45116E-03  4.44680E-03
  1.44000E+03  2.00389E-12  4.77431E-06  1.87337E-04  1.19302E-03  3.78535E-03
  1.48000E+03  7.14016E-13  3.22081E-06  1.44803E-04  9.77988E-04  3.21551E-03
  1.52000E+03  2.48533E-13  2.15714E-06  1.11471E-04  7.99420E-04  2.72561E-03
  1.56000E+03  8.44982E-14  1.43431E-06  8.54597E-05  6.51587E-04  2.30533E-03
  1.60000E+03  2.80574E-14  9.46771E-07  6.52474E-05  5.29571E-04  1.94557E-03
  1.64000E+03  9.09769E-15  6.20407E-07  4.96082E-05  4.29171E-04  1.63831E-03
  1.68000E+03  2.88034E-15  4.03577E-07  3.75594E-05  3.46807E-04  1.37648E-03
  1.72000E+03  8.90292E-16  2.60607E-07  2.83169E-05  2.79444E-04  1.15388E-03
  1.76000E+03  2.68622E-16  1.67049E-07  2.12581E-05  2.24517E-04  9.65073E-04
  1.80000E+03  7.91074E-17  1.06290E-07  1.58908E-05  1.79865E-04  8.05317E-04
  1.84000E+03  2.27353E-17  6.71304E-08  1.18275E-05  1.43676E-04  6.70462E-04
  1.88000E+03  6.37584E-18  4.20840E-08  8.76525E-06  1.14434E-04  5.56901E-04
  1.92000E+03  1.74448E-18  2.61864E-08  6.46765E-06  9.08775E-05  4.61504E-04
  1.96000E+03  4.65615E-19  1.61728E-08  4.75151E-06  7.19587E-05  3.81560E-04
  2.00000E+03  1.21215E-19  9.91379E-09  3.47546E-06  5.68106E-05  3.14730E-04
  2.04000E+03  3.07747E-20  6.03153E-09  2.53093E-06  4.47188E-05  2.59000E-04
  2.08000E+03  7.61854E-21  3.64200E-09  1.83497E-06  3.50962E-05  2.12640E-04
  2.12000E+03  1.83875E-21  2.18258E-09  1.32450E-06  2.74619E-05  1.74170E-04
  2.16000E+03  4.32588E-22  1.29810E-09  9.51798E-07  2.14239E-05  1.42325E-04
  2.20000E+03  9.91876E-23  7.66206E-10  6.80925E-07  1.66632E-05  1.16030E-04
  2.24000E+03  2.21613E-23  4.48824E-10  4.84965E-07  1.29212E-05  9.43705E-05
  2.28000E+03  4.82402E-24  2.60910E-10  3.43853E-07  9.98902E-06  7.65737E-05
  2.32000E+03  1.02287E-24  1.50516E-10  2.42707E-07  7.69869E-06  6.19867E-05
  2.36000E+03  2.11224E-25  8.61671E-11  1.70543E-07  5.91531E-06  5.00601E-05
  2.40000E+03  4.24708E-26  4.89512E-11  1.19296E-07  4.53105E-06  4.03327E-05
  2.44000E+03  8.31326E-27  2.75956E-11  8.30707E-08  3.45999E-06  3.24186E-05
  2.48000E+03  1.58377E-27  1.54370E-11  5.75838E-08  2.63391E-06  2.59957E-05
  2.52000E+03  2.93597E-28  8.56898E-12  3.97355E-08  1.99880E-06  2.07958E-05
  2.56000E+03  5.29481E-29  4.71985E-12  2.72947E-08  1.51209E-06  1.65965E-05
  2.60000E+03  9.28706E-30  2.57962E-12  1.86637E-08  1.14030E-06  1.32136E-05
  2.64000E+03  1.58389E-30  1.39896E-12  1.27037E-08  8.57216E-07  1.04951E-05
  2.68000E+03  2.62585E-31  7.52781E-13  8.60744E-09  6.42368E-07  8.31598E-06
  2.72000E+03  4.23052E-32  4.01922E-13  5.80532E-09  4.79840E-07  6.57351E-06
  2.76000E+03  6.62168E-33  2.12921E-13  3.89748E-09  3.57293E-07  5.18367E-06
  2.80000E+03  1.00660E-33  1.11916E-13  2.60462E-09  2.65193E-07  4.07784E-06
  2.84000E+03  1.48566E-34  5.83658E-14  1.73261E-09  1.96203E-07  3.20017E-06
  2.88000E+03  2.12819E-35  3.02003E-14  1.14725E-09  1.44694E-07  2.50533E-06
  2.92000E+03  2.95783E-36  1.55040E-14  7.56143E-10  1.06364E-07  1.95660E-06
  2.96000E+03  3.98699E-37  7.89686E-15  4.96069E-10  7.79354E-08  1.52434E-06
  3.00000E+03  5.21022E-38  3.99056E-15  3.23942E-10  5.69200E-08  1.18468E-06
  3.04000E+03  6.59823E-39  2.00069E-15  2.10561E-10  4.14365E-08  9.18458E-07
  3.08000E+03  8.09410E-40  9.95143E-16  1.36230E-10  3.00667E-08  7.10316E-07
  3.12000E+03  9.61347E-41  4.91074E-16  8.77291E-11  2.17455E-08  5.47995E-07
  3.16000E+03  1.10492E-41  2.40413E-16  5.62333E-11  1.56759E-08  4.21726E-07
  3.20000E+03  1.22754E-42  1.16766E-16  3.58772E-11  1.12634E-08  3.23750E-07
  3.24000E+03  1.31722E-43  5.62621E-17  2.27832E-11  8.06643E-09  2.47921E-07
  3.28000E+03  1.26117E-44  2.68938E-17  1.44006E-11  5.75789E-09  1.89381E-07
  3.32000E+03  1.40130E-45  1.27532E-17  9.05971E-12  4.09650E-09  1.44304E-07
  3.36000E+03  0.00000E+00  5.99952E-18  5.67300E-12  2.90488E-09  1.09681E-07
  3.40000E+03  0.00000E+00  2.79986E-18  3.53569E-12  2.05308E-09  8.31552E-08
  3.44000E+03  0.00000E+00  1.29621E-18  2.19329E-12  1.44624E-09  6.28848E-08
  3.48000E+03  0.00000E+00  5.95288E-19  1.35417E-12  1.01539E-09  4.74334E-08
  3.52000E+03  0.00000E+00  2.71200E-19  8.32165E-13  7.10514E-10  3.56846E-08
  3.56000E+03  0.00000E+00  1.22563E-19  5.08975E-13  4.95503E-10  2.67726E-08
  3.60000E+03  0.00000E+00  5.49454E-20  3.09835E-13  3.44373E-10  2.00276E-08
  3.64000E+03  0.00000E+00  2.44343E-20  1.87717E-13  2.38486E-10  1.49329E-08
  3.68000E+03  0.00000E+00  1.07786E-20  1.13187E-13  1.64522E-10  1.10904E-08
  3.72000E+03  0.00000E+00  4.71645E-21  6.79106E-14  1.12989E-10  8.19384E-09
  3.76000E+03  0.00000E+00  2.04713E-21  4.05275E-14  7.71426E-11  6.00784E-09
  3.80000E+03  0.00000E+00  8.81283E-22  2.40263E-14  5.21935E-11  4.35104E-09
  3.84000E+03  0.00000E+00  3.76111E-22  1.40963E-14  3.47411E-11  3.08311E-09
  3.88000E+03  0.00000E+00  1.58681E-22  8.09040E-15  2.23551E-11  2.09433E-09
  3.92000E+03  0.00000E+00  6.50769E-23  4.37334E-15  1.32728E-11  1.29723E-09
  3.96000E+03  0.00000E+00  2.31916E-23  1.91029E-15  6.17247E-12  6.19864E-10
  4.00000E+03  0.00000E+00  0.00000E+00  0.00000E+00  0.00000E+00  0.00000E+00
