 Depth 10 30 50 70 90
  0.00000E+00 -4.14329E-02  6.64731E-03  1.09508E-01  7.92252E-03  2.08946E-01
  4.00000E+01 -4.13219E-02 -4.44613E-03  8.57752E-02  1.37325E-02  1.49000E-01
  8.00000E+01 -3.86267E-02 -1.11764E-02  6.62708E-02  1.99931E-02  1.06171E-01
  1.20000E+02 -3.41587E-02 -1.46822E-02  5.05062E-02  2.41822E-02  7.65271E-02
  1.60000E+02 -2.87912E-02 -1.59504E-02  3.79279E-02  2.60231E-02  5.63698E-02
  2.00000E+02 -2.32613E-02 -1.57848E-02  2.79970E-02  2.60075E-02  4.27346E-02
  2.40000E+02 -1.80876E-02 -1.47928E-02  2.02308E-02  2.47170E-02  3.34110E-02
  2.80000E+02 -1.35725E-02 -1.33968E-02  1.42179E-02  2.26256E-02  2.68516E-02
  3.20000E+02 -9.84407E-03 -1.18636E-02  9.61689E-03  2.00895E-02  2.20337E-02
  3.60000E+02 -6.90740E-03 -1.03449E-02  6.14696E-03  1.73742E-02  1.83175E-02
  4.00000E+02 -4.69124E-03 -8.91592E-03  3.57738E-03  1.46757E-02  1.53229E-02
  4.40000E+02 -3.08468E-03 -7.60776E-03  1.71817E-03  1.21312E-02  1.28332E-02
  4.80000E+02 -1.96412E-03 -6.42910E-03  4.12929E-04  9.82776E-03  1.07275E-02
  5.20000E+02 -1.21130E-03 -5.37915E-03 -4.66610E-04  7.80994E-03  8.93582E-03
  5.60000E+02 -7.23702E-04 -4.45372E-03 -1.02475E-03  6.09016E-03  7.41279E-03
  6.00000E+02 -4.18991E-04 -3.64739E-03 -1.34536E-03  4.65822E-03  6.12371E-03
  6.40000E+02 -2.35131E-04 -2.95373E-03 -1.49489E-03  3.48996E-03  5.03826E-03
  6.80000E+02 -1.27938E-04 -2.36517E-03 -1.52518E-03  2.55412E-03  4.12854E-03
  7.20000E+02 -6.75149E-05 -1.87286E-03 -1.47595E-03  1.81720E-03  3.36888E-03
  7.60000E+02 -3.45646E-05 -1.46694E-03 -1.37697E-03  1.24662E-03  2.73623E-03
  8.00000E+02 -1.71716E-05 -1.13690E-03 -1.25009E-03  8.12451E-04  2.21049E-03
  8.40000E+02 -8.28030E-06 -8.72166E-04 -1.11091E-03  4.88317E-04  1.77449E-03
  8.80000E+02 -3.87647E-06 -6.62525E-04 -9.70147E-04  2.51595E-04  1.41381E-03
  9.20000E+02 -1.76228E-06 -4.98521E-04 -8.34867E-04  8.33015E-05  1.11644E-03
  9.60000E+02 -7.78122E-07 -3.71689E-04 -7.09394E-04 -3.22190E-05  8.72346E-04
  1.00000E+03 -3.33758E-07 -2.74667E-04 -5.96070E-04 -1.07689E-04  6.73105E-04
  1.04000E+03 -1.39091E-07 -2.01214E-04 -4.95843E-04 -1.53311E-04  5.11605E-04
  1.08000E+03 -5.63270E-08 -1.46154E-04 -4.08708E-04 -1.77155E-04  3.81780E-04
  1.12000E+03 -2.21687E-08 -1.05272E-04 -3.34048E-04 -1.85527E-04  2.78430E-04
  1.16000E+03 -8.48051E-09 -7.51982E-05 -2.70878E-04 -1.83280E-04  1.97080E-04
  1.20000E+03 -3.15363E-09 -5.32732E-05 -2.18023E-04 -1.74092E-04  1.33879E-04
  1.24000E+03 -1.14011E-09 -3.74304E-05 -1.74243E-04 -1.60702E-04  8.55225E-05
  1.28000E+03 -4.00747E-10 -2.60825E-05 -1.38313E-04 -1.45105E-04  4.91889E-05
  1.32000E+03 -1.36966E-10 -1.80248E-05 -1.09076E-04 -1.28717E-04  2.24864E-05
  1.36000E+03 -4.55195E-11 -1.23528E-05 -8.54763E-05 -1.12507E-04  3.40472E-06
  1.40000E+03 -1.47114E-11 -8.39487E-06 -6.65710E-05 -9.71085E-05 -9.72935E-06
  1.44000E+03 -4.62382E-12 -5.65702E-06 -5.15359E-05 -8.29031E-05 -1.82938E-05
  1.48000E+03 -1.41337E-12 -3.77971E-06 -3.96618E-05 -7.00904E-05 -2.34104E-05
  1.52000E+03 -4.20176E-13 -2.50380E-06 -3.03471E-05 -5.87412E-05 -2.59812E-05
  1.56000E+03 -1.21490E-13 -1.64431E-06 -2.30877E-05 -4.88382E-05 -2.67221E-05
  1.60000E+03 -3.41657E-14 -1.07050E-06 -1.74662E-05 -4.03073E-05 -2.61928E-05
  1.64000E+03 -9.34525E-15 -6.90856E-07 -1.31401E-05 -3.30397E-05 -2.48244E-05
  1.68000E+03 -2.48626E-15 -4.41939E-07 -9.83109E-06 -2.69094E-05 -2.29426E-05
  1.72000E+03 -6.43376E-16 -2.80217E-07 -7.31532E-06 -2.17843E-05 -2.07884E-05
  1.76000E+03 -1.61939E-16 -1.76103E-07 -5.41392E-06 -1.75342E-05 -1.85357E-05
  1.80000E+03 -3.96473E-17 -1.09691E-07 -3.98524E-06 -1.40360E-05 -1.63055E-05
  1.84000E+03 -9.44202E-18 -6.77156E-08 -2.91794E-06 -1.11766E-05 -1.41786E-05
  1.88000E+03 -2.18736E-18 -4.14302E-08 -2.12515E-06 -8.85467E-06 -1.22050E-05
  1.92000E+03 -4.92948E-19 -2.51216E-08 -1.53960E-06 -6.98069E-06 -1.04121E-05
  1.96000E+03 -1.08079E-19 -1.50964E-08 -1.10954E-06 -5.47710E-06 -8.81113E-06
  2.00000E+03 -2.30558E-20 -8.99066E-09 -7.95427E-07 -4.27745E-06 -7.40164E-06
  2.04000E+03 -4.78605E-21 -5.30639E-09 -5.67273E-07 -3.32543E-06 -6.17571E-06
  2.08000E+03 -9.66959E-22 -3.10381E-09 -4.02462E-07 -2.57384E-06 -5.12063E-06
  2.12000E+03 -1.90182E-22 -1.79919E-09 -2.84057E-07 -1.98346E-06 -4.22101E-06
  2.16000E+03 -3.64239E-23 -1.03359E-09 -1.99452E-07 -1.52196E-06 -3.46035E-06
  2.20000E+03 -6.79533E-24 -5.88442E-10 -1.39325E-07 -1.16293E-06 -2.82203E-06
  2.24000E+03 -1.23547E-24 -3.32009E-10 -9.68231E-08 -8.84909E-07 -2.29011E-06
  2.28000E+03 -2.19015E-25 -1.85646E-10 -6.69413E-08 -6.70593E-07 -1.84968E-06
  2.32000E+03 -3.78793E-26 -1.02875E-10 -4.60443E-08 -5.06124E-07 -1.48721E-06
  2.36000E+03 -6.39608E-27 -5.64979E-11 -3.15084E-08 -3.80461E-07 -1.19056E-06
  2.40000E+03 -1.05522E-27 -3.07503E-11 -2.14509E-08 -2.84861E-07 -9.49078E-07
  2.44000E+03 -1.70235E-28 -1.65868E-11 -1.45289E-08 -2.12443E-07 -7.53497E-07
  2.48000E+03 -2.68776E-29 -8.86701E-12 -9.79018E-09 -1.57816E-07 -5.95854E-07
  2.52000E+03 -4.15645E-30 -4.69780E-12 -6.56322E-09 -1.16780E-07 -4.69379E-07
  2.56000E+03 -6.30031E-31 -2.46670E-12 -4.37735E-09 -8.60805E-08 -3.68360E-07
  2.60000E+03 -9.36614E-32 -1.28365E-12 -2.90450E-09 -6.32079E-08 -2.88019E-07
  2.64000E+03 -1.36611E-32 -6.62042E-13 -1.91733E-09 -4.62356E-08 -2.24391E-07
  2.68000E+03 -1.95519E-33 -3.38405E-13 -1.25917E-09 -3.36920E-08 -1.74201E-07
  2.72000E+03 -2.74540E-34 -1.71437E-13 -8.22683E-10 -2.44585E-08 -1.34768E-07
  2.76000E+03 -3.78047E-35 -8.60770E-14 -5.34736E-10 -1.76885E-08 -1.03905E-07
  2.80000E+03 -5.10157E-36 -4.28341E-14 -3.45781E-10 -1.27444E-08 -7.98402E-08
  2.84000E+03 -6.74027E-37 -2.11258E-14 -2.22442E-10 -9.14773E-09 -6.11449E-08
  2.88000E+03 -8.70945E-38 -1.03267E-14 -1.42359E-10 -6.54157E-09 -4.66737E-08
  2.92000E+03 -1.09932E-38 -5.00307E-15 -9.06355E-11 -4.66046E-09 -3.55117E-08
  2.96000E+03 -1.35373E-39 -2.40236E-15 -5.74062E-11 -3.30794E-09 -2.69324E-08
  3.00000E+03 -1.62429E-40 -1.14333E-15 -3.61712E-11 -2.33922E-09 -2.03608E-08
  3.04000E+03 -1.89652E-41 -5.39306E-16 -2.26729E-11 -1.64806E-09 -1.53442E-08
  3.08000E+03 -2.15099E-42 -2.52136E-16 -1.41380E-11 -1.15682E-09 -1.15275E-08
  3.12000E+03 -2.35418E-43 -1.16834E-16 -8.77017E-12 -8.09003E-10 -8.63325E-09
  3.16000E+03 -2.38221E-44 -5.36588E-17 -5.41203E-12 -5.63677E-10 -6.44576E-09
  3.20000E+03 -1.40130E-45 -2.44260E-17 -3.32235E-12 -3.91298E-10 -4.79779E-09
  3.24000E+03  0.00000E+00 -1.10206E-17 -2.02889E-12 -2.70635E-10 -3.56028E-09
  3.28000E+03  0.00000E+00 -4.92835E-18 -1.23254E-12 -1.86492E-10 -2.63396E-09
  3.32000E+03  0.00000E+00 -2.18445E-18 -7.44854E-13 -1.28038E-10 -1.94277E-09
  3.36000E+03  0.00000E+00 -9.59684E-19 -4.47781E-13 -8.75824E-11 -1.42863E-09
  3.40000E+03  0.00000E+00 -4.17890E-19 -2.67783E-13 -5.96895E-11 -1.04739E-09
  3.44000E+03  0.00000E+00 -1.80362E-19 -1.59303E-13 -4.05303E-11 -7.65566E-10
  3.48000E+03  0.00000E+00 -7.71572E-20 -9.42725E-14 -2.74195E-11 -5.57860E-10
  3.52000E+03  0.00000E+00 -3.27160E-20 -5.54965E-14 -1.84812E-11 -4.05235E-10
  3.56000E+03  0.00000E+00 -1.37498E-20 -3.24986E-14 -1.24101E-11 -2.93408E-10
  3.60000E+03  0.00000E+00 -5.72776E-21 -1.89312E-14 -8.30162E-12 -2.11696E-10
  3.64000E+03  0.00000E+00 -2.36498E-21 -1.09697E-14 -5.53117E-12 -1.52138E-10
  3.68000E+03  0.00000E+00 -9.67891E-22 -6.32256E-15 -3.66930E-12 -1.08815E-10
  3.72000E+03  0.00000E+00 -3.92627E-22 -3.62409E-15 -2.42175E-12 -7.73427E-11
  3.76000E+03  0.00000E+00 -1.57865E-22 -2.06493E-15 -1.58761E-12 -5.44800E-11
  3.80000E+03  0.00000E+00 -6.29088E-23 -1.16793E-15 -1.03010E-12 -3.78353E-11
  3.84000E+03  0.00000E+00 -2.48358E-23 -6.53079E-16 -6.56327E-13 -2.56462E-11
  3.88000E+03  0.00000E+00 -9.68879E-24 -3.56686E-16 -4.03185E-13 -1.66130E-11
  3.92000E+03  0.00000E+00 -3.67567E-24 -1.83024E-16 -2.27681E-13 -9.77491E-12
  3.96000E+03  0.00000E+00 -1.21514E-24 -7.56044E-17 -1.00225E-13 -4.41685E-12
  4.00000E+03  0.00000E+00  0.00000E+00  0.00000E+00  0.00000E+00  0.00000E+00
