 Depth 10 30 50 70 90
  0.00000E+00  1.57152E-02  6.93926E-02  1.26623E-01  2.27243E-01  4.64557E-01
  4.00000E+01  1.15830E-02  5.82348E-02  1.13132E-01  1.99102E-01  4.08658E-01
  8.00000E+01  8.41042E-03  4.86969E-02  1.00641E-01  1.74670E-01  3.58917E-01
  1.20000E+02  6.01318E-03  4.05802E-02  8.91069E-02  1.53421E-01  3.14821E-01
  1.60000E+02  4.23143E-03  3.36942E-02  7.85118E-02  1.34893E-01  2.75865E-01
  2.00000E+02  2.92941E-03  2.78681E-02  6.88420E-02  1.18689E-01  2.41552E-01
  2.40000E+02  1.99437E-03  2.29536E-02  6.00762E-02  1.04477E-01  2.11400E-01
  2.80000E+02  1.33471E-03  1.88227E-02  5.21829E-02  9.19795E-02  1.84951E-01
  3.20000E+02  8.77744E-04  1.53640E-02  4.51212E-02  8.09645E-02  1.61779E-01
  3.60000E+02  5.67005E-04  1.24804E-02  3.88430E-02  7.12372E-02  1.41497E-01
  4.00000E+02  3.59663E-04  1.00872E-02  3.32949E-02  6.26336E-02  1.23754E-01
  4.40000E+02  2.23952E-04  8.11026E-03  2.84202E-02  5.50147E-02  1.08237E-01
  4.80000E+02  1.36845E-04  6.48540E-03  2.41611E-02  4.82623E-02  9.46677E-02
  5.20000E+02  8.20330E-05  5.15691E-03  2.04593E-02  4.22756E-02  8.28000E-02
  5.60000E+02  4.82298E-05  4.07675E-03  1.72582E-02  3.69681E-02  7.24181E-02
  6.00000E+02  2.78031E-05  3.20360E-03  1.45033E-02  3.22650E-02  6.33327E-02
  6.40000E+02  1.57113E-05  2.50206E-03  1.21433E-02  2.81010E-02  5.53785E-02
  6.80000E+02  8.70101E-06  1.94195E-03  1.01304E-02  2.44192E-02  4.84116E-02
  7.20000E+02  4.72136E-06  1.49764E-03  8.42097E-03  2.11688E-02  4.23066E-02
  7.60000E+02  2.50964E-06  1.14753E-03  6.97511E-03  1.83049E-02  3.69548E-02
  8.00000E+02  1.30651E-06  8.73507E-04  5.75710E-03  1.57871E-02  3.22618E-02
  8.40000E+02  6.66022E-07  6.60521E-04  4.73503E-03  1.35789E-02  2.81453E-02
  8.80000E+02  3.32396E-07  4.96127E-04  3.88067E-03  1.16472E-02  2.45343E-02
  9.20000E+02  1.62383E-07  3.70134E-04  3.16922E-03  9.96228E-03  2.13667E-02
  9.60000E+02  7.76363E-08  2.74259E-04  2.57900E-03  8.49676E-03  1.85885E-02
  1.00000E+03  3.63213E-08  2.01827E-04  2.09118E-03  7.22595E-03  1.61527E-02
  1.04000E+03  1.66250E-08  1.47501E-04  1.68952E-03  6.12738E-03  1.40181E-02
  1.08000E+03  7.44391E-09  1.07051E-04  1.36003E-03  5.18068E-03  1.21487E-02
  1.12000E+03  3.25999E-09  7.71517E-05  1.09077E-03  4.36745E-03  1.05130E-02
  1.16000E+03  1.39619E-09  5.52140E-05  8.71564E-04  3.67111E-03  9.08311E-03
  1.20000E+03  5.84698E-10  3.92362E-05  6.93791E-04  3.07678E-03  7.83459E-03
  1.24000E+03  2.39396E-10  2.76850E-05  5.50178E-04  2.57113E-03  6.74585E-03
  1.28000E+03  9.58172E-11  1.93959E-05  4.34615E-04  2.14232E-03  5.79780E-03
  1.32000E+03  3.74851E-11  1.34918E-05  3.41990E-04  1.77983E-03  4.97355E-03
  1.36000E+03  1.43320E-11  9.31782E-06  2.68048E-04  1.47439E-03  4.25814E-03
  1.40000E+03  5.35472E-12  6.38898E-06  2.09259E-04  1.21782E-03  3.63830E-03
  1.44000E+03  1.95476E-12  4.34921E-06  1.62708E-04  1.00299E-03  3.10228E-03
  1.48000E+03  6.97154E-13  2.93928E-06  1.26001E-04  8.23667E-04  2.63967E-03
  1.52000E+03  2.42877E-13  1.97203E-06  9.71758E-05  6.74454E-04  2.24123E-03
  1.56000E+03  8.26453E-14  1.31346E-06  7.46362E-05  5.50679E-04  1.89879E-03
  1.60000E+03  2.74644E-14  8.68442E-07  5.70864E-05  4.48321E-04  1.60513E-03
  1.64000E+03  8.91229E-15  5.70003E-07  4.34804E-05  3.63936E-04  1.35385E-03
  1.68000E+03  2.82374E-15  3.71377E-07  3.29776E-05  2.94580E-04  1.13934E-03
  1.72000E+03  8.73420E-16  2.40185E-07  2.49056E-05  2.37751E-04  9.56634E-04
  1.76000E+03  2.63712E-16  1.54192E-07  1.87290E-05  1.91328E-04  8.01391E-04
  1.80000E+03  7.77125E-17  9.82538E-08  1.40237E-05  1.53523E-04  6.69794E-04
  1.84000E+03  2.23485E-17  6.21446E-08  1.04552E-05  1.22828E-04  5.58512E-04
  1.88000E+03  6.27117E-18  3.90133E-08  7.76083E-06  9.79826E-05  4.64636E-04
  1.92000E+03  1.71684E-18  2.43091E-08  5.73570E-06  7.79334E-05  3.85638E-04
  1.96000E+03  4.58495E-19  1.50336E-08  4.22043E-06  6.18041E-05  3.19323E-04
  2.00000E+03  1.19426E-19  9.22759E-09  3.09181E-06  4.88678E-05  2.63792E-04
  2.04000E+03  3.03362E-20  5.62126E-09  2.25499E-06  3.85244E-05  2.17406E-04
  2.08000E+03  7.51374E-21  3.39853E-09  1.63738E-06  3.02797E-05  1.78755E-04
  2.12000E+03  1.81433E-21  2.03917E-09  1.18363E-06  2.37281E-05  1.46629E-04
  2.16000E+03  4.27041E-22  1.21426E-09  8.51806E-07  1.85380E-05  1.19993E-04
  2.20000E+03  9.79596E-23  7.17564E-10  6.10264E-07  1.44394E-05  9.79631E-05
  2.24000E+03  2.18964E-23  4.20812E-10  4.35253E-07  1.12127E-05  7.97889E-05
  2.28000E+03  4.76835E-24  2.44901E-10  3.09035E-07  8.68055E-06  6.48324E-05
  2.32000E+03  1.01147E-24  1.41435E-10  2.18429E-07  6.69960E-06  5.25546E-05
  2.36000E+03  2.08951E-25  8.10556E-11  1.53690E-07  5.15478E-06  4.25008E-05
  2.40000E+03  4.20295E-26  4.60957E-11  1.07649E-07  3.95390E-06  3.42886E-05
  2.44000E+03  8.22987E-27  2.60125E-11  7.50581E-08  3.02336E-06  2.75974E-05
  2.48000E+03  1.56843E-27  1.45661E-11  5.20961E-08  2.30461E-06  2.21590E-05
  2.52000E+03  2.90853E-28  8.09347E-12  3.59940E-08  1.75123E-06  1.77498E-05
  2.56000E+03  5.24703E-29  4.46222E-12  2.47552E-08  1.32654E-06  1.41839E-05
  2.60000E+03  9.20617E-30  2.44111E-12  1.69478E-08  1.00167E-06  1.13073E-05
  2.64000E+03  1.57057E-30  1.32506E-12  1.15496E-08  7.53965E-07  8.99243E-06
  2.68000E+03  2.60455E-31  7.13658E-13  7.83471E-09  5.65712E-07  7.13428E-06
  2.72000E+03  4.19742E-32  3.81370E-13  5.29029E-09  4.23109E-07  5.64645E-06
  2.76000E+03  6.57169E-33  2.02208E-13  3.55576E-09  3.15440E-07  4.45812E-06
  2.80000E+03  9.99271E-34  1.06375E-13  2.37891E-09  2.34416E-07  3.51136E-06
  2.84000E+03  1.47523E-34  5.55219E-14  1.58422E-09  1.73642E-07  2.75895E-06
  2.88000E+03  2.11379E-35  2.87520E-14  1.05013E-09  1.28210E-07  2.16250E-06
  2.92000E+03  2.93854E-36  1.47723E-14  6.92875E-10  9.43578E-08  1.69087E-06
  2.96000E+03  3.96193E-37  7.52998E-15  4.55041E-10  6.92187E-08  1.31887E-06
  3.00000E+03  5.17868E-38  3.80806E-15  2.97458E-10  5.06121E-08  1.02619E-06
  3.04000E+03  6.55976E-39  1.91061E-15  1.93544E-10  3.68865E-08  7.96502E-07
  3.08000E+03  8.04867E-40  9.51034E-16  1.25345E-10  2.67953E-08  6.16704E-07
  3.12000E+03  9.56148E-41  4.69643E-16  8.07996E-11  1.94011E-08  4.76314E-07
  3.16000E+03  1.09904E-41  2.30083E-16  5.18419E-11  1.40012E-08  3.66974E-07
  3.20000E+03  1.22053E-42  1.11826E-16  3.31071E-11  1.00711E-08  2.82032E-07
  3.24000E+03  1.28919E-43  5.39179E-17  2.10439E-11  7.22025E-09  2.16212E-07
  3.28000E+03  1.26117E-44  2.57903E-17  1.33136E-11  5.15933E-09  1.65340E-07
  3.32000E+03  0.00000E+00  1.22378E-17  8.38352E-12  3.67449E-09  1.26121E-07
  3.36000E+03  0.00000E+00  5.76071E-18  5.25431E-12  2.60832E-09  9.59637E-08
  3.40000E+03  0.00000E+00  2.69008E-18  3.27764E-12  1.84536E-09  7.28327E-08
  3.44000E+03  0.00000E+00  1.24614E-18  2.03498E-12  1.30123E-09  5.51364E-08
  3.48000E+03  0.00000E+00  5.72639E-19  1.25752E-12  9.14491E-10  4.16321E-08
  3.52000E+03  0.00000E+00  2.61035E-19  7.73420E-13  6.40539E-10  3.13524E-08
  3.56000E+03  0.00000E+00  1.18037E-19  4.73439E-13  4.47137E-10  2.35462E-08
  3.60000E+03  0.00000E+00  5.29462E-20  2.88440E-13  3.11056E-10  1.76317E-08
  3.64000E+03  0.00000E+00  2.35583E-20  1.74896E-13  2.15616E-10  1.31594E-08
  3.68000E+03  0.00000E+00  1.03978E-20  1.05540E-13  1.48883E-10  9.78254E-09
  3.72000E+03  0.00000E+00  4.55225E-21  6.33721E-14  1.02341E-10  7.23424E-09
  3.76000E+03  0.00000E+00  1.97689E-21  3.78480E-14  6.99335E-11  5.30890E-09
  3.80000E+03  0.00000E+00  8.51483E-22  2.24544E-14  4.73551E-11  3.84798E-09
  3.84000E+03  0.00000E+00  3.63575E-22  1.31834E-14  3.15445E-11  2.72863E-09
  3.88000E+03  0.00000E+00  1.53467E-22  7.57135E-15  2.03116E-11  1.85466E-09
  3.92000E+03  0.00000E+00  6.29662E-23  4.09497E-15  1.20658E-11  1.14932E-09
  3.96000E+03  0.00000E+00  2.24471E-23  1.78935E-15  5.61303E-12  5.49346E-10
  4.00000E+03  0.00000E+00  0.00000E+00  0.00000E+00  0.00000E+00  0.00000E+00
