 Depth 10 30 50 70 90
  0.00000E+00 -3.07868E-02  1.13950E-02  9.31944E-02 -3.15075E-04  1.82771E-01
  4.00000E+01 -3.23512E-02  7.23287E-04  7.35482E-02  5.09115E-03  1.29631E-01
  8.00000E+01 -3.13573E-02 -6.03650E-03  5.72715E-02  1.14509E-02  9.14943E-02
  1.20000E+02 -2.84764E-02 -9.84161E-03  4.40281E-02  1.61189E-02  6.51077E-02
  1.60000E+02 -2.44967E-02 -1.15499E-02  3.33971E-02  1.86808E-02  4.72604E-02
  2.00000E+02 -2.01183E-02 -1.18797E-02  2.49515E-02  1.95151E-02  3.53202E-02
  2.40000E+02 -1.58579E-02 -1.13867E-02  1.83015E-02  1.91187E-02  2.72920E-02
  2.80000E+02 -1.20384E-02 -1.04648E-02  1.31121E-02  1.79061E-02  2.17620E-02
  3.20000E+02 -8.81993E-03 -9.36753E-03  9.10455E-03  1.61927E-02  1.77878E-02
  3.60000E+02 -6.24402E-03 -8.24122E-03  6.04947E-03  1.42194E-02  1.47769E-02
  4.00000E+02 -4.27424E-03 -7.16048E-03  3.75792E-03  1.21698E-02  1.23776E-02
  4.40000E+02 -2.83030E-03 -6.15761E-03  2.07376E-03  1.01783E-02  1.03918E-02
  4.80000E+02 -1.81351E-03 -5.24351E-03  8.67648E-04  8.33535E-03  8.71184E-03
  5.20000E+02 -1.12473E-03 -4.42006E-03  3.27223E-05  6.69338E-03  7.27858E-03
  5.60000E+02 -6.75395E-04 -3.68611E-03 -5.18680E-04  5.27475E-03  6.05612E-03
  6.00000E+02 -3.92815E-04 -3.03953E-03 -8.57693E-04  4.07991E-03  5.01816E-03
  6.40000E+02 -2.21355E-04 -2.47739E-03 -1.04125E-03  3.09513E-03  4.14187E-03
  6.80000E+02 -1.20896E-04 -1.99570E-03 -1.11421E-03  2.29876E-03  3.40587E-03
  7.20000E+02 -6.40172E-05 -1.58913E-03 -1.11131E-03  1.66579E-03  2.79009E-03
  7.60000E+02 -3.28765E-05 -1.25113E-03 -1.05892E-03  1.17094E-03  2.27626E-03
  8.00000E+02 -1.63798E-05 -9.74287E-04 -9.76659E-04  7.90434E-04  1.84825E-03
  8.40000E+02 -7.91928E-06 -7.50736E-04 -8.78745E-04  5.02957E-04  1.49227E-03
  8.80000E+02 -3.71645E-06 -5.72643E-04 -7.75189E-04  2.90008E-04  1.19673E-03
  9.20000E+02 -1.69332E-06 -4.32560E-04 -6.72768E-04  1.35906E-04  9.52012E-04
  9.60000E+02 -7.49223E-07 -3.23688E-04 -5.75830E-04  2.76041E-05  7.50122E-04
  1.00000E+03 -3.21982E-07 -2.40024E-04 -4.86935E-04 -4.55848E-05  5.84386E-04
  1.04000E+03 -1.34424E-07 -1.76417E-04 -4.07362E-04 -9.22970E-05  4.49185E-04
  1.08000E+03 -5.45274E-08 -1.28547E-04 -3.37500E-04 -1.19421E-04  3.39732E-04
  1.12000E+03 -2.14938E-08 -9.28728E-05 -2.77141E-04 -1.32382E-04  2.51920E-04
  1.16000E+03 -8.23431E-09 -6.65362E-05 -2.25704E-04 -1.35395E-04  1.82205E-04
  1.20000E+03 -3.06625E-09 -4.72711E-05 -1.82394E-04 -1.31686E-04  1.27519E-04
  1.24000E+03 -1.10994E-09 -3.33053E-05 -1.46318E-04 -1.23685E-04  8.52165E-05
  1.28000E+03 -3.90610E-10 -2.32706E-05 -1.16558E-04 -1.13189E-04  5.30208E-05
  1.32000E+03 -1.33652E-10 -1.61238E-05 -9.22296E-05 -1.01493E-04  2.89883E-05
  1.36000E+03 -4.44656E-11 -1.10784E-05 -7.25063E-05 -8.95074E-05  1.14723E-05
  1.40000E+03 -1.43852E-11 -7.54759E-06 -5.66426E-05 -7.78445E-05 -9.08520E-07
  1.44000E+03 -4.52560E-12 -5.09846E-06 -4.39785E-05 -6.68945E-05 -9.30121E-06
  1.48000E+03 -1.38459E-12 -3.41461E-06 -3.39412E-05 -5.68834E-05 -1.46472E-05
  1.52000E+03 -4.11970E-13 -2.26718E-06 -2.60405E-05 -4.79189E-05 -1.77103E-05
  1.56000E+03 -1.19213E-13 -1.49228E-06 -1.98634E-05 -4.00261E-05 -1.91017E-05
  1.60000E+03 -3.35511E-14 -9.73661E-07 -1.50650E-05 -3.31748E-05 -1.93044E-05
  1.64000E+03 -9.18379E-15 -6.29702E-07 -1.13615E-05 -2.72995E-05 -1.86941E-05
  1.68000E+03 -2.44499E-15 -4.03657E-07 -8.52065E-06 -2.23148E-05 -1.75582E-05
  1.72000E+03 -6.33110E-16 -2.56462E-07 -6.35489E-06 -1.81258E-05 -1.61123E-05
  1.76000E+03 -1.59454E-16 -1.61491E-07 -4.71370E-06 -1.46357E-05 -1.45147E-05
  1.80000E+03 -3.90622E-17 -1.00782E-07 -3.47739E-06 -1.17507E-05 -1.28782E-05
  1.84000E+03 -9.30791E-18 -6.23314E-08 -2.55151E-06 -9.38341E-06 -1.12804E-05
  1.88000E+03 -2.15745E-18 -3.82048E-08 -1.86213E-06 -7.45400E-06 -9.77199E-06
  1.92000E+03 -4.86456E-19 -2.32065E-08 -1.35178E-06 -5.89156E-06 -8.38321E-06
  1.96000E+03 -1.06707E-19 -1.39693E-08 -9.76103E-07 -4.63394E-06 -7.12960E-06
  2.00000E+03 -2.27737E-20 -8.33315E-09 -7.01116E-07 -3.62753E-06 -6.01606E-06
  2.04000E+03 -4.72957E-21 -4.92622E-09 -5.00954E-07 -2.82658E-06 -5.04019E-06
  2.08000E+03 -9.55947E-22 -2.88593E-09 -3.56063E-07 -2.19254E-06 -4.19482E-06
  2.12000E+03 -1.88090E-22 -1.67543E-09 -2.51760E-07 -1.69321E-06 -3.46988E-06
  2.16000E+03 -3.60367E-23 -9.63906E-10 -1.77085E-07 -1.30192E-06 -2.85378E-06
  2.20000E+03 -6.72547E-24 -5.49557E-10 -1.23914E-07 -9.96784E-07 -2.33440E-06
  2.24000E+03 -1.22317E-24 -3.10500E-10 -8.62583E-08 -7.59954E-07 -1.89978E-06
  2.28000E+03 -2.16903E-25 -1.73853E-10 -5.97355E-08 -5.76989E-07 -1.53854E-06
  2.32000E+03 -3.75249E-26 -9.64672E-11 -4.11543E-08 -4.36279E-07 -1.24019E-06
  2.36000E+03 -6.33796E-27 -5.30462E-11 -2.82068E-08 -3.28546E-07 -9.95224E-07
  2.40000E+03 -1.04590E-27 -2.89074E-11 -1.92330E-08 -2.46422E-07 -7.95200E-07
  2.44000E+03 -1.68771E-28 -1.56116E-11 -1.30466E-08 -1.84091E-07 -6.32729E-07
  2.48000E+03 -2.66523E-29 -8.35550E-12 -8.80450E-09 -1.36983E-07 -5.01419E-07
  2.52000E+03 -4.12247E-30 -4.43186E-12 -5.91110E-09 -1.01530E-07 -3.95797E-07
  2.56000E+03 -6.25002E-31 -2.32965E-12 -3.94810E-09 -7.49599E-08 -3.11228E-07
  2.60000E+03 -9.29312E-32 -1.21364E-12 -2.62339E-09 -5.51288E-08 -2.43813E-07
  2.64000E+03 -1.35570E-32 -6.26598E-13 -1.73417E-09 -4.03881E-08 -1.90302E-07
  2.68000E+03 -1.94064E-33 -3.20617E-13 -1.14044E-09 -2.94754E-08 -1.48002E-07
  2.72000E+03 -2.72546E-34 -1.62588E-13 -7.46109E-10 -2.14293E-08 -1.14699E-07
  2.76000E+03 -3.75369E-35 -8.17138E-14 -4.85603E-10 -1.55204E-08 -8.85821E-08
  2.80000E+03 -5.06636E-36 -4.07016E-14 -3.14417E-10 -1.11982E-08 -6.81784E-08
  2.84000E+03 -6.69499E-37 -2.00927E-14 -2.02523E-10 -8.04924E-09 -5.22979E-08
  2.88000E+03 -8.65259E-38 -9.83057E-15 -1.29773E-10 -5.76400E-09 -3.99832E-08
  2.92000E+03 -1.09235E-38 -4.76690E-15 -8.27239E-11 -4.11208E-09 -3.04680E-08
  2.96000E+03 -1.34541E-39 -2.29093E-15 -5.24585E-11 -2.92260E-09 -2.31419E-08
  3.00000E+03 -1.61462E-40 -1.09121E-15 -3.30929E-11 -2.06945E-09 -1.75209E-08
  3.04000E+03 -1.88559E-41 -5.15144E-16 -2.07675E-11 -1.45988E-09 -1.32230E-08
  3.08000E+03 -2.13978E-42 -2.41032E-16 -1.29648E-11 -1.02604E-09 -9.94791E-09
  3.12000E+03 -2.34017E-43 -1.11776E-16 -8.05143E-12 -7.18442E-10 -7.46057E-09
  3.16000E+03 -2.38221E-44 -5.13748E-17 -4.97401E-12 -5.01196E-10 -5.57778E-09
  3.20000E+03 -1.40130E-45 -2.34038E-17 -3.05678E-12 -3.48348E-10 -4.15726E-09
  3.24000E+03  0.00000E+00 -1.05671E-17 -1.86872E-12 -2.41218E-10 -3.08901E-09
  3.28000E+03  0.00000E+00 -4.72888E-18 -1.13643E-12 -1.66417E-10 -2.28825E-09
  3.32000E+03  0.00000E+00 -2.09749E-18 -6.87482E-13 -1.14388E-10 -1.68991E-09
  3.36000E+03  0.00000E+00 -9.22106E-19 -4.13711E-13 -7.83350E-11 -1.24424E-09
  3.40000E+03  0.00000E+00 -4.01793E-19 -2.47656E-13 -5.34474E-11 -9.13323E-10
  3.44000E+03  0.00000E+00 -1.73526E-19 -1.47474E-13 -3.63322E-11 -6.68374E-10
  3.48000E+03  0.00000E+00 -7.42802E-20 -8.73568E-14 -2.46064E-11 -4.87614E-10
  3.52000E+03  0.00000E+00 -3.15156E-20 -5.14743E-14 -1.66031E-11 -3.54619E-10
  3.56000E+03  0.00000E+00 -1.32533E-20 -3.01713E-14 -1.11608E-11 -2.57053E-10
  3.60000E+03  0.00000E+00 -5.52422E-21 -1.75916E-14 -7.47373E-12 -1.85673E-10
  3.64000E+03  0.00000E+00 -2.28227E-21 -1.02027E-14 -4.98469E-12 -1.33580E-10
  3.68000E+03  0.00000E+00 -9.34569E-22 -5.88571E-15 -3.31011E-12 -9.56422E-11
  3.72000E+03  0.00000E+00 -3.79321E-22 -3.37662E-15 -2.18682E-12 -6.80482E-11
  3.76000E+03  0.00000E+00 -1.52598E-22 -1.92557E-15 -1.43495E-12 -4.79783E-11
  3.80000E+03  0.00000E+00 -6.08423E-23 -1.08999E-15 -9.31877E-13 -3.33489E-11
  3.84000E+03  0.00000E+00 -2.40324E-23 -6.09977E-16 -5.94224E-13 -2.26223E-11
  3.88000E+03  0.00000E+00 -9.38008E-24 -3.33381E-16 -3.65289E-13 -1.46635E-11
  3.92000E+03  0.00000E+00 -3.56019E-24 -1.71166E-16 -2.06393E-13 -8.63202E-12
  3.96000E+03  0.00000E+00 -1.17739E-24 -7.07339E-17 -9.08860E-14 -3.90160E-12
  4.00000E+03  0.00000E+00  0.00000E+00  0.00000E+00  0.00000E+00  0.00000E+00
