 Depth 10 30 50 70 90
  0.00000E+00  1.63923E-02  7.21134E-02  1.30318E-01  2.32585E-01  4.75941E-01
  4.00000E+01  1.12657E-02  5.62432E-02  1.07890E-01  1.88499E-01  3.87307E-01
  8.00000E+01  7.63007E-03  4.37250E-02  8.89868E-02  1.52979E-01  3.14704E-01
  1.20000E+02  5.09025E-03  3.38873E-02  7.30886E-02  1.24322E-01  2.55392E-01
  1.60000E+02  3.34338E-03  2.61771E-02  5.97690E-02  1.01157E-01  2.07059E-01
  2.00000E+02  2.16108E-03  2.01498E-02  4.86622E-02  8.23899E-02  1.67754E-01
  2.40000E+02  1.37406E-03  1.54511E-02  3.94472E-02  6.71548E-02  1.35845E-01
  2.80000E+02  8.59029E-04  1.18000E-02  3.18405E-02  5.47635E-02  1.09974E-01
  3.20000E+02  5.27846E-04  8.97304E-03  2.55928E-02  4.46689E-02  8.90172E-02
  3.60000E+02  3.18668E-04  6.79265E-03  2.04867E-02  3.64337E-02  7.20526E-02
  4.00000E+02  1.88950E-04  5.11786E-03  1.63338E-02  2.97078E-02  5.83251E-02
  4.40000E+02  1.09997E-04  3.83699E-03  1.29720E-02  2.42099E-02  4.72192E-02
  4.80000E+02  6.28498E-05  2.86190E-03  1.02630E-02  1.97133E-02  3.82347E-02
  5.20000E+02  3.52355E-05  2.12317E-03  8.08986E-03  1.60347E-02  3.09655E-02
  5.60000E+02  1.93769E-05  1.56638E-03  6.35387E-03  1.30255E-02  2.50829E-02
  6.00000E+02  1.04495E-05  1.14898E-03  4.97282E-03  1.05649E-02  2.03211E-02
  6.40000E+02  5.52456E-06  8.37845E-04  3.87849E-03  8.55429E-03  1.64650E-02
  6.80000E+02  2.86278E-06  6.07274E-04  3.01468E-03  6.91316E-03  1.33413E-02
  7.20000E+02  1.45365E-06  4.37443E-04  2.33537E-03  5.57534E-03  1.08098E-02
  7.60000E+02  7.23136E-07  3.13131E-04  1.80309E-03  4.48650E-03  8.75753E-03
  8.00000E+02  3.52350E-07  2.22717E-04  1.38750E-03  3.60192E-03  7.09326E-03
  8.40000E+02  1.68126E-07  1.57387E-04  1.06415E-03  2.88473E-03  5.74332E-03
  8.80000E+02  7.85448E-08  1.10493E-04  8.13439E-04  2.30455E-03  4.64815E-03
  9.20000E+02  3.59207E-08  7.70593E-05  6.19718E-04  1.83632E-03  3.75965E-03
  9.60000E+02  1.60783E-08  5.33839E-05  4.70545E-04  1.45936E-03  3.03886E-03
  1.00000E+03  7.04256E-09  3.67338E-05  3.56067E-04  1.15669E-03  2.45424E-03
  1.04000E+03  3.01819E-09  2.51055E-05  2.68517E-04  9.14307E-04  1.98023E-03
  1.08000E+03  1.26538E-09  1.70412E-05  2.01792E-04  7.20742E-04  1.59608E-03
  1.12000E+03  5.18905E-10  1.14879E-05  1.51116E-04  5.66595E-04  1.28496E-03
  1.16000E+03  2.08107E-10  7.69079E-06  1.12765E-04  4.44186E-04  1.03316E-03
  1.20000E+03  8.16125E-11  5.11300E-06  8.38433E-05  3.47260E-04  8.29562E-04
  1.24000E+03  3.12924E-11  3.37551E-06  6.21121E-05  2.70732E-04  6.65107E-04
  1.28000E+03  1.17294E-11  2.21282E-06  4.58434E-05  2.10484E-04  5.32423E-04
  1.32000E+03  4.29746E-12  1.44040E-06  3.37091E-05  1.63190E-04  4.25510E-04
  1.36000E+03  1.53884E-12  9.30974E-07  2.46927E-05  1.26172E-04  3.39483E-04
  1.40000E+03  5.38471E-13  5.97441E-07  1.80185E-05  9.72820E-05  2.70365E-04
  1.44000E+03  1.84107E-13  3.80666E-07  1.30972E-05  7.47993E-05  2.14922E-04
  1.48000E+03  6.14978E-14  2.40808E-07  9.48263E-06  5.73535E-05  1.70524E-04
  1.52000E+03  2.00669E-14  1.51240E-07  6.83834E-06  4.38552E-05  1.35034E-04
  1.56000E+03  6.39559E-15  9.43015E-08  4.91163E-06  3.34410E-05  1.06716E-04
  1.60000E+03  1.99070E-15  5.83735E-08  3.51349E-06  2.54292E-05  8.41655E-05
  1.64000E+03  6.05069E-16  3.58713E-08  2.50306E-06  1.92833E-05  6.62425E-05
  1.68000E+03  1.79566E-16  2.18827E-08  1.77587E-06  1.45821E-05  5.20267E-05
  1.72000E+03  5.20246E-17  1.32516E-08  1.25470E-06  1.09964E-05  4.07746E-05
  1.76000E+03  1.47131E-17  7.96599E-09  8.82770E-07  8.26925E-06  3.18873E-05
  1.80000E+03  4.06124E-18  4.75338E-09  6.18472E-07  6.20101E-06  2.48829E-05
  1.84000E+03  1.09399E-18  2.81545E-09  4.31465E-07  4.63699E-06  1.93745E-05
  1.88000E+03  2.87546E-19  1.65526E-09  2.99717E-07  3.45765E-06  1.50523E-05
  1.92000E+03  7.37374E-20  9.65932E-10  2.07305E-07  2.57094E-06  1.16683E-05
  1.96000E+03  1.84456E-20  5.59475E-10  1.42767E-07  1.90618E-06  9.02492E-06
  2.00000E+03  4.50047E-21  3.21631E-10  9.78946E-08  1.40925E-06  6.96473E-06
  2.04000E+03  1.07083E-21  1.83514E-10  6.68333E-08  1.03887E-06  5.36275E-06
  2.08000E+03  2.48438E-22  1.03922E-10  4.54278E-08  7.63614E-07  4.11992E-06
  2.12000E+03  5.61927E-23  5.84067E-11  3.07424E-08  5.59655E-07  3.15796E-06
  2.16000E+03  1.23890E-23  3.25780E-11  2.07126E-08  4.08971E-07  2.41511E-06
  2.20000E+03  2.66205E-24  1.80338E-11  1.38933E-08  2.97979E-07  1.84279E-06
  2.24000E+03  5.57370E-25  9.90695E-12  9.27772E-09  2.16466E-07  1.40290E-06
  2.28000E+03  1.13695E-25  5.40102E-12  6.16793E-09  1.56783E-07  1.06556E-06
  2.32000E+03  2.25906E-26  2.92205E-12  4.08219E-09  1.13215E-07  8.07491E-07
  2.36000E+03  4.37138E-27  1.56880E-12  2.68966E-09  8.15087E-08  6.10517E-07
  2.40000E+03  8.23623E-28  8.35806E-13  1.76419E-09  5.85040E-08  4.60529E-07
  2.44000E+03  1.51066E-28  4.41873E-13  1.15195E-09  4.18644E-08  3.46589E-07
  2.48000E+03  2.69672E-29  2.31811E-13  7.48790E-10  2.98658E-08  2.60235E-07
  2.52000E+03  4.68425E-30  1.20673E-13  4.84525E-10  2.12407E-08  1.94945E-07
  2.56000E+03  7.91545E-31  6.23329E-14  3.12104E-10  1.50598E-08  1.45696E-07
  2.60000E+03  1.30087E-31  3.19485E-14  2.00127E-10  1.06444E-08  1.08635E-07
  2.64000E+03  2.07877E-32  1.62481E-14  1.27741E-10  7.50019E-09  8.08128E-08
  2.68000E+03  3.22904E-33  8.19910E-15  8.11656E-11  5.26819E-09  5.99753E-08
  2.72000E+03  4.87431E-34  4.10522E-15  5.13363E-11  3.68880E-09  4.44063E-08
  2.76000E+03  7.14819E-35  2.03942E-15  3.23211E-11  2.57476E-09  3.28015E-08
  2.80000E+03  1.01810E-35  1.00525E-15  2.02559E-11  1.79149E-09  2.41723E-08
  2.84000E+03  1.40784E-36  4.91617E-16  1.26363E-11  1.24254E-09  1.77711E-08
  2.88000E+03  1.88945E-37  2.38542E-16  7.84669E-12  8.59052E-10  1.30340E-08
  2.92000E+03  2.46030E-38  1.14837E-16  4.85007E-12  5.92024E-10  9.53690E-09
  2.96000E+03  3.10702E-39  5.48489E-17  2.98402E-12  4.06692E-10  6.96143E-09
  3.00000E+03  3.80396E-40  2.59910E-17  1.82745E-12  2.78479E-10  5.06931E-09
  3.04000E+03  4.51330E-41  1.22191E-17  1.11398E-12  1.90071E-10  3.68260E-09
  3.08000E+03  5.18901E-42  5.69919E-18  6.75911E-13  1.29311E-10  2.66878E-09
  3.12000E+03  5.78736E-43  2.63717E-18  4.08210E-13  8.76886E-11  1.92939E-09
  3.16000E+03  6.30584E-44  1.21063E-18  2.45390E-13  5.92704E-11  1.39147E-09
  3.20000E+03  7.00649E-45  5.51349E-19  1.46827E-13  3.99315E-11  1.00108E-09
  3.24000E+03  0.00000E+00  2.49104E-19  8.74432E-14  2.68148E-11  7.18462E-10
  3.28000E+03  0.00000E+00  1.11652E-19  5.18343E-14  1.79477E-11  5.14367E-10
  3.32000E+03  0.00000E+00  4.96456E-20  3.05827E-14  1.19734E-11  3.67345E-10
  3.36000E+03  0.00000E+00  2.18988E-20  1.79598E-14  7.96157E-12  2.61698E-10
  3.40000E+03  0.00000E+00  9.58248E-21  1.04975E-14  5.27651E-12  1.85972E-10
  3.44000E+03  0.00000E+00  4.15960E-21  6.10709E-15  3.48545E-12  1.31827E-10
  3.48000E+03  0.00000E+00  1.79117E-21  3.53622E-15  2.29473E-12  9.32084E-11
  3.52000E+03  0.00000E+00  7.65116E-22  2.03798E-15  1.50576E-12  6.57321E-11
  3.56000E+03  0.00000E+00  3.24206E-22  1.16899E-15  9.84736E-13  4.62302E-11
  3.60000E+03  0.00000E+00  1.36274E-22  6.67376E-16  6.41795E-13  3.24203E-11
  3.64000E+03  0.00000E+00  5.68199E-23  3.79200E-16  4.16801E-13  2.26620E-11
  3.68000E+03  0.00000E+00  2.35005E-23  2.14429E-16  2.69646E-13  1.57791E-11
  3.72000E+03  0.00000E+00  9.64135E-24  1.20656E-16  1.73667E-13  1.09301E-11
  3.76000E+03  0.00000E+00  3.92350E-24  6.75285E-17  1.11198E-13  7.51418E-12
  3.80000E+03  0.00000E+00  1.58361E-24  3.75450E-17  7.05590E-14  5.10287E-12
  3.84000E+03  0.00000E+00  6.33649E-25  2.06590E-17  4.40490E-14  3.39085E-12
  3.88000E+03  0.00000E+00  2.50648E-25  1.11207E-17  2.65865E-14  2.16030E-12
  3.92000E+03  0.00000E+00  9.63818E-26  5.63869E-18  1.48077E-14  1.25517E-12
  3.96000E+03  0.00000E+00  3.22116E-26  2.31064E-18  6.46080E-15  5.62695E-13
  4.00000E+03  0.00000E+00  0.00000E+00  0.00000E+00  0.00000E+00  0.00000E+00
