 Depth 10 30 50 70 90
  0.00000E+00  1.99579E-02  1.04374E-01  2.14513E-01  3.86654E-01  7.87981E-01
  4.00000E+01  1.45541E-02  8.70319E-02  1.89635E-01  3.39015E-01  6.91821E-01
  8.00000E+01  1.04599E-02  7.23085E-02  1.66954E-01  2.97462E-01  6.06701E-01
  1.20000E+02  7.40532E-03  5.98592E-02  1.46349E-01  2.61154E-01  5.31563E-01
  1.60000E+02  5.16223E-03  4.93667E-02  1.27722E-01  2.29361E-01  4.65398E-01
  2.00000E+02  3.54175E-03  4.05506E-02  1.10977E-01  2.01462E-01  4.07255E-01
  2.40000E+02  2.39058E-03  3.31678E-02  9.60126E-02  1.76930E-01  3.56241E-01
  2.80000E+02  1.58679E-03  2.70084E-02  8.27143E-02  1.55322E-01  3.11534E-01
  3.20000E+02  1.03538E-03  2.18906E-02  7.09628E-02  1.36263E-01  2.72386E-01
  3.60000E+02  6.63860E-04  1.76569E-02  6.06344E-02  1.19436E-01  2.38124E-01
  4.00000E+02  4.18120E-04  1.41706E-02  5.16042E-02  1.04570E-01  2.08146E-01
  4.40000E+02  2.58598E-04  1.13135E-02  4.37491E-02  9.14316E-02  1.81920E-01
  4.80000E+02  1.57002E-04  8.98378E-03  3.69496E-02  7.98206E-02  1.58976E-01
  5.20000E+02  9.35434E-05  7.09419E-03  3.10914E-02  6.95633E-02  1.38900E-01
  5.60000E+02  5.46786E-05  5.57001E-03  2.60671E-02  6.05085E-02  1.21330E-01
  6.00000E+02  3.13472E-05  4.34763E-03  2.17767E-02  5.25238E-02  1.05950E-01
  6.40000E+02  1.76214E-05  3.37316E-03  1.81284E-02  4.54923E-02  9.24831E-02
  6.80000E+02  9.71035E-06  2.60109E-03  1.50387E-02  3.93106E-02  8.06892E-02
  7.20000E+02  5.24417E-06  1.99325E-03  1.24325E-02  3.38863E-02  7.03584E-02
  7.60000E+02  2.77504E-06  1.51780E-03  1.02425E-02  2.91370E-02  6.13082E-02
  8.00000E+02  1.43852E-06  1.14837E-03  8.40926E-03  2.49883E-02  5.33799E-02
  8.40000E+02  7.30342E-07  8.63228E-04  6.88037E-03  2.13735E-02  4.64351E-02
  8.80000E+02  3.63093E-07  6.44643E-04  5.61001E-03  1.82321E-02  4.03531E-02
  9.20000E+02  1.76729E-07  4.78230E-04  4.55833E-03  1.55098E-02  3.50288E-02
  9.60000E+02  8.42008E-08  3.52414E-04  3.69087E-03  1.31574E-02  3.03700E-02
  1.00000E+03  3.92619E-08  2.57957E-04  2.97796E-03  1.11305E-02  2.62962E-02
  1.04000E+03  1.79143E-08  1.87542E-04  2.39421E-03  9.38948E-03  2.27368E-02
  1.08000E+03  7.99708E-09  1.35421E-04  1.91798E-03  7.89842E-03  1.96297E-02
  1.12000E+03  3.49222E-09  9.71172E-05  1.53090E-03  6.62535E-03  1.69204E-02
  1.16000E+03  1.49158E-09  6.91687E-05  1.21746E-03  5.54175E-03  1.45608E-02
  1.20000E+03  6.23021E-10  4.89228E-05  9.64597E-04  4.62225E-03  1.25085E-02
  1.24000E+03  2.54454E-10  3.43626E-05  7.61390E-04  3.84441E-03  1.07262E-02
  1.28000E+03  1.01604E-10  2.39674E-05  5.98712E-04  3.18842E-03  9.18066E-03
  1.32000E+03  3.96591E-11  1.65998E-05  4.68987E-04  2.63690E-03  7.84275E-03
  1.36000E+03  1.51306E-11  1.14160E-05  3.65947E-04  2.17462E-03  6.68664E-03
  1.40000E+03  5.64145E-12  7.79560E-06  2.84427E-04  1.78833E-03  5.68947E-03
  1.44000E+03  2.05539E-12  5.28557E-06  2.20194E-04  1.46651E-03  4.83106E-03
  1.48000E+03  7.31662E-13  3.55820E-06  1.69786E-04  1.19921E-03  4.09358E-03
  1.52000E+03  2.54441E-13  2.37822E-06  1.30390E-04  9.77870E-04  3.46133E-03
  1.56000E+03  8.64311E-14  1.57815E-06  9.97292E-05  7.95132E-04  2.92043E-03
  1.60000E+03  2.86751E-14  1.03970E-06  7.59658E-05  6.44717E-04  2.45870E-03
  1.64000E+03  9.29050E-15  6.80011E-07  5.76259E-05  5.21277E-04  2.06542E-03
  1.68000E+03  2.93912E-15  4.41535E-07  4.35321E-05  4.20277E-04  1.73120E-03
  1.72000E+03  9.07791E-16  2.84606E-07  3.27478E-05  3.37883E-04  1.44783E-03
  1.76000E+03  2.73708E-16  1.82114E-07  2.45313E-05  2.70868E-04  1.20812E-03
  1.80000E+03  8.05506E-17  1.15678E-07  1.82986E-05  2.16524E-04  1.00582E-03
  1.84000E+03  2.31350E-17  7.29385E-08  1.35913E-05  1.72587E-04  8.35496E-04
  1.88000E+03  6.48388E-18  4.56511E-08  1.00517E-05  1.37169E-04  6.92434E-04
  1.92000E+03  1.77297E-18  2.83612E-08  7.40199E-06  1.08705E-04  5.72558E-04
  1.96000E+03  4.72947E-19  1.74891E-08  5.42719E-06  8.58970E-05  4.72350E-04
  2.00000E+03  1.23056E-19  1.07046E-08  3.96199E-06  6.76766E-05  3.88785E-04
  2.04000E+03  3.12254E-20  6.50314E-09  2.87975E-06  5.31649E-05  3.19267E-04
  2.08000E+03  7.72615E-21  3.92118E-09  2.08398E-06  4.16420E-05  2.61574E-04
  2.12000E+03  1.86380E-21  2.34662E-09  1.50149E-06  3.25201E-05  2.13811E-04
  2.16000E+03  4.38273E-22  1.39377E-09  1.07704E-06  2.53209E-05  1.74365E-04
  2.20000E+03  1.00445E-22  8.21587E-10  7.69166E-07  1.96566E-05  1.41867E-04
  2.24000E+03  2.24324E-23  4.80643E-10  5.46863E-07  1.52137E-05  1.15158E-04
  2.28000E+03  4.88095E-24  2.79055E-10  3.87083E-07  1.17394E-05  9.32593E-05
  2.32000E+03  1.03452E-24  1.60785E-10  2.72765E-07  9.03118E-06  7.53492E-05
  2.36000E+03  2.13544E-25  9.19357E-11  1.91351E-07  6.92658E-06  6.07366E-05
  2.40000E+03  4.29209E-26  5.21671E-11  1.33636E-07  5.29620E-06  4.88434E-05
  2.44000E+03  8.39828E-27  2.93749E-11  9.29099E-08  4.03715E-06  3.91871E-05
  2.48000E+03  1.59939E-27  1.64140E-11  6.43047E-08  3.06793E-06  3.13660E-05
  2.52000E+03  2.96392E-28  9.10134E-12  4.43059E-08  2.32418E-06  2.50469E-05
  2.56000E+03  5.34343E-29  5.00773E-12  3.03889E-08  1.75527E-06  1.99537E-05
  2.60000E+03  9.36932E-30  2.73411E-12  2.07490E-08  1.32148E-06  1.58587E-05
  2.64000E+03  1.59742E-30  1.48123E-12  1.41029E-08  9.91779E-07  1.25743E-05
  2.68000E+03  2.64749E-31  7.96258E-13  9.54201E-09  7.42000E-07  9.94647E-06
  2.72000E+03  4.26413E-32  4.24722E-13  6.42676E-09  5.53378E-07  7.84911E-06
  2.76000E+03  6.67239E-33  2.24786E-13  4.30883E-09  4.11399E-07  6.17926E-06
  2.80000E+03  1.01403E-33  1.18043E-13  2.87568E-09  3.04877E-07  4.85304E-06
  2.84000E+03  1.49623E-34  6.15051E-14  1.91042E-09  2.25218E-07  3.80234E-06
  2.88000E+03  2.14278E-35  3.17964E-14  1.26336E-09  1.65841E-07  2.97197E-06
  2.92000E+03  2.97737E-36  1.63093E-14  8.31619E-10  1.21727E-07  2.31735E-06
  2.96000E+03  4.01235E-37  8.29993E-15  5.44909E-10  8.90610E-08  1.80256E-06
  3.00000E+03  5.24213E-38  4.19077E-15  3.55402E-10  6.49514E-08  1.39873E-06
  3.04000E+03  6.63712E-39  2.09936E-15  2.30734E-10  4.72156E-08  1.08274E-06
  3.08000E+03  8.14002E-40  1.04339E-15  1.49105E-10  3.42118E-08  8.36103E-07
  3.12000E+03  9.66602E-41  5.14482E-16  9.59099E-11  2.47091E-08  6.44071E-07
  3.16000E+03  1.11067E-41  2.51682E-16  6.14073E-11  1.77879E-08  4.94930E-07
  3.20000E+03  1.23454E-42  1.22148E-16  3.91345E-11  1.27637E-08  3.79392E-07
  3.24000E+03  1.33123E-43  5.88123E-17  2.48245E-11  9.12874E-09  2.90110E-07
  3.28000E+03  1.40130E-44  2.80927E-17  1.56739E-11  6.50763E-09  2.21292E-07
  3.32000E+03  1.40130E-45  1.33125E-17  9.85035E-12  4.62393E-09  1.68381E-07
  3.36000E+03  0.00000E+00  6.25831E-18  6.16166E-12  3.27471E-09  1.27802E-07
  3.40000E+03  0.00000E+00  2.91867E-18  3.83631E-12  2.31156E-09  9.67603E-08
  3.44000E+03  0.00000E+00  1.35032E-18  2.37738E-12  1.62631E-09  7.30737E-08
  3.48000E+03  0.00000E+00  6.19743E-19  1.46638E-12  1.14042E-09  5.50446E-08
  3.52000E+03  0.00000E+00  2.82164E-19  9.00242E-13  7.97043E-10  4.13556E-08
  3.56000E+03  0.00000E+00  1.27439E-19  5.50086E-13  5.55190E-10  3.09867E-08
  3.60000E+03  0.00000E+00  5.70967E-20  3.34546E-13  3.85405E-10  2.31502E-08
  3.64000E+03  0.00000E+00  2.53760E-20  2.02501E-13  2.66596E-10  1.72395E-08
  3.68000E+03  0.00000E+00  1.11875E-20  1.21990E-13  1.83707E-10  1.27877E-08
  3.72000E+03  0.00000E+00  4.89258E-21  7.31270E-14  1.26027E-10  9.43671E-09
  3.76000E+03  0.00000E+00  2.12239E-21  4.36025E-14  8.59532E-11  6.91137E-09
  3.80000E+03  0.00000E+00  9.13183E-22  2.58273E-14  5.80964E-11  5.00020E-09
  3.84000E+03  0.00000E+00  3.89517E-22  1.51407E-14  3.86346E-11  3.53982E-09
  3.88000E+03  0.00000E+00  1.64253E-22  8.68347E-15  2.48407E-11  2.40269E-09
  3.92000E+03  0.00000E+00  6.73299E-23  4.69107E-15  1.47393E-11  1.48735E-09
  3.96000E+03  0.00000E+00  2.39857E-23  2.04822E-15  6.85169E-12  7.10441E-10
  4.00000E+03  0.00000E+00  0.00000E+00  0.00000E+00  0.00000E+00  0.00000E+00
