 Depth 10 30 50 70 90
  0.00000E+00  1.16443E-01  3.76305E-01  7.86922E-01  1.18892E+00  1.47859E+00
  4.00000E+01  9.18393E-02  3.18335E-01  6.92652E-01  1.07172E+00  1.36238E+00
  8.00000E+01  7.14848E-02  2.68550E-01  6.07569E-01  9.63587E-01  1.25210E+00
  1.20000E+02  5.48680E-02  2.25920E-01  5.31110E-01  8.64145E-01  1.14782E+00
  1.60000E+02  4.14956E-02  1.89515E-01  4.62700E-01  7.72995E-01  1.04959E+00
  2.00000E+02  3.08981E-02  1.58506E-01  4.01762E-01  6.89715E-01  9.57372E-01
  2.40000E+02  2.26355E-02  1.32160E-01  3.47715E-01  6.13869E-01  8.71115E-01
  2.80000E+02  1.63033E-02  1.09830E-01  2.99982E-01  5.45009E-01  7.90708E-01
  3.20000E+02  1.15374E-02  9.09542E-02  2.58000E-01  4.82684E-01  7.16006E-01
  3.60000E+02  8.01727E-03  7.50418E-02  2.21224E-01  4.26442E-01  6.46832E-01
  4.00000E+02  5.46757E-03  6.16680E-02  1.89131E-01  3.75839E-01  5.82979E-01
  4.40000E+02  3.65758E-03  5.04645E-02  1.61229E-01  3.30440E-01  5.24220E-01
  4.80000E+02  2.39900E-03  4.11129E-02  1.37056E-01  2.89825E-01  4.70312E-01
  5.20000E+02  1.54214E-03  3.33378E-02  1.16184E-01  2.53591E-01  4.21000E-01
  5.60000E+02  9.71230E-04  2.69007E-02  9.82211E-02  2.21355E-01  3.76020E-01
  6.00000E+02  5.99072E-04  2.15958E-02  8.28096E-02  1.92754E-01  3.35107E-01
  6.40000E+02  3.61799E-04  1.72452E-02  6.96271E-02  1.67446E-01  2.97995E-01
  6.80000E+02  2.13880E-04  1.36958E-02  5.83845E-02  1.45113E-01  2.64421E-01
  7.20000E+02  1.23733E-04  1.08156E-02  4.88237E-02  1.25458E-01  2.34127E-01
  7.60000E+02  7.00357E-05  8.49170E-03  4.07162E-02  1.08205E-01  2.06863E-01
  8.00000E+02  3.87777E-05  6.62766E-03  3.38605E-02  9.31018E-02  1.82388E-01
  8.40000E+02  2.09988E-05  5.14152E-03  2.80796E-02  7.99152E-02  1.60472E-01
  8.80000E+02  1.11194E-05  3.96404E-03  2.32188E-02  6.84324E-02  1.40895E-01
  9.20000E+02  5.75677E-06  3.03707E-03  1.91432E-02  5.84597E-02  1.23449E-01
  9.60000E+02  2.91353E-06  2.31204E-03  1.57360E-02  4.98213E-02  1.07940E-01
  1.00000E+03  1.44127E-06  1.74872E-03  1.28958E-02  4.23581E-02  9.41852E-02
  1.04000E+03  6.96785E-07  1.31399E-03  1.05355E-02  3.59271E-02  8.20147E-02
  1.08000E+03  3.29175E-07  9.80785E-04  8.57989E-03  3.03999E-02  7.12709E-02
  1.12000E+03  1.51942E-07  7.27164E-04  6.96470E-03  2.56618E-02  6.18082E-02
  1.16000E+03  6.85182E-08  5.35469E-04  5.63493E-03  2.16106E-02  5.34929E-02
  1.20000E+03  3.01830E-08  3.91607E-04  4.54373E-03  1.81555E-02  4.62022E-02
  1.24000E+03  1.29868E-08  2.84414E-04  3.65128E-03  1.52164E-02  3.98243E-02
  1.28000E+03  5.45735E-09  2.05120E-04  2.92389E-03  1.27226E-02  3.42573E-02
  1.32000E+03  2.23954E-09  1.46891E-04  2.33309E-03  1.06119E-02  2.94089E-02
  1.36000E+03  8.97409E-10  1.04445E-04  1.85495E-03  8.83003E-03  2.51956E-02
  1.40000E+03  3.51104E-10  7.37335E-05  1.46939E-03  7.32958E-03  2.15423E-02
  1.44000E+03  1.34108E-10  5.16773E-05  1.15964E-03  6.06928E-03  1.83815E-02
  1.48000E+03  5.00038E-11  3.59561E-05  9.11724E-04  5.01339E-03  1.56528E-02
  1.52000E+03  1.81988E-11  2.48350E-05  7.14066E-04  4.13098E-03  1.33022E-02
  1.56000E+03  6.46447E-12  1.70276E-05  5.57091E-04  3.39544E-03  1.12817E-02
  1.60000E+03  2.24094E-12  1.15883E-05  4.32919E-04  2.78389E-03  9.54878E-03
  1.64000E+03  7.58042E-13  7.82804E-06  3.35088E-04  2.27673E-03  8.06564E-03
  1.68000E+03  2.50195E-13  5.24845E-06  2.58323E-04  1.85723E-03  6.79904E-03
  1.72000E+03  8.05645E-14  3.49252E-06  1.98338E-04  1.51114E-03  5.71970E-03
  1.76000E+03  2.53071E-14  2.30655E-06  1.51658E-04  1.22637E-03  4.80190E-03
  1.80000E+03  7.75407E-15  1.51178E-06  1.15486E-04  9.92656E-04  4.02316E-03
  1.84000E+03  2.31717E-15  9.83334E-07  8.75749E-05  8.01367E-04  3.36382E-03
  1.88000E+03  6.75272E-16  6.34731E-07  6.61308E-05  6.45219E-04  2.80677E-03
  1.92000E+03  1.91885E-16  4.06575E-07  4.97264E-05  5.18102E-04  2.33716E-03
  1.96000E+03  5.31609E-17  2.58431E-07  3.72321E-05  4.14902E-04  1.94211E-03
  2.00000E+03  1.43575E-17  1.63000E-07  2.77575E-05  3.31349E-04  1.61050E-03
  2.04000E+03  3.77961E-18  1.02014E-07  2.06048E-05  2.63892E-04  1.33274E-03
  2.08000E+03  9.69697E-19  6.33513E-08  1.52288E-05  2.09582E-04  1.10059E-03
  2.12000E+03  2.42429E-19  3.90356E-08  1.12063E-05  1.65983E-04  9.06977E-04
  2.16000E+03  5.90517E-20  2.38653E-08  8.21018E-06  1.31080E-04  7.45856E-04
  2.20000E+03  1.40124E-20  1.44766E-08  5.98857E-06  1.03222E-04  6.12065E-04
  2.24000E+03  3.23857E-21  8.71269E-09  4.34875E-06  8.10499E-05  5.01210E-04
  2.28000E+03  7.28932E-22  5.20253E-09  3.14391E-06  6.34558E-05  4.09560E-04
  2.32000E+03  1.59749E-22  3.08210E-09  2.26272E-06  4.95357E-05  3.33953E-04
  2.36000E+03  3.40822E-23  1.81151E-09  1.62120E-06  3.85554E-05  2.71719E-04
  2.40000E+03  7.07741E-24  1.05631E-09  1.15634E-06  2.99200E-05  2.20605E-04
  2.44000E+03  1.43019E-24  6.11068E-10  8.21039E-07  2.31493E-05  1.78718E-04
  2.48000E+03  2.81186E-25  3.50697E-10  5.80321E-07  1.78570E-05  1.44468E-04
  2.52000E+03  5.37755E-26  1.99669E-10  4.08311E-07  1.37329E-05  1.16526E-04
  2.56000E+03  1.00015E-26  1.12777E-10  2.85974E-07  1.05292E-05  9.37809E-05
  2.60000E+03  1.80857E-27  6.31911E-11  1.99374E-07  8.04815E-06  7.53082E-05
  2.64000E+03  3.17897E-28  3.51246E-11  1.38360E-07  6.13279E-06  6.03395E-05
  2.68000E+03  5.43008E-29  1.93678E-11  9.55752E-08  4.65881E-06  4.82376E-05
  2.72000E+03  9.01105E-30  1.05940E-11  6.57160E-08  3.52809E-06  3.84761E-05
  2.76000E+03  1.45235E-30  5.74840E-12  4.49759E-08  2.66346E-06  3.06204E-05
  2.80000E+03  2.27281E-31  3.09409E-12  3.06386E-08  2.00441E-06  2.43131E-05
  2.84000E+03  3.45236E-32  1.65202E-12  2.07745E-08  1.50369E-06  1.92608E-05
  2.88000E+03  5.08843E-33  8.74958E-13  1.40205E-08  1.12448E-06  1.52232E-05
  2.92000E+03  7.27473E-34  4.59672E-13  9.41804E-09  8.38224E-07  1.20042E-05
  2.96000E+03  1.00845E-34  2.39547E-13  6.29677E-09  6.22849E-07  9.44388E-06
  3.00000E+03  1.35499E-35  1.23827E-13  4.19017E-09  4.61330E-07  7.41225E-06
  3.04000E+03  1.76391E-36  6.34911E-14  2.77523E-09  3.40599E-07  5.80402E-06
  3.08000E+03  2.22381E-37  3.22911E-14  1.82942E-09  2.50652E-07  4.53400E-06
  3.12000E+03  2.71395E-38  1.62900E-14  1.20026E-09  1.83862E-07  3.53348E-06
  3.16000E+03  3.20467E-39  8.15121E-15  7.83747E-10  1.34432E-07  2.74719E-06
  3.20000E+03  3.65950E-40  4.04562E-15  5.09349E-10  9.79703E-08  2.13075E-06
  3.24000E+03  4.03910E-41  1.99161E-15  3.29449E-10  7.11651E-08  1.64866E-06
  3.28000E+03  4.30619E-42  9.72473E-16  2.12077E-10  5.15247E-08  1.27257E-06
  3.32000E+03  4.42810E-43  4.70979E-16  1.35871E-10  3.71823E-08  9.79878E-07
  3.36000E+03  4.34403E-44  2.26242E-16  8.66331E-11  2.67439E-08  7.52663E-07
  3.40000E+03  4.20390E-45  1.07792E-16  5.49748E-11  1.91724E-08  5.76711E-07
  3.44000E+03  0.00000E+00  5.09381E-17  3.47186E-11  1.36990E-08  4.40790E-07
  3.48000E+03  0.00000E+00  2.38746E-17  2.18211E-11  9.75554E-09  3.36049E-07
  3.52000E+03  0.00000E+00  1.10985E-17  1.36492E-11  6.92402E-09  2.55529E-07
  3.56000E+03  0.00000E+00  5.11708E-18  8.49657E-12  4.89769E-09  1.93772E-07
  3.60000E+03  0.00000E+00  2.33996E-18  5.26363E-12  3.45236E-09  1.46507E-07
  3.64000E+03  0.00000E+00  1.06126E-18  3.24504E-12  2.42474E-09  1.10399E-07
  3.68000E+03  0.00000E+00  4.77370E-19  1.99077E-12  1.69626E-09  8.28496E-08
  3.72000E+03  0.00000E+00  2.12964E-19  1.21510E-12  1.18110E-09  6.18358E-08
  3.76000E+03  0.00000E+00  9.42249E-20  7.37527E-13  8.17281E-10  4.57820E-08
  3.80000E+03  0.00000E+00  4.13417E-20  4.44540E-13  5.60097E-10  3.34591E-08
  3.84000E+03  0.00000E+00  1.79779E-20  2.64987E-13  3.77255E-10  2.39030E-08
  3.88000E+03  0.00000E+00  7.72483E-21  1.54315E-13  2.45276E-10  1.63494E-08
  3.92000E+03  0.00000E+00  3.22201E-21  8.44348E-14  1.46818E-10  1.01804E-08
  3.96000E+03  0.00000E+00  1.16332E-21  3.71867E-14  6.86369E-11  4.88073E-09
  4.00000E+03  0.00000E+00  0.00000E+00  0.00000E+00  0.00000E+00  0.00000E+00
