 Depth 10 30 50 70 90
  0.00000E+00  1.21725E-01  3.90414E-01  8.10829E-01  1.21375E+00  1.49289E+00
  4.00000E+01  8.94447E-02  3.06765E-01  6.61444E-01  1.01167E+00  1.26888E+00
  8.00000E+01  6.48939E-02  2.40449E-01  5.37937E-01  8.41449E-01  1.07634E+00
  1.20000E+02  4.64478E-02  1.88006E-01  4.36158E-01  6.98379E-01  9.11198E-01
  1.60000E+02  3.27705E-02  1.46632E-01  3.52564E-01  5.78401E-01  7.69846E-01
  2.00000E+02  2.27725E-02  1.14063E-01  2.84139E-01  4.78017E-01  6.49119E-01
  2.40000E+02  1.55747E-02  8.84830E-02  2.28320E-01  3.94216E-01  5.46230E-01
  2.80000E+02  1.04760E-02  6.84376E-02  1.82938E-01  3.24419E-01  4.58734E-01
  3.20000E+02  6.92542E-03  5.27666E-02  1.46163E-01  2.66416E-01  3.84490E-01
  3.60000E+02  4.49675E-03  4.05462E-02  1.16460E-01  2.18322E-01  3.21626E-01
  4.00000E+02  2.86619E-03  3.10430E-02  9.25437E-02  1.78534E-01  2.68514E-01
  4.40000E+02  1.79242E-03  2.36750E-02  7.33460E-02  1.45689E-01  2.23735E-01
  4.80000E+02  1.09925E-03  1.79813E-02  5.79812E-02  1.18636E-01  1.86064E-01
  5.20000E+02  6.60832E-04  1.35972E-02  4.57192E-02  9.64021E-02  1.54437E-01
  5.60000E+02  3.89278E-04  1.02347E-02  3.59604E-02  7.81690E-02  1.27941E-01
  6.00000E+02  2.24621E-04  7.66657E-03  2.82146E-02  6.32495E-02  1.05789E-01
  6.40000E+02  1.26921E-04  5.71396E-03  2.20826E-02  5.10681E-02  8.73066E-02
  6.80000E+02  7.02075E-05  4.23643E-03  1.72405E-02  4.11444E-02  7.19175E-02
  7.20000E+02  3.80096E-05  3.12401E-03  1.34267E-02  3.30776E-02  5.91298E-02
  7.60000E+02  2.01355E-05  2.29088E-03  1.04303E-02  2.65350E-02  4.85249E-02
  8.00000E+02  1.04352E-05  1.67034E-03  8.08192E-03  2.12402E-02  3.97477E-02
  8.40000E+02  5.28963E-06  1.21076E-03  6.24606E-03  1.69650E-02  3.24976E-02
  8.80000E+02  2.62215E-06  8.72388E-04  4.81447E-03  1.35208E-02  2.65207E-02
  9.20000E+02  1.27095E-06  6.24749E-04  3.70099E-03  1.07522E-02  2.16029E-02
  9.60000E+02  6.02236E-07  4.44630E-04  2.83719E-03  8.53185E-03  1.75645E-02
  1.00000E+03  2.78943E-07  3.14444E-04  2.16885E-03  6.75515E-03  1.42547E-02
  1.04000E+03  1.26274E-07  2.20952E-04  1.65316E-03  5.33669E-03  1.15471E-02
  1.08000E+03  5.58605E-08  1.54248E-04  1.25636E-03  4.20680E-03  9.33661E-03
  1.12000E+03  2.41456E-08  1.06974E-04  9.51903E-04  3.30883E-03  7.53531E-03
  1.16000E+03  1.01968E-08  7.36934E-05  7.18992E-04  2.59679E-03  6.07030E-03
  1.20000E+03  4.20661E-09  5.04247E-05  5.41346E-04  2.03347E-03  4.88107E-03
  1.24000E+03  1.69511E-09  3.42680E-05  4.06271E-04  1.58881E-03  3.91756E-03
  1.28000E+03  6.67134E-10  2.31278E-05  3.03889E-04  1.23862E-03  3.13841E-03
  1.32000E+03  2.56411E-10  1.55007E-05  2.26540E-04  9.63458E-04  2.50956E-03
  1.36000E+03  9.62332E-11  1.03160E-05  1.68296E-04  7.47737E-04  2.00298E-03
  1.40000E+03  3.52643E-11  6.81692E-06  1.24588E-04  5.79004E-04  1.59569E-03
  1.44000E+03  1.26161E-11  4.47258E-06  9.19017E-05  4.47327E-04  1.26884E-03
  1.48000E+03  4.40609E-12  2.91339E-06  6.75443E-05  3.44803E-04  1.00705E-03
  1.52000E+03  1.50203E-12  1.88402E-06  4.94593E-05  2.65163E-04  7.97782E-04
  1.56000E+03  4.99756E-13  1.20948E-06  3.60807E-05  2.03442E-04  6.30812E-04
  1.60000E+03  1.62274E-13  7.70755E-07  2.62209E-05  1.55721E-04  4.97848E-04
  1.64000E+03  5.14175E-14  4.87553E-07  1.89821E-05  1.18910E-04  3.92168E-04
  1.68000E+03  1.58964E-14  3.06123E-07  1.36881E-05  9.05836E-05  3.08337E-04
  1.72000E+03  4.79477E-15  1.90775E-07  9.83159E-06  6.88376E-05  2.41965E-04
  1.76000E+03  1.41083E-15  1.18000E-07  7.03342E-06  5.21839E-05  1.89519E-04
  1.80000E+03  4.04921E-16  7.24375E-08  5.01134E-06  3.94612E-05  1.48157E-04
  1.84000E+03  1.13347E-16  4.41317E-08  3.55606E-06  2.97656E-05  1.15600E-04
  1.88000E+03  3.09416E-17  2.66826E-08  2.51301E-06  2.23953E-05  9.00232E-05
  1.92000E+03  8.23602E-18  1.60098E-08  1.76853E-06  1.68069E-05  6.99701E-05
  1.96000E+03  2.13739E-18  9.53252E-09  1.23941E-06  1.25803E-05  5.42784E-05
  2.00000E+03  5.40736E-19  5.63228E-09  8.64927E-07  9.39195E-06  4.20236E-05
  2.04000E+03  1.33342E-19  3.30221E-09  6.01033E-07  6.99310E-06  3.24720E-05
  2.08000E+03  3.20457E-20  1.92113E-09  4.15870E-07  5.19302E-06  2.50420E-05
  2.12000E+03  7.50470E-21  1.10899E-09  2.86513E-07  3.84588E-06  1.92738E-05
  2.16000E+03  1.71236E-21  6.35207E-10  1.96538E-07  2.84042E-06  1.48048E-05
  2.20000E+03  3.80615E-22  3.60997E-10  1.34232E-07  2.09205E-06  1.13493E-05
  2.24000E+03  8.24026E-23  2.03557E-10  9.12769E-08  1.53656E-06  8.68285E-06
  2.28000E+03  1.73735E-23  1.13882E-10  6.17946E-08  1.12539E-06  6.62942E-06
  2.32000E+03  3.56655E-24  6.32124E-11  4.16501E-08  8.21914E-07  5.05131E-06
  2.36000E+03  7.12766E-25  3.48112E-11  2.79479E-08  5.98555E-07  3.84098E-06
  2.40000E+03  1.38644E-25  1.90195E-11  1.86699E-08  4.34638E-07  2.91464E-06
  2.44000E+03  2.62439E-26  1.03094E-11  1.24160E-08  3.14692E-07  2.20712E-06
  2.48000E+03  4.83320E-27  5.54392E-12  8.21991E-09  2.27180E-07  1.66786E-06
  2.52000E+03  8.65823E-28  2.95763E-12  5.41734E-09  1.63519E-07  1.25771E-06
  2.56000E+03  1.50839E-28  1.56533E-12  3.55413E-09  1.17348E-07  9.46420E-07
  2.60000E+03  2.55496E-29  8.21864E-13  2.32114E-09  8.39615E-08  7.10658E-07
  2.64000E+03  4.20663E-30  4.28073E-13  1.50898E-09  5.98926E-08  5.32483E-07
  2.68000E+03  6.73056E-31  2.21185E-13  9.76505E-10  4.25940E-08  3.98119E-07
  2.72000E+03  1.04621E-31  1.13372E-13  6.29023E-10  3.01992E-08  2.97014E-07
  2.76000E+03  1.57946E-32  5.76458E-14  4.03325E-10  2.13456E-08  2.21101E-07
  2.80000E+03  2.31522E-33  2.90758E-14  2.57415E-10  1.50411E-08  1.64228E-07
  2.84000E+03  3.29409E-34  1.45477E-14  1.63530E-10  1.05658E-08  1.21714E-07
  2.88000E+03  4.54770E-35  7.22026E-15  1.03405E-10  7.39894E-09  9.00051E-08
  2.92000E+03  6.08992E-36  3.55469E-15  6.50821E-11  5.16504E-09  6.64076E-08
  2.96000E+03  7.90745E-37  1.73594E-15  4.07710E-11  3.59426E-09  4.88864E-08
  3.00000E+03  9.95173E-38  8.40912E-16  2.54218E-11  2.49328E-09  3.59063E-08
  3.04000E+03  1.21345E-38  4.04058E-16  1.57769E-11  1.72406E-09  2.63125E-08
  3.08000E+03  1.43292E-39  1.92580E-16  9.74528E-12  1.18836E-09  1.92377E-08
  3.12000E+03  1.63798E-40  9.10430E-17  5.99128E-12  8.16494E-10  1.40327E-08
  3.16000E+03  1.81160E-41  4.26922E-17  3.66601E-12  5.59192E-10  1.02122E-08
  3.20000E+03  1.93659E-42  1.98570E-17  2.23261E-12  3.81741E-10  7.41447E-09
  3.24000E+03  2.00386E-43  9.16084E-18  1.35323E-12  2.59759E-10  5.37057E-09
  3.28000E+03  2.10195E-44  4.19192E-18  8.16337E-13  1.76182E-10  3.88091E-09
  3.32000E+03  1.40130E-45  1.90258E-18  4.90118E-13  1.19107E-10  2.79777E-09
  3.36000E+03  0.00000E+00  8.56484E-19  2.92862E-13  8.02589E-11  2.01211E-09
  3.40000E+03  0.00000E+00  3.82420E-19  1.74162E-13  5.39046E-11  1.44357E-09
  3.44000E+03  0.00000E+00  1.69357E-19  1.03078E-13  3.60852E-11  1.03315E-09
  3.48000E+03  0.00000E+00  7.43884E-20  6.07157E-14  2.40767E-11  7.37579E-10
  3.52000E+03  0.00000E+00  3.24072E-20  3.55921E-14  1.60110E-11  5.25219E-10
  3.56000E+03  0.00000E+00  1.40026E-20  2.07645E-14  1.06115E-11  3.72997E-10
  3.60000E+03  0.00000E+00  6.00075E-21  1.20558E-14  7.00870E-12  2.64125E-10
  3.64000E+03  0.00000E+00  2.55051E-21  6.96577E-15  4.61248E-12  1.86415E-10
  3.68000E+03  0.00000E+00  1.07515E-21  4.00508E-15  3.02360E-12  1.31039E-10
  3.72000E+03  0.00000E+00  4.49502E-22  2.29113E-15  1.97286E-12  9.16178E-11
  3.76000E+03  0.00000E+00  1.86381E-22  1.30338E-15  1.27933E-12  6.35493E-11
  3.80000E+03  0.00000E+00  7.66362E-23  7.36329E-16  8.21697E-13  4.35178E-11
  3.84000E+03  0.00000E+00  3.12318E-23  4.11413E-16  5.18763E-13  2.91354E-11
  3.88000E+03  0.00000E+00  1.25768E-23  2.24594E-16  3.16190E-13  1.86803E-11
  3.92000E+03  0.00000E+00  4.91672E-24  1.15220E-16  1.77472E-13  1.09065E-11
  3.96000E+03  0.00000E+00  1.66434E-24  4.75929E-17  7.78210E-14  4.90441E-12
  4.00000E+03  0.00000E+00  0.00000E+00  0.00000E+00  0.00000E+00  0.00000E+00
