 Depth 10 30 50 70 90
  0.00000E+00  1.56566E-01  5.76450E-01  1.30327E+00  2.10710E+00  2.80307E+00
  4.00000E+01  1.21827E-01  4.84987E-01  1.13882E+00  1.88635E+00  2.56233E+00
  8.00000E+01  9.35821E-02  4.06874E-01  9.91940E-01  1.68466E+00  2.33680E+00
  1.20000E+02  7.09118E-02  3.40351E-01  8.61269E-01  1.50092E+00  2.12618E+00
  1.60000E+02  5.29661E-02  2.83852E-01  7.45474E-01  1.33403E+00  1.93011E+00
  2.00000E+02  3.89687E-02  2.35994E-01  6.43264E-01  1.18288E+00  1.74812E+00
  2.40000E+02  2.82206E-02  1.95563E-01  5.53391E-01  1.04637E+00  1.57972E+00
  2.80000E+02  2.01029E-02  1.61500E-01  4.74665E-01  9.23451E-01  1.42436E+00
  3.20000E+02  1.40772E-02  1.32884E-01  4.05958E-01  8.13063E-01  1.28143E+00
  3.60000E+02  9.68460E-03  1.08917E-01  3.46209E-01  7.14205E-01  1.15033E+00
  4.00000E+02  6.54207E-03  8.89096E-02  2.94429E-01  6.25911E-01  1.03040E+00
  4.40000E+02  4.33708E-03  7.22665E-02  2.49705E-01  5.47262E-01  9.20987E-01
  4.80000E+02  2.82051E-03  5.84749E-02  2.11200E-01  4.77390E-01  8.21444E-01
  5.20000E+02  1.79855E-03  4.70929E-02  1.78153E-01  4.15477E-01  7.31114E-01
  5.60000E+02  1.12413E-03  3.77409E-02  1.49875E-01  3.60758E-01  6.49356E-01
  6.00000E+02  6.88423E-04  3.00924E-02  1.25750E-01  3.12523E-01  5.75543E-01
  6.40000E+02  4.12956E-04  2.38680E-02  1.05227E-01  2.70111E-01  5.09067E-01
  6.80000E+02  2.42570E-04  1.88286E-02  8.78161E-02  2.32915E-01  4.49347E-01
  7.20000E+02  1.39490E-04  1.47706E-02  7.30879E-02  2.00377E-01  3.95825E-01
  7.60000E+02  7.85078E-05  1.15213E-02  6.06632E-02  1.71986E-01  3.47971E-01
  8.00000E+02  4.32368E-05  8.93440E-03  5.02109E-02  1.47276E-01  3.05286E-01
  8.40000E+02  2.32957E-05  6.88719E-03  4.14422E-02  1.25824E-01  2.67299E-01
  8.80000E+02  1.22772E-05  5.27695E-03  3.41066E-02  1.07248E-01  2.33570E-01
  9.20000E+02  6.32769E-06  4.01831E-03  2.79875E-02  9.12023E-02  2.03691E-01
  9.60000E+02  3.18892E-06  3.04075E-03  2.28977E-02  7.73776E-02  1.77280E-01
  1.00000E+03  1.57119E-06  2.28642E-03  1.86767E-02  6.54962E-02  1.53988E-01
  1.04000E+03  7.56722E-07  1.70817E-03  1.51865E-02  5.53106E-02  1.33491E-01
  1.08000E+03  3.56211E-07  1.26786E-03  1.23096E-02  4.66005E-02  1.15494E-01
  1.12000E+03  1.63865E-07  9.34844E-04  9.94555E-03  3.91706E-02  9.97263E-02
  1.16000E+03  7.36576E-08  6.84709E-04  8.00913E-03  3.28486E-02  8.59413E-02
  1.20000E+03  3.23483E-08  4.98127E-04  6.42818E-03  2.74826E-02  7.39159E-02
  1.24000E+03  1.38783E-08  3.59925E-04  5.14174E-03  2.29392E-02  6.34479E-02
  1.28000E+03  5.81600E-09  2.58281E-04  4.09851E-03  1.91019E-02  5.43552E-02
  1.32000E+03  2.38051E-09  1.84059E-04  3.25544E-03  1.58690E-02  4.64738E-02
  1.36000E+03  9.51542E-10  1.30250E-04  2.57655E-03  1.31519E-02  3.96570E-02
  1.40000E+03  3.71408E-10  9.15229E-05  2.03182E-03  1.08740E-02  3.37734E-02
  1.44000E+03  1.41546E-10  6.38545E-05  1.59636E-03  8.96903E-03  2.87060E-02
  1.48000E+03  5.26649E-11  4.42324E-05  1.24954E-03  7.37991E-03  2.43507E-02
  1.52000E+03  1.91284E-11  3.04196E-05  9.74374E-04  6.05756E-03  2.06154E-02
  1.56000E+03  6.78154E-12  2.07689E-05  7.56889E-04  4.95995E-03  1.74186E-02
  1.60000E+03  2.34652E-12  1.40766E-05  5.85669E-04  4.05117E-03  1.46883E-02
  1.64000E+03  7.92359E-13  9.47089E-06  4.51405E-04  3.30065E-03  1.23614E-02
  1.68000E+03  2.61082E-13  6.32519E-06  3.46543E-04  2.68240E-03  1.03824E-02
  1.72000E+03  8.39350E-14  4.19304E-06  2.64977E-04  2.17443E-03  8.70284E-03
  1.76000E+03  2.63254E-14  2.75894E-06  2.01790E-04  1.75813E-03  7.28042E-03
  1.80000E+03  8.05421E-15  1.80176E-06  1.53045E-04  1.41786E-03  6.07828E-03
  1.84000E+03  2.40347E-15  1.16783E-06  1.15599E-04  1.14046E-03  5.06444E-03
  1.88000E+03  6.99478E-16  7.51237E-07  8.69527E-05  9.14914E-04  4.21120E-03
  1.92000E+03  1.98507E-16  4.79595E-07  6.51325E-05  7.32023E-04  3.49463E-03
  1.96000E+03  5.49273E-17  3.03851E-07  4.85830E-05  5.84121E-04  2.89411E-03
  2.00000E+03  1.48170E-17  1.91039E-07  3.60853E-05  4.64839E-04  2.39190E-03
  2.04000E+03  3.89611E-18  1.19193E-07  2.66884E-05  3.68904E-04  1.97279E-03
  2.08000E+03  9.98491E-19  7.37956E-08  1.96541E-05  2.91962E-04  1.62378E-03
  2.12000E+03  2.49365E-19  4.53372E-08  1.44114E-05  2.30425E-04  1.33376E-03
  2.16000E+03  6.06797E-20  2.76384E-08  1.05215E-05  1.81349E-04  1.09327E-03
  2.20000E+03  1.43847E-20  1.67185E-08  7.64812E-06  1.42321E-04  8.94274E-04
  2.24000E+03  3.32151E-21  1.00345E-08  5.53512E-06  1.11374E-04  7.29971E-04
  2.28000E+03  7.46926E-22  5.97583E-09  3.98830E-06  8.69066E-05  5.94603E-04
  2.32000E+03  1.63550E-22  3.53102E-09  2.86106E-06  6.76179E-05  4.83315E-04
  2.36000E+03  3.48640E-23  2.07011E-09  2.04332E-06  5.24571E-05  3.92022E-04
  2.40000E+03  7.23392E-24  1.20412E-09  1.45281E-06  4.05761E-05  3.17294E-04
  2.44000E+03  1.46068E-24  6.94894E-10  1.02834E-06  3.12934E-05  2.56260E-04
  2.48000E+03  2.86965E-25  3.97867E-10  7.24625E-07  2.40625E-05  2.06520E-04
  2.52000E+03  5.48410E-26  2.26005E-10  5.08312E-07  1.84472E-05  1.66073E-04
  2.56000E+03  1.01925E-26  1.27366E-10  3.54962E-07  1.40997E-05  1.33256E-04
  2.60000E+03  1.84187E-27  7.12091E-11  2.46752E-07  1.07442E-05  1.06690E-04
  2.64000E+03  3.23539E-28  3.94968E-11  1.70750E-07  8.16230E-06  8.52311E-05
  2.68000E+03  5.52295E-29  2.17333E-11  1.17619E-07  6.18190E-06  6.79374E-05
  2.72000E+03  9.15958E-30  1.18637E-11  8.06502E-08  4.66761E-06  5.40320E-05
  2.76000E+03  1.47542E-30  6.42449E-12  5.50473E-08  3.51336E-06  4.28763E-05
  2.80000E+03  2.30759E-31  3.45127E-12  3.73995E-08  2.63634E-06  3.39472E-05
  2.84000E+03  3.50324E-32  1.83922E-12  2.52924E-08  1.97208E-06  2.68166E-05
  2.88000E+03  5.16066E-33  9.72301E-13  1.70256E-08  1.47056E-06  2.11356E-05
  2.92000E+03  7.37416E-34  5.09886E-13  1.14077E-08  1.09314E-06  1.66199E-05
  2.96000E+03  1.02172E-34  2.65244E-13  7.60808E-09  8.10019E-07  1.30389E-05
  3.00000E+03  1.37214E-35  1.36872E-13  5.05040E-09  5.98324E-07  1.02058E-05
  3.04000E+03  1.78540E-36  7.00612E-14  3.33693E-09  4.40549E-07  7.96973E-06
  3.08000E+03  2.24987E-37  3.55735E-14  2.19449E-09  3.23343E-07  6.20902E-06
  3.12000E+03  2.74453E-38  1.79168E-14  1.43643E-09  2.36559E-07  4.82594E-06
  3.16000E+03  3.23937E-39  8.95105E-15  9.35818E-10  1.72512E-07  3.74210E-06
  3.20000E+03  3.69758E-40  4.43571E-15  6.06811E-10  1.25399E-07  2.89480E-06
  3.24000E+03  4.07960E-41  2.18034E-15  3.91622E-10  9.08587E-08  2.23401E-06
  3.28000E+03  4.34823E-42  1.06305E-15  2.51551E-10  6.56187E-08  1.71993E-06
  3.32000E+03  4.47014E-43  5.14097E-16  1.60817E-10  4.72361E-08  1.32097E-06
  3.36000E+03  4.34403E-44  2.46603E-16  1.02323E-10  3.38924E-08  1.01209E-06
  3.40000E+03  4.20390E-45  1.17330E-16  6.47972E-11  2.42386E-08  7.73549E-07
  3.44000E+03  0.00000E+00  5.53699E-17  4.08387E-11  1.72777E-08  5.89770E-07
  3.48000E+03  0.00000E+00  2.59172E-17  2.56164E-11  1.22753E-08  4.48525E-07
  3.52000E+03  0.00000E+00  1.20323E-17  1.59916E-11  8.69227E-09  3.40228E-07
  3.56000E+03  0.00000E+00  5.54054E-18  9.93548E-12  6.13443E-09  2.57384E-07
  3.60000E+03  0.00000E+00  2.53043E-18  6.14333E-12  4.31443E-09  1.94144E-07
  3.64000E+03  0.00000E+00  1.14624E-18  3.78030E-12  3.02351E-09  1.45958E-07
  3.68000E+03  0.00000E+00  5.14976E-19  2.31487E-12  2.11056E-09  1.09290E-07
  3.72000E+03  0.00000E+00  2.29471E-19  1.41037E-12  1.46647E-09  8.13934E-08
  3.76000E+03  0.00000E+00  1.01411E-19  8.54545E-13  1.01269E-09  6.01387E-08
  3.80000E+03  0.00000E+00  4.44445E-20  5.14192E-13  6.92678E-10  4.38683E-08
  3.84000E+03  0.00000E+00  1.93059E-20  3.06011E-13  4.65735E-10  3.12865E-08
  3.88000E+03  0.00000E+00  8.28665E-21  1.77943E-13  3.02343E-10  2.13694E-08
  3.92000E+03  0.00000E+00  3.45300E-21  9.72450E-14  1.80762E-10  1.32920E-08
  3.96000E+03  0.00000E+00  1.24580E-21  4.27934E-14  8.44411E-11  6.36822E-09
  4.00000E+03  0.00000E+00  0.00000E+00  0.00000E+00  0.00000E+00  0.00000E+00
