 Depth 10 30 50 70 90
  0.00000E+00  1.33968E-01  4.56484E-01  9.84880E-01  1.52662E+00  1.94700E+00
  4.00000E+01  1.05022E-01  3.85328E-01  8.64343E-01  1.37248E+00  1.78859E+00
  8.00000E+01  8.12590E-02  3.24352E-01  7.56013E-01  1.23080E+00  1.63901E+00
  1.20000E+02  6.20070E-02  2.72249E-01  6.59060E-01  1.10098E+00  1.49823E+00
  1.60000E+02  4.66289E-02  2.27849E-01  5.72656E-01  9.82401E-01  1.36621E+00
  2.00000E+02  3.45296E-02  1.90110E-01  4.95975E-01  8.74431E-01  1.24282E+00
  2.40000E+02  2.51617E-02  1.58117E-01  4.28206E-01  7.76420E-01  1.12788E+00
  2.80000E+02  1.80305E-02  1.31064E-01  3.68555E-01  6.87718E-01  1.02116E+00
  3.20000E+02  1.26973E-02  1.08251E-01  3.16257E-01  6.07679E-01  9.22387E-01
  3.60000E+02  8.78215E-03  8.90697E-02  2.70581E-01  5.35665E-01  8.31252E-01
  4.00000E+02  5.96258E-03  7.29920E-02  2.30835E-01  4.71056E-01  7.47421E-01
  4.40000E+02  3.97187E-03  5.95619E-02  1.96371E-01  4.13254E-01  6.70535E-01
  4.80000E+02  2.59470E-03  4.83851E-02  1.66589E-01  3.61683E-01  6.00222E-01
  5.20000E+02  1.66162E-03  3.91208E-02  1.40937E-01  3.15798E-01  5.36102E-01
  5.60000E+02  1.04271E-03  3.14751E-02  1.18912E-01  2.75081E-01  4.77790E-01
  6.00000E+02  6.40978E-04  2.51944E-02  1.00057E-01  2.39047E-01  4.24903E-01
  6.40000E+02  3.85864E-04  2.00603E-02  8.39659E-02  2.07241E-01  3.77062E-01
  6.80000E+02  2.27415E-04  1.58853E-02  7.02716E-02  1.79243E-01  3.33898E-01
  7.20000E+02  1.31187E-04  1.25085E-02  5.86507E-02  1.54660E-01  2.95054E-01
  7.60000E+02  7.40534E-05  9.79293E-03  4.88169E-02  1.33133E-01  2.60183E-01
  8.00000E+02  4.08974E-05  7.62173E-03  4.05187E-02  1.14332E-01  2.28957E-01
  8.40000E+02  2.20931E-05  5.89627E-03  3.35359E-02  9.79536E-02  2.01063E-01
  8.80000E+02  1.16722E-05  4.53350E-03  2.76766E-02  8.37232E-02  1.76203E-01
  9.20000E+02  6.02991E-06  3.46400E-03  2.27741E-02  7.13912E-02  1.54102E-01
  9.60000E+02  3.04554E-06  2.63007E-03  1.86841E-02  6.07319E-02  1.34498E-01
  1.00000E+03  1.50366E-06  1.98409E-03  1.52819E-02  5.15421E-02  1.17149E-01
  1.04000E+03  7.25617E-07  1.48704E-03  1.24603E-02  4.36397E-02  1.01832E-01
  1.08000E+03  3.42202E-07  1.10717E-03  1.01275E-02  3.68617E-02  8.83382E-02
  1.12000E+03  1.57696E-07  8.18851E-04  8.20483E-03  3.10629E-02  7.64781E-02
  1.16000E+03  7.10019E-08  6.01535E-04  6.62525E-03  2.61144E-02  6.60771E-02
  1.20000E+03  3.12309E-08  4.38886E-04  5.33180E-03  2.19023E-02  5.69759E-02
  1.24000E+03  1.34188E-08  3.18016E-04  4.27618E-03  1.83259E-02  4.90297E-02
  1.28000E+03  5.63137E-09  2.28836E-04  3.41762E-03  1.52970E-02  4.21071E-02
  1.32000E+03  2.30802E-09  1.63513E-04  2.72175E-03  1.27383E-02  3.60894E-02
  1.36000E+03  9.23736E-10  1.16013E-04  2.15977E-03  1.05821E-02  3.08697E-02
  1.40000E+03  3.60989E-10  8.17266E-05  1.70756E-03  8.76967E-03  2.63521E-02
  1.44000E+03  1.37733E-10  5.71611E-05  1.34502E-03  7.25006E-03  2.24505E-02
  1.48000E+03  5.13020E-11  3.96914E-05  1.05547E-03  5.97915E-03  1.90883E-02
  1.52000E+03  1.86528E-11  2.73609E-05  8.25089E-04  4.91892E-03  1.61970E-02
  1.56000E+03  6.61944E-12  1.87233E-05  6.42505E-04  4.03668E-03  1.37160E-02
  1.60000E+03  2.29259E-12  1.27185E-05  4.98369E-04  3.30443E-03  1.15918E-02
  1.64000E+03  7.74843E-13  8.57567E-06  3.85040E-04  2.69820E-03  9.77678E-03
  1.68000E+03  2.55529E-13  5.73940E-06  2.96293E-04  2.19761E-03  8.22936E-03
  1.72000E+03  8.22172E-14  3.81253E-06  2.27082E-04  1.78531E-03  6.91288E-03
  1.76000E+03  2.58068E-14  2.51359E-06  1.73329E-04  1.44663E-03  5.79525E-03
  1.80000E+03  7.90145E-15  1.64473E-06  1.31756E-04  1.16914E-03  4.84846E-03
  1.84000E+03  2.35958E-15  1.06807E-06  9.97400E-05  9.42398E-04  4.04811E-03
  1.88000E+03  6.87173E-16  6.88331E-07  7.51881E-05  7.57615E-04  3.37299E-03
  1.92000E+03  1.95142E-16  4.40224E-07  5.64414E-05  6.07433E-04  2.80472E-03
  1.96000E+03  5.40304E-17  2.79395E-07  4.21894E-05  4.85705E-04  2.32740E-03
  2.00000E+03  1.45838E-17  1.75962E-07  3.14017E-05  3.87313E-04  1.92735E-03
  2.04000E+03  3.83702E-18  1.09968E-07  2.32720E-05  3.08002E-04  1.59277E-03
  2.08000E+03  9.83894E-19  6.81943E-08  1.71726E-05  2.44253E-04  1.31354E-03
  2.12000E+03  2.45851E-19  4.19619E-08  1.26168E-05  1.93156E-04  1.08101E-03
  2.16000E+03  5.98552E-20  2.56199E-08  9.22919E-06  1.52317E-04  8.87779E-04
  2.20000E+03  1.41962E-20  1.55206E-08  6.72153E-06  1.19770E-04  7.27562E-04
  2.24000E+03  3.27954E-21  9.32903E-09  4.87365E-06  9.39083E-05  5.95001E-04
  2.28000E+03  7.37824E-22  5.56360E-09  3.51815E-06  7.34178E-05  4.85562E-04
  2.32000E+03  1.61628E-22  3.29198E-09  2.52836E-06  5.72310E-05  3.95409E-04
  2.36000E+03  3.44688E-23  1.93256E-09  1.80892E-06  4.44821E-05  3.21305E-04
  2.40000E+03  7.15484E-24  1.12558E-09  1.28840E-06  3.44710E-05  2.60527E-04
  2.44000E+03  1.44528E-24  6.50402E-10  9.13526E-07  2.66336E-05  2.10790E-04
  2.48000E+03  2.84048E-25  3.72856E-10  6.44803E-07  2.05165E-05  1.70177E-04
  2.52000E+03  5.43032E-26  2.12055E-10  4.53066E-07  1.57567E-05  1.37089E-04
  2.56000E+03  1.00962E-26  1.19646E-10  3.16896E-07  1.20646E-05  1.10191E-04
  2.60000E+03  1.82507E-27  6.69703E-11  2.20642E-07  9.20940E-06  8.83755E-05
  2.64000E+03  3.20694E-28  3.71876E-11  1.52921E-07  7.00839E-06  7.07215E-05
  2.68000E+03  5.47614E-29  2.04851E-11  1.05500E-07  5.31699E-06  5.64676E-05
  2.72000E+03  9.08473E-30  1.11943E-11  7.24491E-08  4.02130E-06  4.49854E-05
  2.76000E+03  1.46380E-30  6.06837E-12  4.95230E-08  3.03190E-06  3.57571E-05
  2.80000E+03  2.29008E-31  3.26329E-12  3.36952E-08  2.27878E-06  2.83573E-05
  2.84000E+03  3.47762E-32  1.74078E-12  2.28198E-08  1.70736E-06  2.24376E-05
  2.88000E+03  5.12430E-33  9.21157E-13  1.53827E-08  1.27520E-06  1.77129E-05
  2.92000E+03  7.32412E-34  4.83525E-13  1.03212E-08  9.49409E-07  1.39509E-05
  2.96000E+03  1.01505E-34  2.51765E-13  6.89274E-09  7.04606E-07  1.09624E-05
  3.00000E+03  1.36351E-35  1.30034E-13  4.58162E-09  5.21257E-07  8.59404E-06
  3.04000E+03  1.77460E-36  6.66201E-14  3.03115E-09  3.84384E-07  6.72157E-06
  3.08000E+03  2.23677E-37  3.38556E-14  1.99596E-09  2.82541E-07  5.24472E-06
  3.12000E+03  2.72916E-38  1.70660E-14  1.30812E-09  2.07012E-07  4.08268E-06
  3.16000E+03  3.22193E-39  8.53305E-15  8.53281E-10  1.51184E-07  3.17057E-06
  3.20000E+03  3.67845E-40  4.23198E-15  5.53964E-10  1.10053E-07  2.45636E-06
  3.24000E+03  4.05914E-41  2.08184E-15  3.57942E-10  7.98521E-08  1.89847E-06
  3.28000E+03  4.32581E-42  1.01581E-15  2.30188E-10  5.77499E-08  1.46376E-06
  3.32000E+03  4.44212E-43  4.91624E-16  1.47328E-10  4.16288E-08  1.12585E-06
  3.36000E+03  4.34403E-44  2.35998E-16  9.38474E-11  2.99095E-08  8.63845E-07
  3.40000E+03  4.20390E-45  1.12365E-16  5.94958E-11  2.14188E-08  6.61184E-07
  3.44000E+03  0.00000E+00  5.30645E-17  3.75385E-11  1.52878E-08  5.04811E-07
  3.48000E+03  0.00000E+00  2.48553E-17  2.35716E-11  1.08756E-08  3.84448E-07
  3.52000E+03  0.00000E+00  1.15471E-17  1.47306E-11  7.71098E-09  2.92024E-07
  3.56000E+03  0.00000E+00  5.32065E-18  9.16155E-12  5.44876E-09  2.21216E-07
  3.60000E+03  0.00000E+00  2.43158E-18  5.67057E-12  3.83694E-09  1.67085E-07
  3.64000E+03  0.00000E+00  1.10216E-18  3.49288E-12  2.69217E-09  1.25779E-07
  3.68000E+03  0.00000E+00  4.95481E-19  2.14098E-12  1.88151E-09  9.42997E-08
  3.72000E+03  0.00000E+00  2.20918E-19  1.30568E-12  1.30885E-09  7.03154E-08
  3.76000E+03  0.00000E+00  9.76897E-20  7.91860E-13  9.04846E-10  5.20136E-08
  3.80000E+03  0.00000E+00  4.28385E-20  4.76908E-13  6.19569E-10  3.79819E-08
  3.84000E+03  0.00000E+00  1.86189E-20  2.84067E-13  4.16982E-10  2.71141E-08
  3.88000E+03  0.00000E+00  7.99616E-21  1.65313E-13  2.70919E-10  1.85343E-08
  3.92000E+03  0.00000E+00  3.33361E-21  9.04010E-14  1.62080E-10  1.15355E-08
  3.96000E+03  0.00000E+00  1.20319E-21  3.97991E-14  7.57460E-11  5.52877E-09
  4.00000E+03  0.00000E+00  0.00000E+00  0.00000E+00  0.00000E+00  0.00000E+00
