 Depth 10 30 50 70 90
  0.00000E+00  1.41178E-01  4.79231E-01  1.02794E+00  1.57863E+00  1.98979E+00
  4.00000E+01  1.03070E-01  3.75752E-01  8.36145E-01  1.31263E+00  1.68686E+00
  8.00000E+01  7.43037E-02  2.93884E-01  6.78120E-01  1.08917E+00  1.42726E+00
  1.20000E+02  5.28515E-02  2.29272E-01  5.48331E-01  9.01857E-01  1.20524E+00
  1.60000E+02  3.70619E-02  1.78401E-01  4.42080E-01  7.45195E-01  1.01577E+00
  2.00000E+02  2.56029E-02  1.38440E-01  3.55383E-01  6.14457E-01  8.54398E-01
  2.40000E+02  1.74108E-02  1.07122E-01  2.84873E-01  5.05598E-01  7.17259E-01
  2.80000E+02  1.16469E-02  8.26364E-02  2.27714E-01  4.15156E-01  6.00959E-01
  3.20000E+02  7.65909E-03  6.35402E-02  1.81524E-01  3.40182E-01  5.02539E-01
  3.60000E+02  4.94822E-03  4.86871E-02  1.44316E-01  2.78168E-01  4.19426E-01
  4.00000E+02  3.13892E-03  3.71676E-02  1.14433E-01  2.26985E-01  3.49387E-01
  4.40000E+02  1.95408E-03  2.82617E-02  9.05047E-02  1.84834E-01  2.90487E-01
  4.80000E+02  1.19325E-03  2.13999E-02  7.13985E-02  1.50196E-01  2.41058E-01
  5.20000E+02  7.14426E-04  1.61326E-02  5.61851E-02  1.21793E-01  1.99662E-01
  5.60000E+02  4.19231E-04  1.21055E-02  4.41040E-02  9.85541E-02  1.65063E-01
  6.00000E+02  2.41028E-04  9.03973E-03  3.45354E-02  7.95811E-02  1.36205E-01
  6.40000E+02  1.35724E-04  6.71639E-03  2.69762E-02  6.41245E-02  1.12183E-01
  6.80000E+02  7.48346E-05  4.96416E-03  2.10196E-02  5.15602E-02  9.22253E-02
  7.20000E+02  4.03911E-05  3.64932E-03  1.63374E-02  4.13692E-02  7.56782E-02
  7.60000E+02  2.13356E-05  2.66787E-03  1.26662E-02  3.31214E-02  6.19854E-02
  8.00000E+02  1.10271E-05  1.93930E-03  9.79488E-03  2.64610E-02  5.06768E-02
  8.40000E+02  5.57537E-06  1.40150E-03  7.55473E-03  2.10944E-02  4.13552E-02
  8.80000E+02  2.75712E-06  1.00682E-03  5.81146E-03  1.67799E-02  3.36864E-02
  9.20000E+02  1.33331E-06  7.18914E-04  4.45833E-03  1.33189E-02  2.73894E-02
  9.60000E+02  6.30427E-07  5.10174E-04  3.41079E-03  1.05489E-02  2.22288E-02
  1.00000E+03  2.91405E-07  3.59776E-04  2.60198E-03  8.33679E-03  1.80076E-02
  1.04000E+03  1.31661E-07  2.52102E-04  1.97921E-03  6.57423E-03  1.45613E-02
  1.08000E+03  5.81377E-08  1.75515E-04  1.50102E-03  5.17299E-03  1.17530E-02
  1.12000E+03  2.50866E-08  1.21396E-04  1.13491E-03  4.06151E-03  9.46899E-03
  1.16000E+03  1.05768E-08  8.34096E-05  8.55434E-04  3.18186E-03  7.61486E-03
  1.20000E+03  4.35663E-09  5.69263E-05  6.42730E-04  2.48724E-03  6.11257E-03
  1.24000E+03  1.75298E-09  3.85890E-05  4.81349E-04  1.93997E-03  4.89765E-03
  1.28000E+03  6.88950E-10  2.59799E-05  3.59294E-04  1.50977E-03  3.91700E-03
  1.32000E+03  2.64446E-10  1.73702E-05  2.67283E-04  1.17234E-03  3.12693E-03
  1.36000E+03  9.91239E-11  1.15330E-05  1.98150E-04  9.08296E-04  2.49162E-03
  1.40000E+03  3.62802E-11  7.60356E-06  1.46384E-04  7.02134E-04  1.98172E-03
  1.44000E+03  1.29648E-11  4.97747E-06  1.07756E-04  5.41535E-04  1.57325E-03
  1.48000E+03  4.52297E-12  3.23513E-06  7.90337E-05  4.16715E-04  1.24665E-03
  1.52000E+03  1.54028E-12  2.08759E-06  5.77540E-05  3.19926E-04  9.86017E-04
  1.56000E+03  5.11980E-13  1.33735E-06  4.20462E-05  2.45047E-04  7.78418E-04
  1.60000E+03  1.66088E-13  8.50497E-07  3.04946E-05  1.87253E-04  6.13378E-04
  1.64000E+03  5.25788E-14  5.36919E-07  2.20318E-05  1.42750E-04  4.82423E-04
  1.68000E+03  1.62416E-14  3.36460E-07  1.58558E-05  1.08564E-04  3.78713E-04
  1.72000E+03  4.89489E-15  2.09282E-07  1.13662E-05  8.23647E-05  2.96737E-04
  1.76000E+03  1.43916E-15  1.29207E-07  8.11550E-06  6.23352E-05  2.32065E-04
  1.80000E+03  4.12746E-16  7.91730E-08  5.77123E-06  4.70599E-05  1.81143E-04
  1.84000E+03  1.15455E-16  4.81498E-08  4.08750E-06  3.54390E-05  1.41125E-04
  1.88000E+03  3.14954E-17  2.90618E-08  2.88315E-06  2.66203E-05  1.09738E-04
  1.92000E+03  8.37797E-18  1.74079E-08  2.02527E-06  1.99450E-05  8.51666E-05
  1.96000E+03  2.17286E-18  1.03480E-08  1.41673E-06  1.49049E-05  6.59696E-05
  2.00000E+03  5.49380E-19  6.10429E-09  9.86890E-07  1.11094E-05  5.10005E-05
  2.04000E+03  1.35395E-19  3.57334E-09  6.84563E-07  8.25856E-06  3.93511E-05
  2.08000E+03  3.25211E-20  2.07569E-09  4.72835E-07  6.12290E-06  3.03032E-05
  2.12000E+03  7.61199E-21  1.19644E-09  3.25195E-07  4.52729E-06  2.32896E-05
  2.16000E+03  1.73595E-21  6.84297E-10  2.22692E-07  3.33838E-06  1.78639E-05
  2.20000E+03  3.85669E-22  3.88345E-10  1.51839E-07  2.45492E-06  1.36749E-05
  2.24000E+03  8.34572E-23  2.18675E-10  1.03078E-07  1.80024E-06  1.04472E-05
  2.28000E+03  1.75878E-23  1.22175E-10  6.96703E-08  1.31646E-06  7.96527E-06
  2.32000E+03  3.60896E-24  6.77262E-11  4.68829E-08  9.59966E-07  6.06066E-06
  2.36000E+03  7.20938E-25  3.72490E-11  3.14094E-08  6.98014E-07  4.60205E-06
  2.40000E+03  1.40177E-25  2.03259E-11  2.09495E-08  5.06084E-07  3.48731E-06
  2.44000E+03  2.65235E-26  1.10040E-11  1.39107E-08  3.65866E-07  2.63713E-06
  2.48000E+03  4.88285E-27  5.91040E-12  9.19550E-09  2.63725E-07  1.99007E-06
  2.52000E+03  8.74398E-28  3.14946E-12  6.05130E-09  1.89540E-07  1.49863E-06
  2.56000E+03  1.52279E-28  1.66496E-12  3.96424E-09  1.35820E-07  1.12617E-06
  2.60000E+03  2.57848E-29  8.73201E-13  2.58524E-09  9.70356E-08  8.44486E-07
  2.64000E+03  4.24395E-30  4.54318E-13  1.67829E-09  6.91182E-08  6.31905E-07
  2.68000E+03  6.78812E-31  2.34497E-13  1.08456E-09  4.90841E-08  4.71820E-07
  2.72000E+03  1.05483E-31  1.20071E-13  6.97666E-10  3.47510E-08  3.51528E-07
  2.76000E+03  1.59200E-32  6.09899E-14  4.46734E-10  2.45282E-08  2.61334E-07
  2.80000E+03  2.33293E-33  3.07321E-14  2.84741E-10  1.72595E-08  1.93856E-07
  2.84000E+03  3.31836E-34  1.53616E-14  1.80653E-10  1.21074E-08  1.43484E-07
  2.88000E+03  4.57997E-35  7.61699E-15  1.14086E-10  8.46681E-09  1.05965E-07
  2.92000E+03  6.13153E-36  3.74654E-15  7.17134E-11  5.90248E-09  7.80818E-08
  2.96000E+03  7.95946E-37  1.82798E-15  4.48692E-11  4.10192E-09  5.74063E-08
  3.00000E+03  1.00147E-37  8.84717E-16  2.79429E-11  2.84165E-09  4.21100E-08
  3.04000E+03  1.22084E-38  4.24740E-16  1.73206E-11  1.96237E-09  3.08193E-08
  3.08000E+03  1.44132E-39  2.02266E-16  1.06861E-11  1.35087E-09  2.25042E-08
  3.12000E+03  1.64717E-40  9.55434E-17  6.56203E-12  9.26954E-10  1.63948E-08
  3.16000E+03  1.82127E-41  4.47664E-17  4.01064E-12  6.34037E-10  1.19163E-08
  3.20000E+03  1.94500E-42  2.08053E-17  2.43973E-12  4.32291E-10  8.64097E-09
  3.24000E+03  2.01787E-43  9.59093E-18  1.47713E-12  2.93790E-10  6.25126E-09
  3.28000E+03  2.10195E-44  4.38541E-18  8.90104E-13  1.99019E-10  4.51179E-09
  3.32000E+03  1.40130E-45  1.98892E-18  5.33832E-13  1.34383E-10  3.24863E-09
  3.36000E+03  0.00000E+00  8.94707E-19  3.18645E-13  9.04439E-11  2.33354E-09
  3.40000E+03  0.00000E+00  3.99204E-19  1.89297E-13  6.06732E-11  1.67219E-09
  3.44000E+03  0.00000E+00  1.76668E-19  1.11921E-13  4.05687E-11  1.19535E-09
  3.48000E+03  0.00000E+00  7.75468E-20  6.58581E-14  2.70369E-11  8.52373E-10
  3.52000E+03  0.00000E+00  3.37607E-20  3.85684E-14  1.79590E-11  6.06256E-10
  3.56000E+03  0.00000E+00  1.45779E-20  2.24789E-14  1.18891E-11  4.30054E-10
  3.60000E+03  0.00000E+00  6.24332E-21  1.30386E-14  7.84383E-12  3.04183E-10
  3.64000E+03  0.00000E+00  2.65195E-21  7.52652E-15  5.15644E-12  2.14449E-10
  3.68000E+03  0.00000E+00  1.11723E-21  4.32348E-15  3.37655E-12  1.50582E-10
  3.72000E+03  0.00000E+00  4.66815E-22  2.47101E-15  2.20085E-12  1.05172E-10
  3.76000E+03  0.00000E+00  1.93446E-22  1.40446E-15  1.42574E-12  7.28788E-11
  3.80000E+03  0.00000E+00  7.94954E-23  7.92747E-16  9.14854E-13  4.98608E-11
  3.84000E+03  0.00000E+00  3.23789E-23  4.42573E-16  5.77071E-13  3.33548E-11
  3.88000E+03  0.00000E+00  1.30317E-23  2.41425E-16  3.51463E-13  2.13710E-11
  3.92000E+03  0.00000E+00  5.09204E-24  1.23779E-16  1.97154E-13  1.24709E-11
  3.96000E+03  0.00000E+00  1.72303E-24  5.11067E-17  8.64185E-14  5.60607E-12
  4.00000E+03  0.00000E+00  0.00000E+00  0.00000E+00  0.00000E+00  0.00000E+00
