 Depth 10 30 50 70 90
  0.00000E+00  1.06529E-01  3.28679E-01  6.67432E-01  9.83075E-01  1.19065E+00
  4.00000E+01  7.86882E-02  2.58624E-01  5.45558E-01  8.20693E-01  1.01364E+00
  8.00000E+01  5.73884E-02  2.03009E-01  4.44561E-01  6.83670E-01  8.61227E-01
  1.20000E+02  4.12888E-02  1.58968E-01  3.61137E-01  5.68303E-01  7.30256E-01
  1.60000E+02  2.92794E-02  1.24177E-01  2.92462E-01  4.71390E-01  6.17949E-01
  2.00000E+02  2.04484E-02  9.67539E-02  2.36123E-01  3.90165E-01  5.21856E-01
  2.40000E+02  1.40534E-02  7.51852E-02  1.90065E-01  3.22245E-01  4.39814E-01
  2.80000E+02  9.49742E-03  5.82580E-02  1.52540E-01  2.65581E-01  3.69924E-01
  3.20000E+02  6.30714E-03  4.50037E-02  1.22072E-01  2.18415E-01  3.10515E-01
  3.60000E+02  4.11325E-03  3.46503E-02  9.74164E-02  1.79245E-01  2.60128E-01
  4.00000E+02  2.63277E-03  2.65842E-02  7.75281E-02  1.46789E-01  2.17486E-01
  4.40000E+02  1.65306E-03  2.03182E-02  6.15359E-02  1.19954E-01  1.81475E-01
  4.80000E+02  1.01766E-03  1.54660E-02  4.87153E-02  9.78180E-02  1.51131E-01
  5.20000E+02  6.14013E-04  1.17218E-02  3.84673E-02  7.95972E-02  1.25616E-01
  5.60000E+02  3.62948E-04  8.84350E-03  3.02988E-02  6.46325E-02  1.04207E-01
  6.00000E+02  2.10116E-04  6.64000E-03  2.38056E-02  5.23691E-02  8.62801E-02
  6.40000E+02  1.19094E-04  4.96057E-03  1.86576E-02  4.23415E-02  7.13009E-02
  6.80000E+02  6.60720E-05  3.68661E-03  1.45867E-02  3.41602E-02  5.88103E-02
  7.20000E+02  3.58704E-05  2.72504E-03  1.13757E-02  2.75001E-02  4.84159E-02
  7.60000E+02  1.90525E-05  2.00307E-03  8.84936E-03  2.20904E-02  3.97836E-02
  8.00000E+02  9.89861E-06  1.46396E-03  6.86659E-03  1.77062E-02  3.26289E-02
  8.40000E+02  5.02949E-06  1.06367E-03  5.31434E-03  1.41611E-02  2.67109E-02
  8.80000E+02  2.49878E-06  7.68199E-04  4.10218E-03  1.13009E-02  2.18253E-02
  9.20000E+02  1.21372E-06  5.51411E-04  3.15801E-03  8.99866E-03  1.78002E-02
  9.60000E+02  5.76275E-07  3.93336E-04  2.42449E-03  7.14965E-03  1.44903E-02
  1.00000E+03  2.67426E-07  2.78800E-04  1.85611E-03  5.66805E-03  1.17740E-02
  1.04000E+03  1.21279E-07  1.96344E-04  1.41690E-03  4.48357E-03  9.54913E-03
  1.08000E+03  5.37427E-08  1.37372E-04  1.07843E-03  3.53877E-03  7.73029E-03
  1.12000E+03  2.32680E-08  9.54765E-05  8.18337E-04  2.78689E-03  6.24628E-03
  1.16000E+03  9.84130E-09  6.59139E-05  6.19054E-04  2.18990E-03  5.03779E-03
  1.20000E+03  4.06589E-09  4.51965E-05  4.66820E-04  1.71696E-03  4.05555E-03
  1.24000E+03  1.64068E-09  3.07786E-05  3.50884E-04  1.34317E-03  3.25876E-03
  1.28000E+03  6.46569E-10  2.08150E-05  2.62869E-04  1.04841E-03  2.61364E-03
  1.32000E+03  2.48820E-10  1.39784E-05  1.96267E-04  8.16496E-04  2.09233E-03
  1.36000E+03  9.34959E-11  9.32114E-06  1.46035E-04  6.34452E-04  1.67186E-03
  1.40000E+03  3.43003E-11  6.17136E-06  1.08278E-04  4.91879E-04  1.33340E-03
  1.44000E+03  1.22846E-11  4.05667E-06  7.99958E-05  3.80476E-04  1.06146E-03
  1.48000E+03  4.29475E-12  2.64735E-06  5.88860E-05  2.93629E-04  8.43400E-04
  1.52000E+03  1.46552E-12  1.71508E-06  4.31866E-05  2.26081E-04  6.68876E-04
  1.56000E+03  4.88069E-13  1.10298E-06  3.15539E-05  1.73667E-04  5.29466E-04
  1.60000E+03  1.58622E-13  7.04109E-07  2.29668E-05  1.33090E-04  4.18320E-04
  1.64000E+03  5.03036E-14  4.46153E-07  1.66520E-05  1.01752E-04  3.29881E-04
  1.68000E+03  1.55648E-14  2.80596E-07  1.20263E-05  7.76062E-05  2.59644E-04
  1.72000E+03  4.69845E-15  1.75152E-07  8.65121E-06  5.90468E-05  2.03973E-04
  1.76000E+03  1.38353E-15  1.08510E-07  6.19838E-06  4.48157E-05  1.59933E-04
  1.80000E+03  3.97372E-16  6.67155E-08  4.42302E-06  3.39303E-05  1.25161E-04
  1.84000E+03  1.11311E-16  4.07077E-08  3.14327E-06  2.56246E-05  9.77606E-05
  1.88000E+03  3.04058E-17  2.46492E-08  2.22459E-06  1.93029E-05  7.62114E-05
  1.92000E+03  8.09857E-18  1.48113E-08  1.56785E-06  1.45036E-05  5.92972E-05
  1.96000E+03  2.10300E-18  8.83155E-09  1.10036E-06  1.08693E-05  4.60471E-05
  2.00000E+03  5.32347E-19  5.22541E-09  7.69000E-07  8.12439E-06  3.56880E-05
  2.04000E+03  1.31347E-19  3.06784E-09  5.35134E-07  6.05657E-06  2.76050E-05
  2.08000E+03  3.15833E-20  1.78717E-09  3.70794E-07  4.50297E-06  2.13107E-05
  2.12000E+03  7.40026E-21  1.03301E-09  2.55814E-07  3.33883E-06  1.64189E-05
  2.16000E+03  1.68937E-21  5.92443E-10  1.75721E-07  2.46889E-06  1.26249E-05
  2.20000E+03  3.75686E-22  3.37115E-10  1.20178E-07  1.82057E-06  9.68811E-06
  2.24000E+03  8.13731E-23  1.90323E-10  8.18297E-08  1.33875E-06  7.41951E-06
  2.28000E+03  1.71641E-23  1.06605E-10  5.54723E-08  9.81682E-07  5.67062E-06
  2.32000E+03  3.52507E-24  5.92424E-11  3.74379E-08  7.17803E-07  4.32514E-06
  2.36000E+03  7.04769E-25  3.26622E-11  2.51539E-08  5.23351E-07  3.29215E-06
  2.40000E+03  1.37144E-25  1.78653E-11  1.68249E-08  3.80473E-07  2.50070E-06
  2.44000E+03  2.59698E-26  9.69436E-12  1.12032E-08  2.75796E-07  1.89557E-06
  2.48000E+03  4.78450E-27  5.21876E-12  7.42616E-09  1.99331E-07  1.43388E-06
  2.52000E+03  8.57407E-28  2.78707E-12  4.90023E-09  1.43640E-07  1.08235E-06
  2.56000E+03  1.49424E-28  1.47657E-12  3.21876E-09  1.03200E-07  8.15277E-07
  2.60000E+03  2.53185E-29  7.76037E-13  2.10463E-09  7.39227E-08  6.12795E-07
  2.64000E+03  4.16993E-30  4.04599E-13  1.36984E-09  5.27913E-08  4.59613E-07
  2.68000E+03  6.67394E-31  2.09256E-13  8.87491E-10  3.75859E-08  3.43978E-07
  2.72000E+03  1.03772E-31  1.07358E-13  5.72340E-10  2.66782E-08  2.56876E-07
  2.76000E+03  1.56710E-32  5.46380E-14  3.67395E-10  1.88778E-08  1.91411E-07
  2.80000E+03  2.29776E-33  2.75834E-14  2.34745E-10  1.33168E-08  1.42315E-07
  2.84000E+03  3.27015E-34  1.38132E-14  1.49292E-10  9.36473E-09  1.05577E-07
  2.88000E+03  4.51585E-35  6.86158E-15  9.45042E-11  6.56496E-09  7.81484E-08
  2.92000E+03  6.04884E-36  3.38094E-15  5.95434E-11  4.58778E-09  5.77157E-08
  2.96000E+03  7.85607E-37  1.65245E-15  3.73405E-11  3.19595E-09  4.25290E-08
  3.00000E+03  9.88947E-38  8.01113E-16  2.33069E-11  2.21932E-09  3.12671E-08
  3.04000E+03  1.20614E-38  3.85238E-16  1.44792E-11  1.53623E-09  2.29349E-08
  3.08000E+03  1.42462E-39  1.83752E-16  8.95272E-12  1.05999E-09  1.67844E-08
  3.12000E+03  1.62884E-40  8.69353E-17  5.50949E-12  7.29041E-10  1.22548E-08
  3.16000E+03  1.80179E-41  4.07962E-17  3.37451E-12  4.99807E-10  8.92681E-09
  3.20000E+03  1.92679E-42  1.89889E-17  2.05707E-12  3.41545E-10  6.48737E-09
  3.24000E+03  2.00386E-43  8.76659E-18  1.24802E-12  2.32639E-10  4.70346E-09
  3.28000E+03  2.10195E-44  4.01431E-18  7.53574E-13  1.57944E-10  3.40202E-09
  3.32000E+03  1.40130E-45  1.82321E-18  4.52855E-13  1.06882E-10  2.45482E-09
  3.36000E+03  0.00000E+00  8.21304E-19  2.70842E-13  7.20913E-11  1.76710E-09
  3.40000E+03  0.00000E+00  3.66953E-19  1.61211E-13  4.84655E-11  1.26896E-09
  3.44000E+03  0.00000E+00  1.62612E-19  9.54979E-14  3.24750E-11  9.09015E-10
  3.48000E+03  0.00000E+00  7.14705E-20  5.62999E-14  2.16883E-11  6.49545E-10
  3.52000E+03  0.00000E+00  3.11552E-20  3.30319E-14  1.44361E-11  4.62947E-10
  3.56000E+03  0.00000E+00  1.34698E-20  1.92872E-14  9.57655E-12  3.29067E-10
  3.60000E+03  0.00000E+00  5.77584E-21  1.12075E-14  6.33091E-12  2.33222E-10
  3.64000E+03  0.00000E+00  2.45634E-21  6.48092E-15  4.17016E-12  1.64746E-10
  3.68000E+03  0.00000E+00  1.03605E-21  3.72933E-15  2.73606E-12  1.15905E-10
  3.72000E+03  0.00000E+00  4.33395E-22  2.13508E-15  1.78678E-12  8.11027E-11
  3.76000E+03  0.00000E+00  1.79801E-22  1.21556E-15  1.15963E-12  5.62993E-11
  3.80000E+03  0.00000E+00  7.39703E-23  6.87232E-16  7.45401E-13  3.85807E-11
  3.84000E+03  0.00000E+00  3.01612E-23  3.84257E-16  4.70934E-13  2.58465E-11
  3.88000E+03  0.00000E+00  1.21519E-23  2.09906E-16  2.87217E-13  1.65805E-11
  3.92000E+03  0.00000E+00  4.75278E-24  1.07743E-16  1.61289E-13  9.68450E-12
  3.96000E+03  0.00000E+00  1.60941E-24  4.45207E-17  7.07470E-14  4.35602E-12
  4.00000E+03  0.00000E+00  0.00000E+00  0.00000E+00  0.00000E+00  0.00000E+00
