 Depth 10 30 50 70 90
  0.00000E+00  1.93499E-01  6.57260E-01  1.18727E+00  1.66236E+00  2.00906E+00
  4.00000E+01  1.49309E-01  5.62155E-01  1.05197E+00  1.50967E+00  1.85894E+00
  8.00000E+01  1.13725E-01  4.78627E-01  9.29355E-01  1.36751E+00  1.71576E+00
  1.20000E+02  8.54452E-02  4.05617E-01  8.18608E-01  1.23558E+00  1.57973E+00
  1.60000E+02  6.32829E-02  3.42115E-01  7.18915E-01  1.11353E+00  1.45099E+00
  2.00000E+02  4.61706E-02  2.87162E-01  6.29472E-01  1.00097E+00  1.32958E+00
  2.40000E+02  3.31624E-02  2.39851E-01  5.49496E-01  8.97508E-01  1.21548E+00
  2.80000E+02  2.34349E-02  1.99333E-01  4.78224E-01  8.02692E-01  1.10862E+00
  3.20000E+02  1.62841E-02  1.64819E-01  4.14922E-01  7.16073E-01  1.00886E+00
  3.60000E+02  1.11200E-02  1.35578E-01  3.58889E-01  6.37184E-01  9.16002E-01
  4.00000E+02  7.45879E-03  1.10941E-01  3.09455E-01  5.65554E-01  8.29841E-01
  4.40000E+02  4.91178E-03  9.02991E-02  2.65991E-01  5.00710E-01  7.50123E-01
  4.80000E+02  3.17410E-03  7.31020E-02  2.27906E-01  4.42184E-01  6.76575E-01
  5.20000E+02  2.01203E-03  5.88567E-02  1.94646E-01  3.89515E-01  6.08907E-01
  5.60000E+02  1.25058E-03  4.71248E-02  1.65700E-01  3.42256E-01  5.46817E-01
  6.00000E+02  7.61895E-04  3.75195E-02  1.40596E-01  2.99973E-01  4.89997E-01
  6.40000E+02  4.54823E-04  2.97020E-02  1.18899E-01  2.62251E-01  4.38137E-01
  6.80000E+02  2.65964E-04  2.33776E-02  1.00213E-01  2.28694E-01  3.90925E-01
  7.20000E+02  1.52304E-04  1.82923E-02  8.41765E-02  1.98928E-01  3.48054E-01
  7.60000E+02  8.53876E-05  1.42283E-02  7.04636E-02  1.72597E-01  3.09222E-01
  8.00000E+02  4.68565E-05  1.10008E-02  5.87799E-02  1.49371E-01  2.74137E-01
  8.40000E+02  2.51617E-05  8.45372E-03  4.88616E-02  1.28941E-01  2.42516E-01
  8.80000E+02  1.32194E-05  6.45639E-03  4.04730E-02  1.11022E-01  2.14086E-01
  9.20000E+02  6.79365E-06  4.90024E-03  3.34046E-02  9.53467E-02  1.88586E-01
  9.60000E+02  3.41456E-06  3.69572E-03  2.74711E-02  8.16740E-02  1.65771E-01
  1.00000E+03  1.67816E-06  2.76951E-03  2.25092E-02  6.97809E-02  1.45406E-01
  1.04000E+03  8.06363E-07  2.06205E-03  1.83757E-02  5.94645E-02  1.27272E-01
  1.08000E+03  3.78755E-07  1.52530E-03  1.49457E-02  5.05408E-02  1.11163E-01
  1.12000E+03  1.73883E-07  1.12085E-03  1.21104E-02  4.28434E-02  9.68856E-02
  1.16000E+03  7.80131E-08  8.18162E-04  9.77607E-03  3.62224E-02  8.42622E-02
  1.20000E+03  3.42005E-08  5.93211E-04  7.86169E-03  3.05432E-02  7.31271E-02
  1.24000E+03  1.46487E-08  4.27198E-04  6.29799E-03  2.56856E-02  6.33279E-02
  1.28000E+03  6.12936E-09  3.05544E-04  5.02588E-03  2.15426E-02  5.47245E-02
  1.32000E+03  2.50513E-09  2.17028E-04  3.99514E-03  1.80190E-02  4.71884E-02
  1.36000E+03  9.99989E-10  1.53086E-04  3.16339E-03  1.50307E-02  4.06027E-02
  1.40000E+03  3.89819E-10  1.07227E-04  2.49494E-03  1.25038E-02  3.48609E-02
  1.44000E+03  1.48384E-10  7.45774E-05  1.95996E-03  1.03731E-02  2.98665E-02
  1.48000E+03  5.51465E-11  5.15013E-05  1.53355E-03  8.58173E-03  2.55322E-02
  1.52000E+03  2.00084E-11  3.53116E-05  1.19510E-03  7.07997E-03  2.17796E-02
  1.56000E+03  7.08639E-12  2.40373E-05  9.27594E-04  5.82469E-03  1.85381E-02
  1.60000E+03  2.44967E-12  1.62444E-05  7.17043E-04  4.77851E-03  1.57446E-02
  1.64000E+03  8.26450E-13  1.08982E-05  5.52023E-04  3.90916E-03  1.33428E-02
  1.68000E+03  2.72084E-13  7.25810E-06  4.23237E-04  3.18890E-03  1.12826E-02
  1.72000E+03  8.74021E-14  4.79832E-06  3.23158E-04  2.59392E-03  9.51949E-03
  1.76000E+03  2.73920E-14  3.14875E-06  2.45721E-04  2.10390E-03  8.01415E-03
  1.80000E+03  8.37450E-15  2.05095E-06  1.86061E-04  1.70154E-03  6.73190E-03
  1.84000E+03  2.49735E-15  1.32595E-06  1.40296E-04  1.37214E-03  5.64223E-03
  1.88000E+03  7.26328E-16  8.50820E-07  1.05342E-04  1.10329E-03  4.71840E-03
  1.92000E+03  2.06000E-16  5.41846E-07  7.87626E-05  8.84524E-04  3.93699E-03
  1.96000E+03  5.69674E-17  3.42474E-07  5.86390E-05  7.07056E-04  3.27762E-03
  2.00000E+03  1.53587E-17  2.14823E-07  4.34706E-05  5.63529E-04  2.72252E-03
  2.04000E+03  4.03643E-18  1.33729E-07  3.20876E-05  4.47807E-04  2.25633E-03
  2.08000E+03  1.03393E-18  8.26128E-08  2.35833E-05  3.54791E-04  1.86571E-03
  2.12000E+03  2.58092E-19  5.06452E-08  1.72579E-05  2.80257E-04  1.53921E-03
  2.16000E+03  6.27743E-20  3.08097E-08  1.25742E-05  2.20717E-04  1.26694E-03
  2.20000E+03  1.48747E-20  1.85988E-08  9.12173E-06  1.73304E-04  1.04045E-03
  2.24000E+03  3.43322E-21  1.11409E-08  6.58820E-06  1.35665E-04  8.52477E-04
  2.28000E+03  7.71737E-22  6.62193E-09  4.73744E-06  1.05879E-04  6.96853E-04
  2.32000E+03  1.68918E-22  3.90545E-09  3.39156E-06  8.23807E-05  5.68320E-04
  2.36000E+03  3.59951E-23  2.28544E-09  2.41730E-06  6.39022E-05  4.62417E-04
  2.40000E+03  7.46600E-24  1.32700E-09  1.71524E-06  4.94167E-05  3.75372E-04
  2.44000E+03  1.50703E-24  7.64487E-10  1.21166E-06  3.80974E-05  3.03999E-04
  2.48000E+03  2.95977E-25  4.36976E-10  8.52101E-07  2.92803E-05  2.45620E-04
  2.52000E+03  5.65456E-26  2.47814E-10  5.96551E-07  2.24342E-05  1.97985E-04
  2.56000E+03  1.05062E-26  1.39435E-10  4.15763E-07  1.71355E-05  1.59211E-04
  2.60000E+03  1.89802E-27  7.78362E-11  2.88455E-07  1.30475E-05  1.27728E-04
  2.64000E+03  3.33310E-28  4.31077E-11  1.99224E-07  9.90381E-06  1.02227E-04
  2.68000E+03  5.68825E-29  2.36855E-11  1.36971E-07  7.49401E-06  8.16224E-05
  2.72000E+03  9.43133E-30  1.29110E-11  9.37417E-08  5.65275E-06  6.50152E-05
  2.76000E+03  1.51882E-30  6.98199E-12  6.38633E-08  4.25046E-06  5.16630E-05
  2.80000E+03  2.37491E-31  3.74573E-12  4.33090E-08  3.18595E-06  4.09544E-05
  2.84000E+03  3.60463E-32  1.99354E-12  2.92353E-08  2.38048E-06  3.23872E-05
  2.88000E+03  5.30886E-33  1.05254E-12  1.96443E-08  1.77300E-06  2.55504E-05
  2.92000E+03  7.58432E-34  5.51284E-13  1.31389E-08  1.31634E-06  2.01080E-05
  2.96000E+03  1.05063E-34  2.86436E-13  8.74724E-09  9.74182E-07  1.57865E-05
  3.00000E+03  1.41069E-35  1.47635E-13  5.79653E-09  7.18654E-07  1.23636E-05
  3.04000E+03  1.83521E-36  7.54848E-14  3.82336E-09  5.28451E-07  9.65921E-06
  3.08000E+03  2.31221E-37  3.82851E-14  2.51015E-09  3.87339E-07  7.52795E-06
  3.12000E+03  2.82008E-38  1.92618E-14  1.64031E-09  2.82994E-07  5.85256E-06
  3.16000E+03  3.32797E-39  9.61298E-15  1.06689E-09  2.06090E-07  4.53886E-06
  3.20000E+03  3.79808E-40  4.75890E-15  6.90684E-10  1.49599E-07  3.51138E-06
  3.24000E+03  4.18974E-41  2.33689E-15  4.45041E-10  1.08240E-07  2.70978E-06
  3.28000E+03  4.46454E-42  1.13828E-15  2.85416E-10  7.80614E-08  2.08600E-06
  3.32000E+03  4.59626E-43  5.49967E-16  1.82184E-10  5.61133E-08  1.60183E-06
  3.36000E+03  4.48416E-44  2.63570E-16  1.15743E-10  4.02045E-08  1.22696E-06
  3.40000E+03  4.20390E-45  1.25291E-16  7.31851E-11  2.87117E-08  9.37467E-07
  3.44000E+03  0.00000E+00  5.90760E-17  4.60571E-11  2.04369E-08  7.14465E-07
  3.48000E+03  0.00000E+00  2.76287E-17  2.88477E-11  1.44990E-08  5.43111E-07
  3.52000E+03  0.00000E+00  1.28164E-17  1.79831E-11  1.02522E-08  4.11767E-07
  3.56000E+03  0.00000E+00  5.89691E-18  1.11571E-11  7.22505E-09  3.11329E-07
  3.60000E+03  0.00000E+00  2.69111E-18  6.88912E-12  5.07426E-09  2.34694E-07
  3.64000E+03  0.00000E+00  1.21810E-18  4.23345E-12  3.55098E-09  1.76332E-07
  3.68000E+03  0.00000E+00  5.46858E-19  2.58889E-12  2.47531E-09  1.31945E-07
  3.72000E+03  0.00000E+00  2.43503E-19  1.57525E-12  1.71755E-09  9.81995E-08
  3.76000E+03  0.00000E+00  1.07537E-19  9.53222E-13  1.18449E-09  7.25072E-08
  3.80000E+03  0.00000E+00  4.70973E-20  5.72856E-13  8.09169E-10  5.28562E-08
  3.84000E+03  0.00000E+00  2.04447E-20  3.40522E-13  5.43427E-10  3.76741E-08
  3.88000E+03  0.00000E+00  8.76993E-21  1.97800E-13  3.52422E-10  2.57190E-08
  3.92000E+03  0.00000E+00  3.65227E-21  1.08001E-13  2.10535E-10  1.59911E-08
  3.96000E+03  0.00000E+00  1.31712E-21  4.74984E-14  9.82991E-11  7.65943E-09
  4.00000E+03  0.00000E+00  0.00000E+00  0.00000E+00  0.00000E+00  0.00000E+00
