 Depth 10 30 50 70 90
  0.00000E+00  1.33168E-01  3.61706E-01  5.78713E-01  7.29984E-01  8.02057E-01
  4.00000E+01  9.74851E-02  2.90667E-01  4.79361E-01  6.18350E-01  6.91154E-01
  8.00000E+01  7.04499E-02  2.32606E-01  3.96049E-01  5.22658E-01  5.94290E-01
  1.20000E+02  5.02206E-02  1.85341E-01  3.26366E-01  4.40807E-01  5.09903E-01
  1.60000E+02  3.52866E-02  1.47025E-01  2.68234E-01  3.70952E-01  4.36570E-01
  2.00000E+02  2.44198E-02  1.16098E-01  2.19867E-01  3.11468E-01  3.73000E-01
  2.40000E+02  1.66331E-02  9.12489E-02  1.79735E-01  2.60935E-01  3.18029E-01
  2.80000E+02  1.11432E-02  7.13755E-02  1.46526E-01  2.18106E-01  2.70606E-01
  3.20000E+02  7.33811E-03  5.55579E-02  1.19123E-01  1.81892E-01  2.29789E-01
  3.60000E+02  4.74721E-03  4.30304E-02  9.65733E-02  1.51346E-01  1.94739E-01
  4.00000E+02  3.01536E-03  3.31585E-02  7.80703E-02  1.25641E-01  1.64709E-01
  4.40000E+02  1.87961E-03  2.54194E-02  6.29310E-02  1.04063E-01  1.39034E-01
  4.80000E+02  1.14928E-03  1.93842E-02  5.05794E-02  8.59931E-02  1.17132E-01
  5.20000E+02  6.89017E-04  1.47028E-02  4.05317E-02  7.08970E-02  9.84872E-02
  5.60000E+02  4.04869E-04  1.10913E-02  3.23823E-02  5.83159E-02  8.26489E-02
  6.00000E+02  2.33091E-04  8.32069E-03  2.57924E-02  4.78563E-02  6.92228E-02
  6.40000E+02  1.31440E-04  6.20711E-03  2.04797E-02  3.91815E-02  5.78650E-02
  6.80000E+02  7.25750E-05  4.60400E-03  1.62100E-02  3.20043E-02  4.82768E-02
  7.20000E+02  3.92276E-05  3.39513E-03  1.27894E-02  2.60807E-02  4.01990E-02
  7.60000E+02  2.07508E-05  2.48894E-03  1.00577E-02  2.12034E-02  3.34078E-02
  8.00000E+02  1.07403E-05  1.81373E-03  7.88331E-03  1.71976E-02  2.77097E-02
  8.40000E+02  5.43813E-06  1.31369E-03  6.15830E-03  1.39154E-02  2.29387E-02
  8.80000E+02  2.69307E-06  9.45663E-04  4.79439E-03  1.12327E-02  1.89520E-02
  9.20000E+02  1.30417E-06  6.76500E-04  3.71968E-03  9.04543E-03  1.56275E-02
  9.60000E+02  6.17498E-07  4.80895E-04  2.87580E-03  7.26645E-03  1.28609E-02
  1.00000E+03  2.85816E-07  3.39664E-04  2.21550E-03  5.82313E-03  1.05632E-02
  1.04000E+03  1.29308E-07  2.38358E-04  1.70071E-03  4.65505E-03  8.65893E-03
  1.08000E+03  5.71726E-08  1.66173E-04  1.30081E-03  3.71208E-03  7.08386E-03
  1.12000E+03  2.47014E-08  1.15082E-04  9.91299E-04  2.95276E-03  5.78379E-03
  1.16000E+03  1.04273E-08  7.91660E-05  7.52642E-04  2.34286E-03  4.71290E-03
  1.20000E+03  4.30021E-09  5.40912E-05  5.69308E-04  1.85424E-03  3.83261E-03
  1.24000E+03  1.73230E-09  3.67063E-05  4.29010E-04  1.46378E-03  3.11049E-03
  1.28000E+03  6.81595E-10  2.47374E-05  3.22057E-04  1.15257E-03  2.51934E-03
  1.32000E+03  2.61910E-10  1.65555E-05  2.40840E-04  9.05174E-04  2.03641E-03
  1.36000E+03  9.82781E-11  1.10021E-05  1.79409E-04  7.09024E-04  1.64271E-03
  1.40000E+03  3.60077E-11  7.25990E-06  1.33125E-04  5.53917E-04  1.32243E-03
  1.44000E+03  1.28803E-11  4.75649E-06  9.83937E-05  4.31592E-04  1.06241E-03
  1.48000E+03  4.49785E-12  3.09399E-06  7.24355E-05  3.35382E-04  8.51763E-04
  1.52000E+03  1.53316E-12  1.99806E-06  5.31130E-05  2.59917E-04  6.81471E-04
  1.56000E+03  5.10075E-13  1.28095E-06  3.87884E-05  2.00885E-04  5.44094E-04
  1.60000E+03  1.65615E-13  8.15219E-07  2.82127E-05  1.54836E-04  4.33505E-04
  1.64000E+03  5.24735E-14  5.15009E-07  2.04369E-05  1.19013E-04  3.44671E-04
  1.68000E+03  1.62223E-14  3.22950E-07  1.47436E-05  9.12252E-05  2.73465E-04
  1.72000E+03  4.89295E-15  2.01011E-07  1.05925E-05  6.97298E-05  2.16510E-04
  1.76000E+03  1.43970E-15  1.24180E-07  7.57857E-06  5.31496E-05  1.71053E-04
  1.80000E+03  4.13204E-16  7.61412E-08  5.39960E-06  4.03971E-05  1.34852E-04
  1.84000E+03  1.15666E-16  4.63346E-08  3.83099E-06  3.06170E-05  1.06084E-04
  1.88000E+03  3.15748E-17  2.79831E-08  2.70660E-06  2.31381E-05  8.32732E-05
  1.92000E+03  8.40471E-18  1.67718E-08  1.90411E-06  1.74358E-05  6.52258E-05
  1.96000E+03  2.18121E-18  9.97567E-09  1.33384E-06  1.31007E-05  5.09785E-05
  2.00000E+03  5.51836E-19  5.88807E-09  9.30361E-07  9.81474E-06  3.97561E-05
  2.04000E+03  1.36083E-19  3.44874E-09  6.46138E-07  7.33144E-06  3.09360E-05
  2.08000E+03  3.27055E-20  2.00444E-09  4.46803E-07  5.46034E-06  2.40196E-05
  2.12000E+03  7.65948E-21  1.15601E-09  3.07621E-07  4.05473E-06  1.86080E-05
  2.16000E+03  1.74774E-21  6.61540E-10  2.10871E-07  3.00200E-06  1.43836E-05
  2.20000E+03  3.88495E-22  3.75636E-10  1.43915E-07  2.21595E-06  1.10932E-05
  2.24000E+03  8.41120E-23  2.11634E-10  9.77874E-08  1.63081E-06  8.53633E-06
  2.28000E+03  1.77346E-23  1.18304E-10  6.61506E-08  1.19656E-06  6.55392E-06
  2.32000E+03  3.64085E-24  6.56157E-11  4.45506E-08  8.75285E-07  5.02046E-06
  2.36000E+03  7.27650E-25  3.61075E-11  2.98700E-08  6.38324E-07  3.83702E-06
  2.40000E+03  1.41546E-25  1.97134E-11  1.99374E-08  4.64092E-07  2.92583E-06
  2.44000E+03  2.67944E-26  1.06781E-11  1.32480E-08  3.36383E-07  2.22588E-06
  2.48000E+03  4.93482E-27  5.73832E-12  8.76341E-09  2.43066E-07  1.68947E-06
  2.52000E+03  8.84070E-28  3.05936E-12  5.77071E-09  1.75094E-07  1.27936E-06
  2.56000E+03  1.54025E-28  1.61817E-12  3.78279E-09  1.25739E-07  9.66539E-07
  2.60000E+03  2.60906E-29  8.49100E-13  2.46841E-09  9.00150E-08  7.28502E-07
  2.64000E+03  4.29592E-30  4.42006E-13  1.60338E-09  6.42394E-08  5.47798E-07
  2.68000E+03  6.87375E-31  2.28258E-13  1.03673E-09  4.57010E-08  4.10948E-07
  2.72000E+03  1.06852E-31  1.16936E-13  6.67266E-10  3.24102E-08  3.07556E-07
  2.76000E+03  1.61322E-32  5.94278E-14  4.27495E-10  2.29122E-08  2.29631E-07
  2.80000E+03  2.36482E-33  2.99601E-14  2.72619E-10  1.61464E-08  1.71041E-07
  2.84000E+03  3.36482E-34  1.49832E-14  1.73050E-10  1.13424E-08  1.27096E-07
  2.88000E+03  4.64557E-35  7.43310E-15  1.09337E-10  7.94234E-09  9.42150E-08
  2.92000E+03  6.22128E-36  3.65791E-15  6.87614E-11  5.54377E-09  6.96727E-08
  2.96000E+03  8.07838E-37  1.78562E-15  4.30423E-11  3.85717E-09  5.13992E-08
  3.00000E+03  1.01673E-37  8.64641E-16  2.68173E-11  2.67508E-09  3.78266E-08
  3.04000E+03  1.23980E-38  4.15304E-16  1.66303E-11  1.84929E-09  2.77705E-08
  3.08000E+03  1.46410E-39  1.97869E-16  1.02647E-11  1.27429E-09  2.03381E-08
  3.12000E+03  1.67368E-40  9.35116E-17  6.30598E-12  8.75240E-10  1.48585E-08
  3.16000E+03  1.85112E-41  4.38355E-17  3.85576E-12  5.99203E-10  1.08287E-08
  3.20000E+03  1.98144E-42  2.03823E-17  2.34648E-12  4.08891E-10  7.87242E-09
  3.24000E+03  2.07392E-43  9.40042E-18  1.42125E-12  2.78114E-10  5.70912E-09
  3.28000E+03  2.24208E-44  4.30032E-18  8.56776E-13  1.88547E-10  4.13005E-09
  3.32000E+03  1.40130E-45  1.95125E-18  5.14047E-13  1.27406E-10  2.98032E-09
  3.36000E+03  0.00000E+00  8.78166E-19  3.06954E-13  8.58092E-11  2.14530E-09
  3.40000E+03  0.00000E+00  3.92004E-19  1.82422E-13  5.76032E-11  1.54036E-09
  3.44000E+03  0.00000E+00  1.73560E-19  1.07897E-13  3.85411E-11  1.10320E-09
  3.48000E+03  0.00000E+00  7.62174E-20  6.35141E-14  2.57016E-11  7.88080E-10
  3.52000E+03  0.00000E+00  3.31968E-20  3.72094E-14  1.70823E-11  5.61487E-10
  3.56000E+03  0.00000E+00  1.43408E-20  2.16947E-14  1.13153E-11  3.98943E-10
  3.60000E+03  0.00000E+00  6.14449E-21  1.25884E-14  7.46940E-12  2.82612E-10
  3.64000E+03  0.00000E+00  2.61112E-21  7.26922E-15  4.91292E-12  1.99531E-10
  3.68000E+03  0.00000E+00  1.10051E-21  4.17715E-15  3.21874E-12  1.40298E-10
  3.72000E+03  0.00000E+00  4.60024E-22  2.38822E-15  2.09902E-12  9.81138E-11
  3.76000E+03  0.00000E+00  1.90712E-22  1.35787E-15  1.36040E-12  6.80673E-11
  3.80000E+03  0.00000E+00  7.84052E-23  7.66709E-16  8.73309E-13  4.66180E-11
  3.84000E+03  0.00000E+00  3.19481E-23  4.28175E-16  5.51081E-13  3.12140E-11
  3.88000E+03  0.00000E+00  1.28635E-23  2.33639E-16  3.35746E-13  2.00144E-11
  3.92000E+03  0.00000E+00  5.02819E-24  1.19816E-16  1.88386E-13  1.16859E-11
  3.96000E+03  0.00000E+00  1.70191E-24  4.94789E-17  8.25891E-14  5.25499E-12
  4.00000E+03  0.00000E+00  0.00000E+00  0.00000E+00  0.00000E+00  0.00000E+00
