 Depth 10 30 50 70 90
  0.00000E+00  1.66311E-01  5.13479E-01  8.78192E-01  1.17301E+00  1.35767E+00
  4.00000E+01  1.29247E-01  4.41564E-01  7.81819E-01  1.07076E+00  1.26354E+00
  8.00000E+01  9.91273E-02  3.77960E-01  6.93924E-01  9.74800E-01  1.17277E+00
  1.20000E+02  7.49766E-02  3.21985E-01  6.14041E-01  8.85069E-01  1.08563E+00
  1.60000E+02  5.58880E-02  2.72972E-01  5.41694E-01  8.01452E-01  1.00236E+00
  2.00000E+02  4.10279E-02  2.30279E-01  4.76404E-01  7.23800E-01  9.23130E-01
  2.40000E+02  2.96434E-02  1.93289E-01  4.17689E-01  6.51936E-01  8.48045E-01
  2.80000E+02  2.10667E-02  1.61413E-01  3.65073E-01  5.85653E-01  7.77160E-01
  3.20000E+02  1.47174E-02  1.34096E-01  3.18086E-01  5.24722E-01  7.10486E-01
  3.60000E+02  1.01017E-02  1.10817E-01  2.76274E-01  4.68895E-01  6.47990E-01
  4.00000E+02  6.80862E-03  9.10904E-02  2.39196E-01  4.17910E-01  5.89605E-01
  4.40000E+02  4.50425E-03  7.44706E-02  2.06430E-01  3.71496E-01  5.35237E-01
  4.80000E+02  2.92342E-03  6.05494E-02  1.77576E-01  3.29376E-01  4.84767E-01
  5.20000E+02  1.86074E-03  4.89570E-02  1.52256E-01  2.91274E-01  4.38056E-01
  5.60000E+02  1.16104E-03  3.93611E-02  1.30115E-01  2.56911E-01  3.94951E-01
  6.00000E+02  7.09933E-04  3.14655E-02  1.10822E-01  2.26015E-01  3.55288E-01
  6.40000E+02  4.25268E-04  2.50082E-02  9.40717E-02  1.98319E-01  3.18894E-01
  6.80000E+02  2.49491E-04  1.97596E-02  7.95803E-02  1.73567E-01  2.85592E-01
  7.20000E+02  1.43310E-04  1.55199E-02  6.70890E-02  1.51511E-01  2.55202E-01
  7.60000E+02  8.05780E-05  1.21166E-02  5.63611E-02  1.31915E-01  2.27542E-01
  8.00000E+02  4.43381E-05  9.40208E-03  4.71817E-02  1.14555E-01  2.02434E-01
  8.40000E+02  2.38706E-05  7.25071E-03  3.93567E-02  9.92205E-02  1.79702E-01
  8.80000E+02  1.25716E-05  5.55675E-03  3.27113E-02  8.57147E-02  1.59173E-01
  9.20000E+02  6.47558E-06  4.23167E-03  2.70892E-02  7.38534E-02  1.40681E-01
  9.60000E+02  3.26175E-06  3.20200E-03  2.23512E-02  6.34664E-02  1.24066E-01
  1.00000E+03  1.60634E-06  2.40724E-03  1.83736E-02  5.43965E-02  1.09174E-01
  1.04000E+03  7.73348E-07  1.79794E-03  1.50475E-02  4.64993E-02  9.58610E-02
  1.08000E+03  3.63913E-07  1.33401E-03  1.22772E-02  3.96429E-02  8.39878E-02
  1.12000E+03  1.67359E-07  9.83206E-04  9.97888E-03  3.37072E-02  7.34249E-02
  1.16000E+03  7.52091E-08  7.19781E-04  8.07982E-03  2.85833E-02  6.40506E-02
  1.20000E+03  3.30225E-08  5.23360E-04  6.51698E-03  2.41728E-02  5.57513E-02
  1.24000E+03  1.41650E-08  3.77938E-04  5.23604E-03  2.03875E-02  4.84215E-02
  1.28000E+03  5.93526E-09  2.71040E-04  4.19044E-03  1.71480E-02  4.19636E-02
  1.32000E+03  2.42902E-09  1.93026E-04  3.34046E-03  1.43837E-02  3.62874E-02
  1.36000E+03  9.70829E-10  1.36504E-04  2.65234E-03  1.20317E-02  3.13103E-02
  1.40000E+03  3.78905E-10  9.58510E-05  2.09759E-03  1.00364E-02  2.69566E-02
  1.44000E+03  1.44394E-10  6.68269E-05  1.65222E-03  8.34872E-03  2.31573E-02
  1.48000E+03  5.37219E-11  4.62581E-05  1.29616E-03  6.92535E-03  1.98496E-02
  1.52000E+03  1.95117E-11  3.17897E-05  1.01271E-03  5.72847E-03  1.69769E-02
  1.56000E+03  6.91725E-12  2.16884E-05  7.88021E-04  4.72503E-03  1.44878E-02
  1.60000E+03  2.39345E-12  1.46891E-05  6.10667E-04  3.88627E-03  1.23363E-02
  1.64000E+03  8.08204E-13  9.87572E-06  4.71277E-04  3.18725E-03  1.04809E-02
  1.68000E+03  2.66305E-13  6.59074E-06  3.62196E-04  2.60646E-03  8.88476E-03
  1.72000E+03  8.56153E-14  4.36591E-06  2.77203E-04  2.12534E-03  7.51485E-03
  1.76000E+03  2.68529E-14  2.87063E-06  2.11265E-04  1.72800E-03  6.34191E-03
  1.80000E+03  8.21583E-15  1.87337E-06  1.60334E-04  1.40084E-03  5.34003E-03
  1.84000E+03  2.45178E-15  1.21340E-06  1.21167E-04  1.13230E-03  4.48628E-03
  1.88000E+03  7.13562E-16  7.80012E-07  9.11781E-05  9.12548E-04  3.76050E-03
  1.92000E+03  2.02511E-16  4.97629E-07  6.83187E-05  7.33269E-04  3.14499E-03
  1.96000E+03  5.60379E-17  3.15068E-07  5.09708E-05  5.87463E-04  2.62424E-03
  2.00000E+03  1.51172E-17  1.97963E-07  3.78642E-05  4.69247E-04  2.18471E-03
  2.04000E+03  3.97526E-18  1.23435E-07  2.80061E-05  3.73698E-04  1.81464E-03
  2.08000E+03  1.01882E-18  7.63747E-08  2.06246E-05  2.96711E-04  1.50379E-03
  2.12000E+03  2.54456E-19  4.68935E-08  1.51224E-05  2.34874E-04  1.24332E-03
  2.16000E+03  6.19218E-20  2.85704E-08  1.10395E-05  1.85361E-04  1.02558E-03
  2.20000E+03  1.46799E-20  1.72724E-08  8.02352E-06  1.45841E-04  8.44018E-04
  2.24000E+03  3.38986E-21  1.03612E-08  5.80577E-06  1.14398E-04  6.92980E-04
  2.28000E+03  7.62339E-22  6.16712E-09  4.18241E-06  8.94588E-05  5.67642E-04
  2.32000E+03  1.66934E-22  3.64216E-09  2.99957E-06  6.97418E-05  4.63885E-04
  2.36000E+03  3.55874E-23  2.13420E-09  2.14166E-06  5.42030E-05  3.78203E-04
  2.40000E+03  7.38443E-24  1.24079E-09  1.52228E-06  4.19961E-05  3.07620E-04
  2.44000E+03  1.49115E-24  7.15724E-10  1.07717E-06  3.24374E-05  2.49619E-04
  2.48000E+03  2.92969E-25  4.09607E-10  7.58779E-07  2.49764E-05  2.02074E-04
  2.52000E+03  5.59914E-26  2.32573E-10  5.32084E-07  1.91715E-05  1.63195E-04
  2.56000E+03  1.04069E-26  1.31012E-10  3.71426E-07  1.46697E-05  1.31483E-04
  2.60000E+03  1.88072E-27  7.32182E-11  2.58100E-07  1.11898E-05  1.05680E-04
  2.64000E+03  3.30380E-28  4.05954E-11  1.78534E-07  8.50851E-06  8.47367E-05
  2.68000E+03  5.64005E-29  2.23294E-11  1.22932E-07  6.44929E-06  6.77807E-05
  2.72000E+03  9.35429E-30  1.21847E-11  8.42593E-08  4.87297E-06  5.40869E-05
  2.76000E+03  1.50686E-30  6.59607E-12  5.74872E-08  3.67024E-06  4.30554E-05
  2.80000E+03  2.35689E-31  3.54227E-12  3.90410E-08  2.75557E-06  3.41908E-05
  2.84000E+03  3.57828E-32  1.88712E-12  2.63915E-08  2.06225E-06  2.70854E-05
  2.88000E+03  5.27147E-33  9.97320E-13  1.77580E-08  1.53844E-06  2.14043E-05
  2.92000E+03  7.53288E-34  5.22854E-13  1.18934E-08  1.14399E-06  1.68735E-05
  2.96000E+03  1.04377E-34  2.71915E-13  7.92864E-09  8.47947E-07  1.32692E-05
  3.00000E+03  1.40182E-35  1.40277E-13  5.26096E-09  6.26488E-07  1.04093E-05
  3.04000E+03  1.82410E-36  7.17857E-14  3.47458E-09  4.61374E-07  8.14562E-06
  3.08000E+03  2.29875E-37  3.64403E-14  2.28405E-09  3.38676E-07  6.35853E-06
  3.12000E+03  2.80429E-38  1.83491E-14  1.49442E-09  2.47803E-07  4.95125E-06
  3.16000E+03  3.31006E-39  9.16498E-15  9.73192E-10  1.80723E-07  3.84589E-06
  3.20000E+03  3.77845E-40  4.54076E-15  6.30782E-10  1.31372E-07  2.97989E-06
  3.24000E+03  4.16886E-41  2.23152E-15  4.06923E-10  9.51860E-08  2.30314E-06
  3.28000E+03  4.44212E-42  1.08779E-15  2.61273E-10  6.87417E-08  1.77565E-06
  3.32000E+03  4.56823E-43  5.25969E-16  1.66963E-10  4.94814E-08  1.36554E-06
  3.36000E+03  4.48416E-44  2.52254E-16  1.06192E-10  3.55005E-08  1.04752E-06
  3.40000E+03  4.20390E-45  1.19999E-16  6.72199E-11  2.53860E-08  8.01525E-07
  3.44000E+03  0.00000E+00  5.66202E-17  4.23489E-11  1.80933E-08  6.11738E-07
  3.48000E+03  0.00000E+00  2.64984E-17  2.65533E-11  1.28529E-08  4.65681E-07
  3.52000E+03  0.00000E+00  1.23004E-17  1.65701E-11  9.09979E-09  3.53555E-07
  3.56000E+03  0.00000E+00  5.66321E-18  1.02910E-11  6.42090E-09  2.67684E-07
  3.60000E+03  0.00000E+00  2.58613E-18  6.36075E-12  4.51504E-09  2.02065E-07
  3.64000E+03  0.00000E+00  1.17132E-18  3.91264E-12  3.16346E-09  1.52017E-07
  3.68000E+03  0.00000E+00  5.26184E-19  2.39504E-12  2.20778E-09  1.13896E-07
  3.72000E+03  0.00000E+00  2.34439E-19  1.45869E-12  1.53369E-09  8.48713E-08
  3.76000E+03  0.00000E+00  1.03596E-19  8.83515E-13  1.05887E-09  6.27392E-08
  3.80000E+03  0.00000E+00  4.53976E-20  5.31444E-13  7.24109E-10  4.57848E-08
  3.84000E+03  0.00000E+00  1.97181E-20  3.16177E-13  4.86768E-10  3.26651E-08
  3.88000E+03  0.00000E+00  8.46284E-21  1.83801E-13  3.15939E-10  2.23174E-08
  3.92000E+03  0.00000E+00  3.52614E-21  1.00422E-13  1.88863E-10  1.38846E-08
  3.96000E+03  0.00000E+00  1.27212E-21  4.41844E-14  8.82171E-11  6.65297E-09
  4.00000E+03  0.00000E+00  0.00000E+00  0.00000E+00  0.00000E+00  0.00000E+00
