 Depth 10 30 50 70 90
  0.00000E+00  1.75166E-01  5.39262E-01  9.13348E-01  1.20544E+00  1.37540E+00
  4.00000E+01  1.26792E-01  4.30578E-01  7.53001E-01  1.01651E+00  1.17965E+00
  8.00000E+01  9.06147E-02  3.42361E-01  6.19221E-01  8.55361E-01  1.00967E+00
  1.20000E+02  6.38926E-02  2.71046E-01  5.07892E-01  7.18204E-01  8.62412E-01
  1.60000E+02  4.44157E-02  2.13638E-01  4.15485E-01  6.01725E-01  7.35140E-01
  2.00000E+02  3.04195E-02  1.67626E-01  3.38989E-01  5.03030E-01  6.25395E-01
  2.40000E+02  2.05119E-02  1.30914E-01  2.75832E-01  4.19594E-01  5.30979E-01
  2.80000E+02  1.36088E-02  1.01758E-01  2.23832E-01  3.49221E-01  4.49930E-01
  3.20000E+02  8.87829E-03  7.87135E-02  1.81134E-01  2.90002E-01  3.80510E-01
  3.60000E+02  5.69227E-03  6.05878E-02  1.46173E-01  2.40287E-01  3.21178E-01
  4.00000E+02  3.58474E-03  4.64021E-02  1.17625E-01  1.98648E-01  2.70576E-01
  4.40000E+02  2.21629E-03  3.53562E-02  9.43818E-02  1.63854E-01  2.27508E-01
  4.80000E+02  1.34460E-03  2.67999E-02  7.55109E-02  1.34850E-01  1.90931E-01
  5.20000E+02  8.00155E-04  2.02069E-02  6.02345E-02  1.10728E-01  1.59928E-01
  5.60000E+02  4.66869E-04  1.51540E-02  4.79045E-02  9.07145E-02  1.33704E-01
  6.00000E+02  2.66993E-04  1.13025E-02  3.79824E-02  7.41487E-02  1.11567E-01
  6.40000E+02  1.49604E-04  8.38323E-03  3.00221E-02  6.04692E-02  9.29174E-02
  6.80000E+02  8.21094E-05  6.18291E-03  2.36556E-02  4.92000E-02  7.72380E-02
  7.20000E+02  4.41290E-05  4.53401E-03  1.85797E-02  3.99384E-02  6.40818E-02
  7.60000E+02  2.32180E-05  3.30555E-03  1.45457E-02  3.23449E-02  5.30648E-02
  8.00000E+02  1.19561E-05  2.39573E-03  1.13502E-02  2.61340E-02  4.38577E-02
  8.40000E+02  6.02452E-06  1.72595E-03  8.82718E-03  2.10662E-02  3.61785E-02
  8.80000E+02  2.96984E-06  1.23588E-03  6.84183E-03  1.69409E-02  2.97864E-02
  9.20000E+02  1.43198E-06  8.79530E-04  5.28488E-03  1.35910E-02  2.44763E-02
  9.60000E+02  6.75236E-07  6.22031E-04  4.06811E-03  1.08774E-02  2.00739E-02
  1.00000E+03  3.11328E-07  4.37146E-04  3.12051E-03  8.68463E-03  1.64314E-02
  1.04000E+03  1.40331E-07  3.05254E-04  2.38515E-03  6.91702E-03  1.34236E-02
  1.08000E+03  6.18301E-08  2.11779E-04  1.81656E-03  5.49567E-03  1.09450E-02
  1.12000E+03  2.66253E-08  1.45968E-04  1.37850E-03  4.35561E-03  8.90652E-03
  1.16000E+03  1.12041E-08  9.99447E-05  1.04225E-03  3.44346E-03  7.23345E-03
  1.20000E+03  4.60679E-09  6.79759E-05  7.85116E-04  2.71550E-03  5.86305E-03
  1.24000E+03  1.85054E-09  4.59214E-05  5.89214E-04  2.13602E-03  4.74285E-03
  1.28000E+03  7.26158E-10  3.08116E-05  4.40531E-04  1.67591E-03  3.82904E-03
  1.32000E+03  2.78319E-10  2.05316E-05  3.28118E-04  1.31153E-03  3.08511E-03
  1.36000E+03  1.04181E-10  1.35868E-05  2.43455E-04  1.02372E-03  2.48072E-03
  1.40000E+03  3.80819E-11  8.92843E-06  1.79942E-04  7.96980E-04  1.99071E-03
  1.44000E+03  1.35922E-11  5.82598E-06  1.32481E-04  6.18827E-04  1.59426E-03
  1.48000E+03  4.73643E-12  3.77466E-06  9.71567E-05  4.79224E-04  1.27416E-03
  1.52000E+03  1.61125E-12  2.42817E-06  7.09703E-05  3.70123E-04  1.01625E-03
  1.56000E+03  5.35026E-13  1.55080E-06  5.16360E-05  2.85091E-04  8.08880E-04
  1.60000E+03  1.73398E-13  9.83292E-07  3.74187E-05  2.18998E-04  6.42496E-04
  1.64000E+03  5.48437E-14  6.18934E-07  2.70069E-05  1.67769E-04  5.09278E-04
  1.68000E+03  1.69267E-14  3.86743E-07  1.94132E-05  1.28170E-04  4.02841E-04
  1.72000E+03  5.09728E-15  2.39883E-07  1.38978E-05  9.76471E-05  3.17981E-04
  1.76000E+03  1.49753E-15  1.47693E-07  9.90855E-06  7.41857E-05  2.50469E-04
  1.80000E+03  4.29174E-16  9.02577E-08  7.03525E-06  5.62033E-05  1.96874E-04
  1.84000E+03  1.19968E-16  5.47472E-08  4.97442E-06  4.24597E-05  1.54418E-04
  1.88000E+03  3.27053E-17  3.29593E-08  3.50260E-06  3.19859E-05  1.20859E-04
  1.92000E+03  8.69443E-18  1.96932E-08  2.45591E-06  2.40270E-05  9.43898E-05
  1.96000E+03  2.25361E-18  1.16779E-08  1.71474E-06  1.79966E-05  7.35587E-05
  2.00000E+03  5.69479E-19  6.87247E-09  1.19217E-06  1.34409E-05  5.72006E-05
  2.04000E+03  1.40274E-19  4.01372E-09  8.25327E-07  1.00093E-05  4.43833E-05
  2.08000E+03  3.36760E-20  2.32624E-09  5.68918E-07  7.43208E-06  3.43626E-05
  2.12000E+03  7.87848E-21  1.33791E-09  3.90481E-07  5.50228E-06  2.65459E-05
  2.16000E+03  1.79590E-21  7.63575E-10  2.66852E-07  4.06157E-06  2.04619E-05
  2.20000E+03  3.98812E-22  4.32434E-10  1.81573E-07  2.98922E-06  1.57373E-05
  2.24000E+03  8.62652E-23  2.43008E-10  1.23008E-07  2.19345E-06  1.20766E-05
  2.28000E+03  1.81723E-23  1.35502E-10  8.29685E-08  1.60472E-06  9.24662E-06
  2.32000E+03  3.72746E-24  7.49699E-11  5.57158E-08  1.17049E-06  7.06388E-06
  2.36000E+03  7.44336E-25  4.11561E-11  3.72497E-08  8.51185E-07  5.38419E-06
  2.40000E+03  1.44675E-25  2.24171E-11  2.47935E-08  6.17114E-07  4.09458E-06
  2.44000E+03  2.73655E-26  1.21148E-11  1.64293E-08  4.46052E-07  3.10676E-06
  2.48000E+03  5.03623E-27  6.49586E-12  1.08382E-08  3.21425E-07  2.35185E-06
  2.52000E+03  9.01584E-28  3.45567E-12  7.11786E-09  2.30910E-07  1.77628E-06
  2.56000E+03  1.56967E-28  1.82388E-12  4.65355E-09  1.65375E-07  1.33847E-06
  2.60000E+03  2.65709E-29  9.55040E-13  3.02871E-09  1.18074E-07  1.00623E-06
  2.64000E+03  4.37215E-30  4.96138E-13  1.96229E-09  8.40417E-08  7.54703E-07
  2.68000E+03  6.99131E-31  2.55701E-13  1.26560E-09  5.96327E-08  5.64727E-07
  2.72000E+03  1.08613E-31  1.30739E-13  8.12547E-10  4.21812E-08  4.21581E-07
  2.76000E+03  1.63884E-32  6.63157E-14  5.19297E-10  2.97436E-08  3.13980E-07
  2.80000E+03  2.40100E-33  3.33701E-14  3.30364E-10  2.09076E-08  2.33289E-07
  2.84000E+03  3.41441E-34  1.66581E-14  2.09206E-10  1.46503E-08  1.72925E-07
  2.88000E+03  4.71151E-35  8.24921E-15  1.31873E-10  1.02333E-08  1.27876E-07
  2.92000E+03  6.30631E-36  4.05242E-15  8.27427E-11  7.12544E-09  9.43367E-08
  2.96000E+03  8.18467E-37  1.97482E-15  5.16766E-11  4.94567E-09  6.94277E-08
  3.00000E+03  1.02961E-37  9.54653E-16  3.21249E-11  3.42180E-09  5.09732E-08
  3.04000E+03  1.25490E-38  4.57788E-16  1.98779E-11  2.35991E-09  3.73339E-08
  3.08000E+03  1.48126E-39  2.17760E-16  1.22427E-11  1.62235E-09  2.72782E-08
  3.12000E+03  1.69253E-40  1.02750E-16  7.50504E-12  1.11173E-09  1.98827E-08
  3.16000E+03  1.87115E-41  4.80923E-17  4.57928E-12  7.59369E-10  1.44570E-08
  3.20000E+03  2.00105E-42  2.23280E-17  2.78102E-12  5.17016E-10  1.04863E-08
  3.24000E+03  2.07392E-43  1.02826E-17  1.68102E-12  3.50873E-10  7.58757E-09
  3.28000E+03  2.24208E-44  4.69710E-18  1.01134E-12  2.37348E-10  5.47669E-09
  3.32000E+03  1.40130E-45  2.12827E-18  6.05580E-13  1.60033E-10  3.94333E-09
  3.36000E+03  0.00000E+00  9.56510E-19  3.60907E-13  1.07551E-10  2.83227E-09
  3.40000E+03  0.00000E+00  4.26397E-19  2.14075E-13  7.20444E-11  2.02919E-09
  3.44000E+03  0.00000E+00  1.88537E-19  1.26380E-13  4.81018E-11  1.45018E-09
  3.48000E+03  0.00000E+00  8.26866E-20  7.42555E-14  3.20105E-11  1.03374E-09
  3.52000E+03  0.00000E+00  3.59686E-20  4.34225E-14  2.12316E-11  7.34963E-10
  3.56000E+03  0.00000E+00  1.55188E-20  2.52716E-14  1.40352E-11  5.21115E-10
  3.60000E+03  0.00000E+00  6.64108E-21  1.46378E-14  9.24628E-12  3.68404E-10
  3.64000E+03  0.00000E+00  2.81876E-21  8.43786E-15  6.06964E-12  2.59580E-10
  3.68000E+03  0.00000E+00  1.18662E-21  4.84035E-15  3.96886E-12  1.82165E-10
  3.72000E+03  0.00000E+00  4.95449E-22  2.76271E-15  2.58330E-12  1.27152E-10
  3.76000E+03  0.00000E+00  2.05167E-22  1.56820E-15  1.67121E-12  8.80553E-11
  3.80000E+03  0.00000E+00  8.42542E-23  8.84046E-16  1.07097E-12  6.02077E-11
  3.84000E+03  0.00000E+00  3.42943E-23  4.92949E-16  6.74743E-13  4.02539E-11
  3.88000E+03  0.00000E+00  1.37938E-23  2.68612E-16  4.10524E-13  2.57789E-11
  3.92000E+03  0.00000E+00  5.38669E-24  1.37593E-16  2.30096E-13  1.50375E-11
  3.96000E+03  0.00000E+00  1.82193E-24  5.67760E-17  1.00805E-13  6.75816E-12
  4.00000E+03  0.00000E+00  0.00000E+00  0.00000E+00  0.00000E+00  0.00000E+00
