 Depth 10 30 50 70 90
  0.00000E+00  1.45102E-01  4.18518E-01  6.91822E-01  8.98324E-01  1.01421E+00
  4.00000E+01  1.13425E-01  3.61260E-01  6.17774E-01  8.22596E-01  9.47207E-01
  8.00000E+01  8.74910E-02  3.10378E-01  5.49968E-01  7.51191E-01  8.82120E-01
  1.20000E+02  6.65457E-02  2.65389E-01  4.88098E-01  6.84107E-01  8.19234E-01
  1.60000E+02  4.98734E-02  2.25812E-01  4.31849E-01  6.21311E-01  7.58776E-01
  2.00000E+02  3.68053E-02  1.91182E-01  3.80895E-01  5.62742E-01  7.00926E-01
  2.40000E+02  2.67276E-02  1.61043E-01  3.34904E-01  5.08311E-01  6.45815E-01
  2.80000E+02  1.90873E-02  1.34956E-01  2.93542E-01  4.57904E-01  5.93532E-01
  3.20000E+02  1.33970E-02  1.12504E-01  2.56475E-01  4.11385E-01  5.44127E-01
  3.60000E+02  9.23654E-03  9.32889E-02  2.23377E-01  3.68601E-01  4.97615E-01
  4.00000E+02  6.25212E-03  7.69393E-02  1.93926E-01  3.29386E-01  4.53984E-01
  4.40000E+02  4.15292E-03  6.31086E-02  1.67815E-01  2.93560E-01  4.13193E-01
  4.80000E+02  2.70582E-03  5.14777E-02  1.44746E-01  2.60938E-01  3.75182E-01
  5.20000E+02  1.72857E-03  4.17548E-02  1.24437E-01  2.31329E-01  3.39876E-01
  5.60000E+02  1.08232E-03  3.36759E-02  1.06622E-01  2.04539E-01  3.07181E-01
  6.00000E+02  6.63989E-04  2.70037E-02  9.10500E-02  1.80376E-01  2.76995E-01
  6.40000E+02  3.98991E-04  2.15271E-02  7.74879E-02  1.58650E-01  2.49207E-01
  6.80000E+02  2.34769E-04  1.70598E-02  6.57193E-02  1.39175E-01  2.23699E-01
  7.20000E+02  1.35231E-04  1.34387E-02  5.55443E-02  1.21771E-01  2.00350E-01
  7.60000E+02  7.62374E-05  1.05220E-02  4.67797E-02  1.06263E-01  1.79036E-01
  8.00000E+02  4.20550E-05  8.18774E-03  3.92582E-02  9.24872E-02  1.59631E-01
  8.40000E+02  2.26952E-05  6.33176E-03  3.28278E-02  8.02854E-02  1.42013E-01
  8.80000E+02  1.19795E-05  4.86570E-03  2.73512E-02  6.95097E-02  1.26059E-01
  9.20000E+02  6.18371E-06  3.71531E-03  2.27048E-02  6.00212E-02  1.11649E-01
  9.60000E+02  3.12102E-06  2.81866E-03  1.87781E-02  5.16906E-02  9.86678E-02
  1.00000E+03  1.53997E-06  2.12449E-03  1.54727E-02  4.43978E-02  8.70031E-02
  1.04000E+03  7.42738E-07  1.59076E-03  1.27011E-02  3.80321E-02  7.65482E-02
  1.08000E+03  3.50109E-07  1.18320E-03  1.03865E-02  3.24918E-02  6.72011E-02
  1.12000E+03  1.61273E-07  8.74161E-04  8.46118E-03  2.76837E-02  5.88654E-02
  1.16000E+03  7.25862E-08  6.41467E-04  6.86623E-03  2.35233E-02  5.14500E-02
  1.20000E+03  3.19177E-08  4.67498E-04  5.55031E-03  1.99338E-02  4.48697E-02
  1.24000E+03  1.37102E-08  3.38363E-04  4.46906E-03  1.68458E-02  3.90447E-02
  1.28000E+03  5.75229E-09  2.43197E-04  3.58428E-03  1.41971E-02  3.39010E-02
  1.32000E+03  2.35710E-09  1.73573E-04  2.86328E-03  1.19318E-02  2.93699E-02
  1.36000E+03  9.43218E-10  1.23008E-04  2.27820E-03  1.00001E-02  2.53882E-02
  1.40000E+03  3.68549E-10  8.65534E-05  1.80539E-03  8.35773E-03  2.18977E-02
  1.44000E+03  1.40600E-10  6.04670E-05  1.42494E-03  6.96550E-03  1.88453E-02
  1.48000E+03  5.23647E-11  4.19387E-05  1.12009E-03  5.78880E-03  1.61823E-02
  1.52000E+03  1.90376E-11  2.88771E-05  8.76867E-04  4.79725E-03  1.38647E-02
  1.56000E+03  6.75554E-12  1.97386E-05  6.83638E-04  3.96420E-03  1.18526E-02
  1.60000E+03  2.33960E-12  1.33932E-05  5.30788E-04  3.26643E-03  1.01098E-02
  1.64000E+03  7.90702E-13  9.02074E-06  4.10402E-04  2.68372E-03  8.60398E-03
  1.68000E+03  2.60752E-13  6.03077E-06  3.15996E-04  2.19859E-03  7.30600E-03
  1.72000E+03  8.38963E-14  4.00185E-06  2.42285E-04  1.79591E-03  6.18986E-03
  1.76000E+03  2.63336E-14  2.63568E-06  1.84986E-04  1.46270E-03  5.23240E-03
  1.80000E+03  8.06275E-15  1.72287E-06  1.40639E-04  1.18782E-03  4.41303E-03
  1.84000E+03  2.40776E-15  1.11771E-06  1.06468E-04  9.61752E-04  3.71351E-03
  1.88000E+03  7.01214E-16  7.19624E-07  8.02553E-05  7.76403E-04  3.11777E-03
  1.92000E+03  1.99134E-16  4.59805E-07  6.02362E-05  6.24911E-04  2.61162E-03
  1.96000E+03  5.51368E-17  2.91555E-07  4.50156E-05  5.01475E-04  2.18263E-03
  2.00000E+03  1.48829E-17  1.83457E-07  3.34953E-05  4.01215E-04  1.81991E-03
  2.04000E+03  3.91582E-18  1.14552E-07  2.48147E-05  3.20033E-04  1.51397E-03
  2.08000E+03  1.00413E-18  7.09774E-08  1.83035E-05  2.54506E-04  1.25656E-03
  2.12000E+03  2.50917E-19  4.36388E-08  1.34415E-05  2.01781E-04  1.04049E-03
  2.16000E+03  6.10911E-20  2.66228E-08  9.82760E-06  1.59492E-04  8.59567E-04
  2.20000E+03  1.44899E-20  1.61158E-08  7.15356E-06  1.25681E-04  7.08448E-04
  2.24000E+03  3.34754E-21  9.67961E-09  5.18401E-06  9.87335E-05  5.82530E-04
  2.28000E+03  7.53156E-22  5.76854E-09  3.74001E-06  7.73252E-05  4.77868E-04
  2.32000E+03  1.64994E-22  3.41089E-09  2.68618E-06  6.03719E-05  3.91087E-04
  2.36000E+03  3.51883E-23  2.00103E-09  1.92064E-06  4.69895E-05  3.19309E-04
  2.40000E+03  7.30454E-24  1.16471E-09  1.36710E-06  3.64598E-05  2.60087E-04
  2.44000E+03  1.47559E-24  6.72596E-10  9.68703E-07  2.82015E-05  2.11345E-04
  2.48000E+03  2.90019E-25  3.85349E-10  6.83301E-07  2.17455E-05  1.71329E-04
  2.52000E+03  5.54474E-26  2.19034E-10  4.79798E-07  1.67149E-05  1.38557E-04
  2.56000E+03  1.03094E-26  1.23515E-10  3.35370E-07  1.28076E-05  1.11785E-04
  2.60000E+03  1.86371E-27  6.90994E-11  2.33347E-07  9.78271E-06  8.99692E-05
  2.64000E+03  3.27500E-28  3.83502E-11  1.61618E-07  7.44861E-06  7.22364E-05
  2.68000E+03  5.59262E-29  2.11151E-11  1.11425E-07  5.65342E-06  5.78586E-05
  2.72000E+03  9.27844E-30  1.15332E-11  7.64664E-08  4.27724E-06  4.62301E-05
  2.76000E+03  1.49508E-30  6.24923E-12  5.22340E-08  3.22574E-06  3.68490E-05
  2.80000E+03  2.33913E-31  3.35909E-12  3.55160E-08  2.42495E-06  2.93000E-05
  2.84000E+03  3.55229E-32  1.79114E-12  2.40369E-08  1.81712E-06  2.32406E-05
  2.88000E+03  5.23457E-33  9.47425E-13  1.61925E-08  1.35727E-06  1.83892E-05
  2.92000E+03  7.48209E-34  4.97122E-13  1.08573E-08  1.01052E-06  1.45148E-05
  2.96000E+03  1.03699E-34  2.58750E-13  7.24609E-09  7.49932E-07  1.14285E-05
  3.00000E+03  1.39305E-35  1.33595E-13  4.81340E-09  5.54741E-07  8.97630E-06
  3.04000E+03  1.81313E-36  6.84213E-14  3.18246E-09  4.09023E-07  7.03282E-06
  3.08000E+03  2.28544E-37  3.47598E-14  2.09427E-09  3.00602E-07  5.49648E-06
  3.12000E+03  2.78867E-38  1.75164E-14  1.37169E-09  2.20200E-07  4.28509E-06
  3.16000E+03  3.29233E-39  8.75566E-15  8.94200E-10  1.60777E-07  3.33238E-06
  3.20000E+03  3.75900E-40  4.34117E-15  5.80177E-10  1.17006E-07  2.58502E-06
  3.24000E+03  4.14840E-41  2.13498E-15  3.74655E-10  8.48722E-08  2.00026E-06
  3.28000E+03  4.42250E-42  1.04147E-15  2.40793E-10  6.13612E-08  1.54390E-06
  3.32000E+03  4.55422E-43  5.03919E-16  1.54026E-10  4.42172E-08  1.18867E-06
  3.36000E+03  4.48416E-44  2.41843E-16  9.80576E-11  3.17580E-08  9.12857E-07
  3.40000E+03  4.20390E-45  1.15123E-16  6.21298E-11  2.27341E-08  6.99264E-07
  3.44000E+03  0.00000E+00  5.43549E-17  3.91786E-11  1.62203E-08  5.34276E-07
  3.48000E+03  0.00000E+00  2.54545E-17  2.45880E-11  1.15344E-08  4.07155E-07
  3.52000E+03  0.00000E+00  1.18232E-17  1.53576E-11  8.17470E-09  3.09453E-07
  3.56000E+03  0.00000E+00  5.44685E-18  9.54643E-12  5.77401E-09  2.34541E-07
  3.60000E+03  0.00000E+00  2.48882E-18  5.90573E-12  4.06423E-09  1.77230E-07
  3.64000E+03  0.00000E+00  1.12791E-18  3.63588E-12  2.85041E-09  1.33469E-07
  3.68000E+03  0.00000E+00  5.06976E-19  2.22752E-12  1.99123E-09  1.00099E-07
  3.72000E+03  0.00000E+00  2.26009E-19  1.35779E-12  1.38456E-09  7.46612E-08
  3.76000E+03  0.00000E+00  9.99262E-20  8.23071E-13  9.56781E-10  5.52415E-08
  3.80000E+03  0.00000E+00  4.38132E-20  4.95477E-13  6.54859E-10  4.03469E-08
  3.84000E+03  0.00000E+00  1.90400E-20  2.95000E-13  4.40563E-10  2.88068E-08
  3.88000E+03  0.00000E+00  8.17600E-21  1.71607E-13  2.86144E-10  1.96936E-08
  3.92000E+03  0.00000E+00  3.40821E-21  9.38127E-14  1.71143E-10  1.22580E-08
  3.96000E+03  0.00000E+00  1.23001E-21  4.12920E-14  7.99677E-11  5.87533E-09
  4.00000E+03  0.00000E+00  0.00000E+00  0.00000E+00  0.00000E+00  0.00000E+00
