 Depth 10 30 50 70 90
  0.00000E+00  1.51647E-01  4.33971E-01  7.09923E-01  9.11280E-01  1.01569E+00
  4.00000E+01  1.10453E-01  3.47821E-01  5.86954E-01  7.70577E-01  8.73661E-01
  8.00000E+01  7.94216E-02  2.77606E-01  4.84042E-01  6.50194E-01  7.49887E-01
  1.20000E+02  5.63359E-02  2.20608E-01  3.98135E-01  5.47421E-01  6.42289E-01
  1.60000E+02  3.93908E-02  1.74534E-01  3.26612E-01  4.59875E-01  5.48982E-01
  2.00000E+02  2.71304E-02  1.37453E-01  2.67222E-01  3.85471E-01  4.68264E-01
  2.40000E+02  1.83938E-02  1.07746E-01  2.18041E-01  3.22382E-01  3.98600E-01
  2.80000E+02  1.22675E-02  8.40557E-02  1.77425E-01  2.69012E-01  3.38618E-01
  3.20000E+02  8.04346E-03  6.52552E-02  1.43976E-01  2.23971E-01  2.87089E-01
  3.60000E+02  5.18180E-03  5.04082E-02  1.16505E-01  1.86048E-01  2.42920E-01
  4.00000E+02  3.27822E-03  3.87423E-02  9.40086E-02  1.54195E-01  2.05144E-01
  4.40000E+02  2.03562E-03  2.96228E-02  7.56377E-02  1.27504E-01  1.72903E-01
  4.80000E+02  1.24011E-03  2.25313E-02  6.06790E-02  1.05193E-01  1.45447E-01
  5.20000E+02  7.40874E-04  1.70462E-02  4.85343E-02  8.65864E-02  1.22113E-01
  5.60000E+02  4.33891E-04  1.28265E-02  3.87035E-02  7.11074E-02  1.02325E-01
  6.00000E+02  2.49009E-04  9.59823E-03  3.07696E-02  5.82609E-02  8.55771E-02
  6.40000E+02  1.39993E-04  7.14230E-03  2.43861E-02  4.76248E-02  7.14325E-02
  6.80000E+02  7.70766E-05  5.28458E-03  1.92659E-02  3.88401E-02  5.95106E-02
  7.20000E+02  4.15478E-05  3.88750E-03  1.51720E-02  3.16019E-02  4.94826E-02
  7.60000E+02  2.19215E-05  2.84302E-03  1.19091E-02  2.56524E-02  4.10648E-02
  8.00000E+02  1.13186E-05  2.06681E-03  9.31711E-03  2.07739E-02  3.40129E-02
  8.40000E+02  5.71764E-06  1.49346E-03  7.26483E-03  1.67834E-02  2.81174E-02
  8.80000E+02  2.82527E-06  1.07257E-03  5.64538E-03  1.35271E-02  2.31985E-02
  9.20000E+02  1.36534E-06  7.65519E-04  4.37183E-03  1.08765E-02  1.91028E-02
  9.60000E+02  6.45183E-07  5.42941E-04  3.37379E-03  8.72416E-03  1.56994E-02
  1.00000E+03  2.98070E-07  3.82631E-04  2.59441E-03  6.98075E-03  1.28771E-02
  1.04000E+03  1.34612E-07  2.67919E-04  1.98795E-03  5.57207E-03  1.05414E-02
  1.08000E+03  5.94172E-08  1.86376E-04  1.51776E-03  4.43669E-03  8.61234E-03
  1.12000E+03  2.56300E-08  1.28798E-04  1.15456E-03  3.52387E-03  7.02236E-03
  1.16000E+03  1.08028E-08  8.84157E-05  8.75034E-04  2.79186E-03  5.71455E-03
  1.20000E+03  4.44860E-09  6.02866E-05  6.60717E-04  2.20632E-03  4.64104E-03
  1.24000E+03  1.78961E-09  4.08276E-05  4.97019E-04  1.73915E-03  3.76165E-03
  1.28000E+03  7.03219E-10  2.74601E-05  3.72462E-04  1.36738E-03  3.04277E-03
  1.32000E+03  2.69882E-10  1.83416E-05  2.78054E-04  1.07230E-03  2.45631E-03
  1.36000E+03  1.01149E-10  1.21657E-05  2.06776E-04  8.38712E-04  1.97887E-03
  1.40000E+03  3.70177E-11  8.01263E-06  1.53173E-04  6.54283E-04  1.59100E-03
  1.44000E+03  1.32273E-11  5.23996E-06  1.13021E-04  5.09058E-04  1.27654E-03
  1.48000E+03  4.61425E-12  3.40231E-06  8.30657E-05  3.95010E-04  1.02213E-03
  1.52000E+03  1.57129E-12  2.19327E-06  6.08073E-05  3.05689E-04  8.16743E-04
  1.56000E+03  5.22270E-13  1.40366E-06  4.43353E-05  2.35925E-04  6.51275E-04
  1.60000E+03  1.69422E-13  8.91790E-07  3.21953E-05  1.81586E-04  5.18251E-04
  1.64000E+03  5.36339E-14  5.62441E-07  2.32847E-05  1.39379E-04  4.11536E-04
  1.68000E+03  1.65675E-14  3.52118E-07  1.67715E-05  1.06686E-04  3.26110E-04
  1.72000E+03  4.99314E-15  2.18815E-07  1.20307E-05  8.14340E-05  2.57872E-04
  1.76000E+03  1.46807E-15  1.34968E-07  8.59428E-06  6.19849E-05  2.03480E-04
  1.80000E+03  4.21046E-16  8.26287E-08  6.11395E-06  4.70478E-05  1.60220E-04
  1.84000E+03  1.17780E-16  5.02070E-08  4.33128E-06  3.56089E-05  1.25886E-04
  1.88000E+03  3.21306E-17  3.02773E-08  3.05550E-06  2.68742E-05  9.86979E-05
  1.92000E+03  8.54724E-18  1.81208E-08  2.14640E-06  2.02238E-05  7.72143E-05
  1.96000E+03  2.21685E-18  1.07629E-08  1.50138E-06  1.51752E-05  6.02759E-05
  2.00000E+03  5.60525E-19  6.34398E-09  1.04572E-06  1.13539E-05  4.69506E-05
  2.04000E+03  1.38148E-19  3.71078E-09  7.25224E-07  8.47000E-06  3.64910E-05
  2.08000E+03  3.31840E-20  2.15390E-09  5.00788E-07  6.30007E-06  2.82991E-05
  2.12000E+03  7.76751E-21  1.24061E-09  3.44313E-07  4.67224E-06  2.18976E-05
  2.16000E+03  1.77151E-21  7.09059E-10  2.35700E-07  3.45474E-06  1.69065E-05
  2.20000E+03  3.93589E-22  4.02122E-10  1.60644E-07  2.54690E-06  1.30239E-05
  2.24000E+03  8.51757E-23  2.26283E-10  1.09009E-07  1.87200E-06  1.00104E-05
  2.28000E+03  1.79509E-23  1.26345E-10  7.36448E-08  1.37181E-06  7.67681E-06
  2.32000E+03  3.68367E-24  6.99942E-11  4.95334E-08  1.00223E-06  5.87390E-06
  2.36000E+03  7.35903E-25  3.84735E-11  3.31683E-08  7.30001E-07  4.48418E-06
  2.40000E+03  1.43094E-25  2.09819E-11  2.21110E-08  5.30098E-07  3.41543E-06
  2.44000E+03  2.70771E-26  1.13529E-11  1.46740E-08  3.83760E-07  2.59544E-06
  2.48000E+03  4.98503E-27  6.09454E-12  9.69477E-09  2.76968E-07  1.96777E-06
  2.52000E+03  8.92745E-28  3.24592E-12  6.37627E-09  1.99278E-07  1.48845E-06
  2.56000E+03  1.55483E-28  1.71511E-12  4.17475E-09  1.42938E-07  1.12326E-06
  2.60000E+03  2.63287E-29  8.99076E-13  2.72096E-09  1.02208E-07  8.45701E-07
  2.64000E+03  4.33371E-30  4.67568E-13  1.76537E-09  7.28567E-08  6.35235E-07
  2.68000E+03  6.93206E-31  2.41230E-13  1.14016E-09  5.17721E-08  4.76026E-07
  2.72000E+03  1.07725E-31  1.23467E-13  7.33009E-10  3.66741E-08  3.55878E-07
  2.76000E+03  1.62593E-32  6.26898E-14  4.69090E-10  2.58974E-08  2.65426E-07
  2.80000E+03  2.38278E-33  3.15765E-14  2.98816E-10  1.82298E-08  1.97494E-07
  2.84000E+03  3.38944E-34  1.57779E-14  1.89473E-10  1.27918E-08  1.46598E-07
  2.88000E+03  4.67832E-35  7.82065E-15  1.19586E-10  8.94752E-09  1.08558E-07
  2.92000E+03  6.26352E-36  3.84542E-15  7.51273E-11  6.23863E-09  8.01963E-08
  2.96000E+03  8.13120E-37  1.87562E-15  4.69782E-11  4.33600E-09  5.91017E-08
  3.00000E+03  1.02313E-37  9.07495E-16  2.92396E-11  3.00398E-09  4.34507E-08
  3.04000E+03  1.24731E-38  4.35547E-16  1.81141E-11  2.07448E-09  3.18671E-08
  3.08000E+03  1.47263E-39  2.07354E-16  1.11695E-11  1.42798E-09  2.33148E-08
  3.12000E+03  1.68304E-40  9.79206E-17  6.85504E-12  9.79794E-10  1.70162E-08
  3.16000E+03  1.86106E-41  4.58685E-17  4.18743E-12  6.70101E-10  1.23888E-08
  3.20000E+03  1.98984E-42  2.13123E-17  2.54589E-12  4.56811E-10  8.99777E-09
  3.24000E+03  2.05991E-43  9.82236E-18  1.54058E-12  3.10398E-10  6.51886E-09
  3.28000E+03  2.24208E-44  4.49023E-18  9.27851E-13  2.10226E-10  4.71125E-09
  3.32000E+03  1.40130E-45  2.03603E-18  5.56181E-13  1.41917E-10  3.39646E-09
  3.36000E+03  0.00000E+00  9.15716E-19  3.31815E-13  9.54900E-11  2.44251E-09
  3.40000E+03  0.00000E+00  4.08500E-19  1.97021E-13  6.40406E-11  1.75210E-09
  3.44000E+03  0.00000E+00  1.80748E-19  1.16430E-13  4.28077E-11  1.25367E-09
  3.48000E+03  0.00000E+00  7.93242E-20  6.84779E-14  2.85202E-11  8.94737E-10
  3.52000E+03  0.00000E+00  3.45288E-20  4.00833E-14  1.89381E-11  6.36890E-10
  3.56000E+03  0.00000E+00  1.49073E-20  2.33508E-14  1.25331E-11  4.52107E-10
  3.60000E+03  0.00000E+00  6.38342E-21  1.35381E-14  8.26581E-12  3.19987E-10
  3.64000E+03  0.00000E+00  2.71108E-21  7.81125E-15  5.43191E-12  2.25719E-10
  3.68000E+03  0.00000E+00  1.14199E-21  4.48503E-15  3.55564E-12  1.58576E-10
  3.72000E+03  0.00000E+00  4.77098E-22  2.56222E-15  2.31675E-12  1.10804E-10
  3.76000E+03  0.00000E+00  1.97683E-22  1.45568E-15  1.50027E-12  7.68112E-11
  3.80000E+03  0.00000E+00  8.12274E-23  8.21318E-16  9.62345E-13  5.25683E-11
  3.84000E+03  0.00000E+00  3.30808E-23  4.58345E-16  6.06830E-13  3.51754E-11
  3.88000E+03  0.00000E+00  1.33129E-23  2.49940E-16  3.69482E-13  2.25421E-11
  3.92000E+03  0.00000E+00  5.20143E-24  1.28107E-16  2.07214E-13  1.31563E-11
  3.96000E+03  0.00000E+00  1.75993E-24  5.28835E-17  9.08151E-14  5.91470E-12
  4.00000E+03  0.00000E+00  0.00000E+00  0.00000E+00  0.00000E+00  0.00000E+00
