 Depth 10 30 50 70 90 110 130 150
  0.00000E+00  4.46685E-02  1.55679E-01  2.67022E-01  3.78367E-01  4.89711E-01  6.01056E-01  7.12400E-01  8.23745E-01
  4.00000E+01  2.09802E-02  7.84095E-02  1.36139E-01  1.93870E-01  2.51601E-01  3.09332E-01  3.67063E-01  4.24794E-01
  8.00000E+01  9.77620E-03  3.94578E-02  6.93894E-02  9.93223E-02  1.29255E-01  1.59188E-01  1.89121E-01  2.19054E-01
  1.20000E+02  4.51611E-03  1.98381E-02  3.53569E-02  5.08768E-02  6.63968E-02  8.19167E-02  9.74367E-02  1.12957E-01
  1.60000E+02  2.06664E-03  9.96433E-03  1.80103E-02  2.60573E-02  3.41042E-02  4.21511E-02  5.01981E-02  5.82450E-02
  2.00000E+02  9.36124E-04  4.99976E-03  9.17129E-03  1.33435E-02  1.75158E-02  2.16880E-02  2.58603E-02  3.00326E-02
  2.40000E+02  4.19408E-04  2.50598E-03  4.66869E-03  6.83196E-03  8.99523E-03  1.11585E-02  1.33218E-02  1.54850E-02
  2.80000E+02  1.85713E-04  1.25459E-03  2.37581E-03  3.49744E-03  4.61907E-03  5.74071E-03  6.86234E-03  7.98398E-03
  3.20000E+02  8.12118E-05  6.27323E-04  1.20857E-03  1.79012E-03  2.37168E-03  2.95324E-03  3.53479E-03  4.11635E-03
  3.60000E+02  3.50467E-05  3.13264E-04  6.14571E-04  9.16100E-04  1.21763E-03  1.51916E-03  1.82069E-03  2.12222E-03
  4.00000E+02  1.49147E-05  1.56216E-04  3.12396E-04  4.68735E-04  6.25076E-04  7.81417E-04  9.37757E-04  1.09410E-03
  4.40000E+02  6.25495E-06  7.77844E-05  1.58732E-04  2.39792E-04  3.20853E-04  4.01914E-04  4.82975E-04  5.64037E-04
  4.80000E+02  2.58338E-06  3.86699E-05  8.06201E-05  1.22649E-04  1.64678E-04  2.06707E-04  2.48737E-04  2.90766E-04
  5.20000E+02  1.05011E-06  1.91921E-05  4.09292E-05  6.27204E-05  8.45122E-05  1.06304E-04  1.28096E-04  1.49888E-04
  5.60000E+02  4.19861E-07  9.50810E-06  2.07696E-05  3.20679E-05  4.33668E-05  5.46656E-05  6.59644E-05  7.72633E-05
  6.00000E+02  1.65029E-07  4.70151E-06  1.05346E-05  1.63926E-05  2.22509E-05  2.81092E-05  3.39676E-05  3.98259E-05
  6.40000E+02  6.37338E-08  2.32007E-06  5.34062E-06  8.37789E-06  1.14154E-05  1.44529E-05  1.74903E-05  2.05278E-05
  6.80000E+02  2.41725E-08  1.14243E-06  2.70610E-06  4.28085E-06  5.85576E-06  7.43066E-06  9.00557E-06  1.05805E-05
  7.20000E+02  8.99941E-09  5.61267E-07  1.37045E-06  2.18692E-06  3.00349E-06  3.82006E-06  4.63664E-06  5.45321E-06
  7.60000E+02  3.28747E-09  2.75080E-07  6.93649E-07  1.11696E-06  1.54034E-06  1.96373E-06  2.38711E-06  2.81050E-06
  8.00000E+02  1.17786E-09  1.34474E-07  3.50881E-07  5.70351E-07  7.89872E-07  1.00939E-06  1.22891E-06  1.44844E-06
  8.40000E+02  4.13755E-10  6.55606E-08  1.77384E-07  2.91169E-07  4.04988E-07  5.18807E-07  6.32627E-07  7.46446E-07
  8.80000E+02  1.42450E-10  3.18721E-08  8.96166E-08  1.48608E-07  2.07621E-07  2.66636E-07  3.25650E-07  3.84664E-07
  9.20000E+02  4.80520E-11  1.54481E-08  4.52449E-08  7.58277E-08  1.06426E-07  1.37024E-07  1.67622E-07  1.98221E-07
  9.60000E+02  1.58766E-11  7.46398E-09  2.28268E-08  3.86813E-08  5.45461E-08  7.04110E-08  8.62759E-08  1.02141E-07
  1.00000E+03  5.13663E-12  3.59441E-09  1.15079E-08  1.97269E-08  2.79526E-08  3.61784E-08  4.44042E-08  5.26300E-08
  1.04000E+03  1.62689E-12  1.72496E-09  5.79710E-09  1.00576E-08  1.43225E-08  1.85875E-08  2.28525E-08  2.71175E-08
  1.08000E+03  5.04306E-13  8.24811E-10  2.91790E-09  5.12633E-09  7.33763E-09  9.54899E-09  1.17603E-08  1.39717E-08
  1.12000E+03  1.52961E-13  3.92905E-10  1.46743E-09  2.61210E-09  3.75863E-09  4.90519E-09  6.05176E-09  7.19832E-09
  1.16000E+03  4.53864E-14  1.86427E-10  7.37319E-10  1.33057E-09  1.92503E-09  2.51951E-09  3.11400E-09  3.70848E-09
  1.20000E+03  1.31716E-14  8.80946E-11  3.70120E-10  6.77562E-10  9.85780E-10  1.29401E-09  1.60225E-09  1.91048E-09
  1.24000E+03  3.73796E-15  4.14517E-11  1.85609E-10  3.44919E-10  5.04724E-10  6.64540E-10  8.24356E-10  9.84172E-10
  1.28000E+03  1.03713E-15  1.94187E-11  9.29834E-11  1.75524E-10  2.58380E-10  3.41243E-10  4.24106E-10  5.06969E-10
  1.32000E+03  2.81293E-16  9.05566E-12  4.65305E-11  8.92898E-11  1.32249E-10  1.75212E-10  2.18176E-10  2.61140E-10
  1.36000E+03  7.45656E-17  4.20314E-12  2.32581E-11  4.54055E-11  6.76787E-11  8.99549E-11  1.12231E-10  1.34507E-10
  1.40000E+03  1.93152E-17  1.94143E-12  1.16115E-11  2.30807E-11  3.46287E-11  4.61787E-11  5.77287E-11  6.92787E-11
  1.44000E+03  4.88851E-18  8.92274E-13  5.78973E-12  1.17278E-11  1.77151E-11  2.37036E-11  2.96922E-11  3.56808E-11
  1.48000E+03  1.20865E-18  4.07987E-13  2.88308E-12  5.95672E-12  9.06091E-12  1.21659E-11  1.52709E-11  1.83759E-11
  1.52000E+03  2.91885E-19  1.85570E-13  1.43370E-12  3.02421E-12  4.63360E-12  6.24350E-12  7.85342E-12  9.46333E-12
  1.56000E+03  6.88407E-20  8.39504E-14  7.11922E-13  1.53470E-12  2.36909E-12  3.20380E-12  4.03853E-12  4.87325E-12
  1.60000E+03  1.58540E-20  3.77694E-14  3.52983E-13  7.78458E-13  1.21104E-12  1.64383E-12  2.07663E-12  2.50942E-12
  1.64000E+03  3.56479E-21  1.68968E-14  1.74741E-13  3.94673E-13  6.18935E-13  8.43333E-13  1.06773E-12  1.29213E-12
  1.68000E+03  7.82474E-22  7.51566E-15  8.63619E-14  1.99997E-13  3.16258E-13  4.32606E-13  5.48955E-13  6.65304E-13
  1.72000E+03  1.67644E-22  3.32335E-15  4.26097E-14  1.01294E-13  1.61564E-13  2.21889E-13  2.82215E-13  3.42541E-13
  1.76000E+03  3.50530E-23  1.46079E-15  2.09857E-14  5.12752E-14  8.25183E-14  1.13796E-13  1.45074E-13  1.76353E-13
  1.80000E+03  7.15199E-24  6.38192E-16  1.03165E-14  2.59410E-14  4.21363E-14  5.83533E-14  7.45709E-14  9.07884E-14
  1.84000E+03  1.42374E-24  2.77094E-16  5.06186E-15  1.31163E-14  2.15110E-14  2.99193E-14  3.83279E-14  4.67365E-14
  1.88000E+03  2.76487E-25  1.19556E-16  2.47867E-15  6.62780E-15  1.09789E-14  1.53384E-14  1.96982E-14  2.40580E-14
  1.92000E+03  5.23721E-26  5.12563E-17  1.21124E-15  3.34696E-15  5.60205E-15  7.86241E-15  1.01229E-14  1.23834E-14
  1.96000E+03  9.67483E-27  2.18330E-17  5.90624E-16  1.68906E-15  2.85774E-15  4.02970E-15  5.20175E-15  6.37380E-15
  2.00000E+03  1.74277E-27  9.23916E-18  2.87361E-16  8.51800E-16  1.45742E-15  2.06505E-15  2.67275E-15  3.28044E-15
  2.04000E+03  3.06075E-28  3.88393E-18  1.39493E-16  4.29257E-16  7.43060E-16  1.05811E-15  1.37319E-15  1.68827E-15
  2.08000E+03  5.24008E-29  1.62179E-18  6.75533E-17  2.16158E-16  3.78739E-16  5.42082E-16  7.05450E-16  8.68818E-16
  2.12000E+03  8.74385E-30  6.72625E-19  3.26349E-17  1.08765E-16  1.92987E-16  2.77676E-16  3.62381E-16  4.47085E-16
  2.16000E+03  1.42184E-30  2.77060E-19  1.57263E-17  5.46826E-17  9.83070E-17  1.42216E-16  1.86134E-16  2.30053E-16
  2.20000E+03  2.25275E-31  1.13336E-19  7.55875E-18  2.74691E-17  5.00615E-17  7.28266E-17  9.55977E-17  1.18369E-16
  2.24000E+03  3.47704E-32  4.60392E-20  3.62341E-18  1.37866E-17  2.54848E-17  3.72876E-17  4.90942E-17  6.09009E-17
  2.28000E+03  5.22716E-33  1.85706E-20  1.73221E-18  6.91306E-18  1.29692E-17  1.90884E-17  2.52100E-17  3.13316E-17
  2.32000E+03  7.65246E-34  7.43771E-21  8.25788E-19  3.46315E-18  6.59772E-18  9.77019E-18  1.29442E-17  1.61182E-17
  2.36000E+03  1.09077E-34  2.95761E-21  3.92546E-19  1.73318E-18  3.35519E-18  4.99992E-18  6.64559E-18  8.29129E-18
  2.40000E+03  1.51346E-35  1.16764E-21  1.86053E-19  8.66501E-19  1.70561E-18  2.55828E-18  3.41154E-18  4.26482E-18
  2.44000E+03  2.04376E-36  4.57638E-22  8.79183E-20  4.32745E-19  8.66706E-19  1.30875E-18  1.75115E-18  2.19357E-18
  2.48000E+03  2.68544E-37  1.78057E-22  4.14180E-20  2.15881E-19  4.40241E-19  6.69399E-19  8.98780E-19  1.12817E-18
  2.52000E+03  3.43263E-38  6.87697E-23  1.94508E-20  1.07572E-19  2.23527E-19  3.42320E-19  4.61251E-19  5.80186E-19
  2.56000E+03  4.26742E-39  2.63645E-23  9.10540E-21  5.35386E-20  1.13444E-19  1.75023E-19  2.36687E-19  2.98354E-19
  2.60000E+03  5.15850E-40  1.00325E-23  4.24860E-21  2.66135E-20  5.75492E-20  8.94693E-20  1.21441E-19  1.53415E-19
  2.64000E+03  6.06188E-41  3.78917E-24  1.97584E-21  1.32125E-20  2.91808E-20  4.57260E-20  6.23029E-20  7.88809E-20
  2.68000E+03  6.92382E-42  1.42040E-24  9.15782E-22  6.55079E-21  1.47893E-20  2.33648E-20  3.19596E-20  4.05551E-20
  2.72000E+03  7.67912E-43  5.28437E-25  4.23002E-22  3.24350E-21  7.49169E-21  1.19362E-20  1.63925E-20  2.08492E-20
  2.76000E+03  8.12753E-44  1.95108E-25  1.94705E-22  1.60370E-21  3.79306E-21  6.09643E-21  8.40690E-21  1.07176E-20
  2.80000E+03  7.00649E-45  7.14894E-26  8.93051E-23  7.91783E-22  1.91941E-21  3.11304E-21  4.31097E-21  5.50907E-21
  2.84000E+03  0.00000E+00  2.59944E-26  4.08145E-23  3.90337E-22  9.70746E-22  1.58925E-21  2.21035E-21  2.83155E-21
  2.88000E+03  0.00000E+00  9.37940E-27  1.85853E-23  1.92135E-22  4.90675E-22  8.11140E-22  1.13316E-21  1.45525E-21
  2.92000E+03  0.00000E+00  3.35826E-27  8.43185E-24  9.44245E-23  2.47870E-22  4.13895E-22  5.80852E-22  7.47850E-22
  2.96000E+03  0.00000E+00  1.19313E-27  3.81112E-24  4.63295E-23  1.25138E-22  2.11141E-22  2.97703E-22  3.84289E-22
  3.00000E+03  0.00000E+00  4.20609E-28  1.71608E-24  2.26936E-23  6.31356E-23  1.07681E-22  1.52560E-22  1.97454E-22
  3.04000E+03  0.00000E+00  1.47123E-28  7.69768E-25  1.10970E-23  3.18327E-23  5.49023E-23  7.81699E-23  1.01447E-22
  3.08000E+03  0.00000E+00  5.10597E-29  3.43955E-25  5.41676E-24  1.60389E-23  2.79845E-23  4.00476E-23  5.21165E-23
  3.12000E+03  0.00000E+00  1.75818E-29  1.53089E-25  2.63932E-24  8.07550E-24  1.42600E-23  2.05140E-23  2.67716E-23
  3.16000E+03  0.00000E+00  6.00658E-30  6.78684E-26  1.28363E-24  4.06299E-24  7.26423E-24  1.05065E-23  1.37510E-23
  3.20000E+03  0.00000E+00  2.03591E-30  2.99681E-26  6.23111E-25  2.04264E-24  3.69935E-24  5.38024E-24  7.06246E-24
  3.24000E+03  0.00000E+00  6.84614E-31  1.31795E-26  3.01891E-25  1.02612E-24  1.88332E-24  2.75471E-24  3.62692E-24
  3.28000E+03  0.00000E+00  2.28393E-31  5.77267E-27  1.45974E-25  5.15053E-25  9.58468E-25  1.41020E-24  1.86243E-24
  3.32000E+03  0.00000E+00  7.55892E-32  2.51810E-27  7.04404E-26  2.58311E-25  4.87622E-25  7.21795E-25  9.56266E-25
  3.36000E+03  0.00000E+00  2.48181E-32  1.09389E-27  3.39213E-26  1.29436E-25  2.47991E-25  3.69379E-25  4.90947E-25
  3.40000E+03  0.00000E+00  8.08351E-33  4.73223E-28  1.63008E-26  6.48009E-26  1.26074E-25  1.88996E-25  2.52025E-25
  3.44000E+03  0.00000E+00  2.61184E-33  2.03862E-28  7.81648E-27  3.24118E-26  6.40694E-26  9.66824E-26  1.29360E-25
  3.48000E+03  0.00000E+00  8.37148E-34  8.74519E-29  3.73993E-27  1.61959E-26  3.25458E-26  4.94482E-26  6.63896E-26
  3.52000E+03  0.00000E+00  2.66169E-34  3.73556E-29  1.78544E-27  8.08483E-27  1.65251E-26  2.52840E-26  3.40662E-26
  3.56000E+03  0.00000E+00  8.39471E-35  1.58884E-29  8.50427E-28  4.03153E-27  8.38626E-27  1.29242E-26  1.74759E-26
  3.60000E+03  0.00000E+00  2.62627E-35  6.72872E-30  4.04117E-28  2.00797E-27  4.25319E-27  6.60338E-27  8.96176E-27
  3.64000E+03  0.00000E+00  8.14993E-36  2.83723E-30  1.91562E-28  9.98740E-28  2.15518E-27  3.37151E-27  4.59268E-27
  3.68000E+03  0.00000E+00  2.50865E-36  1.19109E-30  9.05634E-29  4.95897E-28  1.09062E-27  1.71933E-27  2.35087E-27
  3.72000E+03  0.00000E+00  7.65935E-37  4.97767E-31  4.26817E-29  2.45608E-28  5.50651E-28  8.74845E-28  1.20069E-27
  3.76000E+03  0.00000E+00  2.31952E-37  2.07012E-31  2.00318E-29  1.21144E-28  2.76864E-28  4.43261E-28  6.10603E-28
  3.80000E+03  0.00000E+00  6.96672E-38  8.55864E-32  9.33894E-30  5.92981E-29  1.38076E-28  2.22709E-28  3.07875E-28
  3.84000E+03  0.00000E+00  2.07448E-38  3.50636E-32  4.29825E-30  2.85812E-29  6.77259E-29  1.09995E-28  1.52554E-28
  3.88000E+03  0.00000E+00  6.10934E-39  1.40869E-32  1.92236E-30  1.33203E-29  3.20532E-29  5.23725E-29  7.28419E-29
  3.92000E+03  0.00000E+00  1.75233E-39  5.35443E-33  7.99172E-31  5.72406E-30  1.39430E-29  2.28897E-29  3.19063E-29
  3.96000E+03  0.00000E+00  4.39500E-40  1.65692E-33  2.62802E-31  1.92361E-30  4.72272E-30  7.77671E-30  1.08554E-29
  4.00000E+03  0.00000E+00  0.00000E+00  0.00000E+00  0.00000E+00  0.00000E+00  0.00000E+00  0.00000E+00  0.00000E+00
