 Depth 10 30 50 70 90 110 130 150
  0.00000E+00  6.81406E-02  3.40843E-01  6.82820E-01  1.06118E+00  1.46326E+00  1.88248E+00  2.31484E+00  2.75773E+00
  4.00000E+01  4.98963E-02  2.87299E-01  5.99882E-01  9.52567E-01  1.33156E+00  1.72962E+00  2.14233E+00  2.56679E+00
  8.00000E+01  3.59967E-02  2.40972E-01  5.25464E-01  8.53279E-01  1.20974E+00  1.58706E+00  1.98045E+00  2.38675E+00
  1.20000E+02  2.55736E-02  2.01101E-01  4.58901E-01  7.62714E-01  1.09726E+00  1.45429E+00  1.82872E+00  2.21716E+00
  1.60000E+02  1.78838E-02  1.66968E-01  3.99553E-01  6.80293E-01  9.93576E-01  1.33082E+00  1.68669E+00  2.05758E+00
  2.00000E+02  1.23051E-02  1.37906E-01  3.46808E-01  6.05454E-01  8.98171E-01  1.21616E+00  1.55388E+00  1.90758E+00
  2.40000E+02  8.32705E-03  1.13300E-01  3.00084E-01  5.37658E-01  8.10542E-01  1.10983E+00  1.42986E+00  1.76672E+00
  2.80000E+02  5.53993E-03  9.25822E-02  2.58833E-01  4.76385E-01  7.30201E-01  1.01139E+00  1.31418E+00  1.63461E+00
  3.20000E+02  3.62211E-03  7.52391E-02  2.22535E-01  4.21140E-01  6.56677E-01  9.20367E-01  1.20643E+00  1.51082E+00
  3.60000E+02  2.32653E-03  6.08051E-02  1.90705E-01  3.71450E-01  5.89516E-01  8.36341E-01  1.10617E+00  1.39496E+00
  4.00000E+02  1.46757E-03  4.88632E-02  1.62890E-01  3.26864E-01  5.28282E-01  7.58889E-01  1.01302E+00  1.28663E+00
  4.40000E+02  9.08837E-04  3.90422E-02  1.38668E-01  2.86957E-01  4.72558E-01  6.87608E-01  9.26584E-01  1.18547E+00
  4.80000E+02  5.52382E-04  3.10143E-02  1.17649E-01  2.51326E-01  4.21944E-01  6.22106E-01  8.46473E-01  1.09111E+00
  5.20000E+02  3.29405E-04  2.44926E-02  9.94764E-02  2.19594E-01  3.76062E-01  5.62009E-01  7.72327E-01  1.00318E+00
  5.60000E+02  1.92681E-04  1.92274E-02  8.38203E-02  1.91406E-01  3.34548E-01  5.06958E-01  7.03792E-01  9.21337E-01
  6.00000E+02  1.10521E-04  1.50032E-02  7.03821E-02  1.66429E-01  2.97063E-01  4.56609E-01  6.40528E-01  8.45255E-01
  6.40000E+02  6.21507E-05  1.16359E-02  5.88903E-02  1.44356E-01  2.63280E-01  4.10636E-01  5.82207E-01  7.74606E-01
  6.80000E+02  3.42557E-05  8.96890E-03  4.90995E-02  1.24899E-01  2.32897E-01  3.68725E-01  5.28517E-01  7.09079E-01
  7.20000E+02  1.85016E-05  6.87023E-03  4.07895E-02  1.07794E-01  2.05625E-01  3.30579E-01  4.79157E-01  6.48373E-01
  7.60000E+02  9.78990E-06  5.22961E-03  3.37631E-02  9.27968E-02  1.81196E-01  2.95918E-01  4.33841E-01  5.92200E-01
  8.00000E+02  5.07403E-06  3.95555E-03  2.78449E-02  7.96824E-02  1.59359E-01  2.64476E-01  3.92294E-01  5.40285E-01
  8.40000E+02  2.57541E-06  2.97275E-03  2.28793E-02  6.82457E-02  1.39879E-01  2.36000E-01  3.54258E-01  4.92361E-01
  8.80000E+02  1.27991E-06  2.21973E-03  1.87293E-02  5.82991E-02  1.22537E-01  2.10255E-01  3.19483E-01  4.48175E-01
  9.20000E+02  6.22689E-07  1.64667E-03  1.52745E-02  4.96722E-02  1.07132E-01  1.87018E-01  2.87735E-01  4.07485E-01
  9.60000E+02  2.96517E-07  1.21354E-03  1.24099E-02  4.22106E-02  9.34753E-02  1.66080E-01  2.58792E-01  3.70061E-01
  1.00000E+03  1.38179E-07  8.88427E-04  1.00441E-02  3.57748E-02  8.13949E-02  1.47246E-01  2.32444E-01  3.35682E-01
  1.04000E+03  6.30062E-08  6.46081E-04  8.09814E-03  3.02394E-02  7.07317E-02  1.30334E-01  2.08493E-01  3.04139E-01
  1.08000E+03  2.81062E-08  4.66690E-04  6.50394E-03  2.54918E-02  6.13395E-02  1.15175E-01  1.86753E-01  2.75236E-01
  1.12000E+03  1.22642E-08  3.34832E-04  5.20324E-03  2.14315E-02  5.30849E-02  1.01610E-01  1.67047E-01  2.48784E-01
  1.16000E+03  5.23396E-09  2.38595E-04  4.14635E-03  1.79688E-02  4.58458E-02  8.94929E-02  1.49213E-01  2.24605E-01
  1.20000E+03  2.18432E-09  1.68855E-04  3.29111E-03  1.50244E-02  3.95113E-02  7.86884E-02  1.33096E-01  2.02533E-01
  1.24000E+03  8.91333E-10  1.18677E-04  2.60190E-03  1.25277E-02  3.39805E-02  6.90715E-02  1.18553E-01  1.82409E-01
  1.28000E+03  3.55585E-10  8.28323E-05  2.04881E-03  1.04170E-02  2.91622E-02  6.05270E-02  1.05449E-01  1.64086E-01
  1.32000E+03  1.38666E-10  5.74113E-05  1.60681E-03  8.63776E-03  2.49740E-02  5.29488E-02  9.36595E-02  1.47422E-01
  1.36000E+03  5.28527E-11  3.95132E-05  1.25508E-03  7.14230E-03  2.13416E-02  4.62398E-02  8.30690E-02  1.32289E-01
  1.40000E+03  1.96870E-11  2.70035E-05  9.76358E-04  5.88909E-03  1.81983E-02  4.03112E-02  7.35698E-02  1.18562E-01
  1.44000E+03  7.16565E-12  1.83237E-05  7.56432E-04  4.84200E-03  1.54845E-02  3.50816E-02  6.50625E-02  1.06128E-01
  1.48000E+03  2.54824E-12  1.23455E-05  5.83639E-04  3.96973E-03  1.31467E-02  3.04772E-02  5.74552E-02  9.48800E-02
  1.52000E+03  8.85282E-13  8.25829E-06  4.48460E-04  3.24527E-03  1.11376E-02  2.64307E-02  5.06631E-02  8.47176E-02
  1.56000E+03  3.00419E-13  5.48460E-06  3.43162E-04  2.64538E-03  9.41480E-03  2.28810E-02  4.46083E-02  7.55484E-02
  1.60000E+03  9.95690E-14  3.61625E-06  2.61494E-04  2.15013E-03  7.94096E-03  1.97729E-02  3.92191E-02  6.72865E-02
  1.64000E+03  3.22270E-14  2.36711E-06  1.98429E-04  1.74252E-03  6.68301E-03  1.70566E-02  3.44297E-02  5.98519E-02
  1.68000E+03  1.01850E-14  1.53820E-06  1.49940E-04  1.40806E-03  5.61183E-03  1.46872E-02  3.01802E-02  5.31708E-02
  1.72000E+03  3.14263E-15  9.92262E-07  1.12822E-04  1.13446E-03  4.70181E-03  1.26242E-02  2.64155E-02  4.71750E-02
  1.76000E+03  9.46591E-16  6.35405E-07  8.45332E-05  9.11326E-04  3.93052E-03  1.08314E-02  2.30857E-02  4.18014E-02
  1.80000E+03  2.78299E-16  4.03899E-07  6.30679E-05  7.29914E-04  3.27835E-03  9.27632E-03  2.01451E-02  3.69920E-02
  1.84000E+03  7.98522E-17  2.54848E-07  4.68523E-05  5.82877E-04  2.72820E-03  7.93007E-03  1.75524E-02  3.26935E-02
  1.88000E+03  2.23578E-17  1.59612E-07  3.46567E-05  4.64072E-04  2.26522E-03  6.76681E-03  1.52701E-02  2.88568E-02
  1.92000E+03  6.10770E-18  9.92239E-08  2.55253E-05  3.68375E-04  1.87651E-03  5.76359E-03  1.32642E-02  2.54369E-02
  1.96000E+03  1.62770E-18  6.12241E-08  1.87187E-05  2.91534E-04  1.55095E-03  4.90007E-03  1.15041E-02  2.23929E-02
  2.00000E+03  4.23112E-19  3.74950E-08  1.36676E-05  2.30025E-04  1.27892E-03  4.15821E-03  9.96220E-03  1.96872E-02
  2.04000E+03  1.07265E-19  2.27909E-08  9.93618E-06  1.80944E-04  1.05217E-03  3.52213E-03  8.61361E-03  1.72855E-02
  2.08000E+03  2.65164E-20  1.37491E-08  7.19196E-06  1.41903E-04  8.63619E-04  2.97779E-03  7.43600E-03  1.51566E-02
  2.12000E+03  6.39085E-21  8.23205E-09  5.18288E-06  1.10946E-04  7.07209E-04  2.51287E-03  6.40939E-03  1.32721E-02
  2.16000E+03  1.50148E-21  4.89158E-09  3.71864E-06  8.64772E-05  5.77776E-04  2.11655E-03  5.51586E-03  1.16064E-02
  2.20000E+03  3.43815E-22  2.88464E-09  2.65633E-06  6.71982E-05  4.70927E-04  1.77939E-03  4.73944E-03  1.01361E-02
  2.24000E+03  7.67181E-23  1.68821E-09  1.88912E-06  5.20565E-05  3.82937E-04  1.49311E-03  4.06590E-03  8.84015E-03
  2.28000E+03  1.66787E-23  9.80499E-10  1.33755E-06  4.02021E-05  3.10654E-04  1.25052E-03  3.48257E-03  7.69945E-03
  2.32000E+03  3.53212E-24  5.65124E-10  9.42815E-07  3.09511E-05  2.51420E-04  1.04534E-03  2.97819E-03  6.69683E-03
  2.36000E+03  7.28506E-25  3.23229E-10  6.61618E-07  2.37548E-05  2.02998E-04  8.72169E-04  2.54281E-03  5.81684E-03
  2.40000E+03  1.46308E-25  1.83459E-10  4.62217E-07  1.81749E-05  1.63512E-04  7.26290E-04  2.16761E-03  5.04559E-03
  2.44000E+03  2.86056E-26  1.03329E-10  3.21468E-07  1.38623E-05  1.31393E-04  6.03650E-04  1.84482E-03  4.37059E-03
  2.48000E+03  5.44359E-27  5.77502E-11  2.22576E-07  1.05399E-05  1.05331E-04  5.00754E-04  1.56757E-03  3.78069E-03
  2.52000E+03  1.00803E-27  3.20278E-11  1.53413E-07  7.98861E-06  8.42357E-05  4.14595E-04  1.32984E-03  3.26590E-03
  2.56000E+03  1.81597E-28  1.76252E-11  1.05265E-07  6.03583E-06  6.72035E-05  3.42596E-04  1.12635E-03  2.81731E-03
  2.60000E+03  3.18189E-29  9.62433E-12  7.19025E-08  4.54601E-06  5.34860E-05  2.82551E-04  9.52444E-04  2.42696E-03
  2.64000E+03  5.42116E-30  5.21469E-12  4.88915E-08  3.41309E-06  4.24656E-05  2.32576E-04  8.04083E-04  2.08778E-03
  2.68000E+03  8.97865E-31  2.80351E-12  3.30940E-08  2.55438E-06  3.36342E-05  1.91067E-04  6.77726E-04  1.79350E-03
  2.72000E+03  1.44517E-31  1.49550E-12  2.22991E-08  1.90564E-06  2.65747E-05  1.56658E-04  5.70292E-04  1.53855E-03
  2.76000E+03  2.25989E-32  7.91544E-13  1.49570E-08  1.41714E-06  2.09459E-05  1.28195E-04  4.79103E-04  1.31799E-03
  2.80000E+03  3.43227E-33  4.15682E-13  9.98652E-09  1.05050E-06  1.64690E-05  1.04697E-04  4.01834E-04  1.12745E-03
  2.84000E+03  5.06128E-34  2.16591E-13  6.63737E-09  7.76220E-07  1.29173E-05  8.53370E-05  3.36472E-04  9.63105E-04
  2.88000E+03  7.24396E-35  1.11972E-13  4.39122E-09  5.71717E-07  1.01068E-05  6.94198E-05  2.81277E-04  8.21549E-04
  2.92000E+03  1.00595E-35  5.74324E-14  2.89187E-09  4.19740E-07  7.88832E-06  5.63597E-05  2.34746E-04  6.99805E-04
  2.96000E+03  1.35486E-36  2.92269E-14  1.89571E-09  3.07170E-07  6.14165E-06  4.56657E-05  1.95589E-04  5.95253E-04
  3.00000E+03  1.76913E-37  1.47564E-14  1.23697E-09  2.24066E-07  4.76995E-06  3.69273E-05  1.62692E-04  5.05598E-04
  3.04000E+03  2.23870E-38  7.39171E-15  8.03421E-10  1.62917E-07  3.69545E-06  2.98015E-05  1.35102E-04  4.28830E-04
  3.08000E+03  2.74418E-39  3.67342E-15  5.19416E-10  1.18073E-07  2.85590E-06  2.40026E-05  1.12003E-04  3.63195E-04
  3.12000E+03  3.25693E-40  1.81115E-15  3.34253E-10  8.52947E-08  2.20161E-06  1.92934E-05  9.26979E-05  3.07159E-04
  3.16000E+03  3.74091E-41  8.85908E-16  2.14101E-10  6.14160E-08  1.69299E-06  1.54769E-05  7.65908E-05  2.59389E-04
  3.20000E+03  4.15625E-42  4.29904E-16  1.36503E-10  4.40783E-08  1.29863E-06  1.23904E-05  6.31752E-05  2.18726E-04
  3.24000E+03  4.45613E-43  2.06965E-16  8.66252E-11  3.15320E-08  9.93648E-07  9.89936E-06  5.20204E-05  1.84161E-04
  3.28000E+03  4.62428E-44  9.88461E-17  5.47168E-11  2.24831E-08  7.58386E-07  7.89307E-06  4.27615E-05  1.54821E-04
  3.32000E+03  4.20390E-45  4.68335E-17  3.44008E-11  1.59786E-08  5.77373E-07  6.28054E-06  3.50890E-05  1.29952E-04
  3.36000E+03  0.00000E+00  2.20132E-17  2.15272E-11  1.13187E-08  4.38457E-07  4.98714E-06  2.87417E-05  1.08900E-04
  3.40000E+03  0.00000E+00  1.02644E-17  1.34082E-11  7.99149E-09  3.32122E-07  3.95182E-06  2.34993E-05  9.11009E-05
  3.44000E+03  0.00000E+00  4.74795E-18  8.31224E-12  5.62376E-09  2.50935E-07  3.12475E-06  1.91760E-05  7.60696E-05
  3.48000E+03  0.00000E+00  2.17868E-18  5.12893E-12  3.94449E-09  1.89105E-07  2.46531E-06  1.56158E-05  6.33877E-05
  3.52000E+03  0.00000E+00  9.91731E-19  3.14988E-12  2.75748E-09  1.42134E-07  1.94049E-06  1.26877E-05  5.26955E-05
  3.56000E+03  0.00000E+00  4.47819E-19  1.92538E-12  1.92123E-09  1.06538E-07  1.52351E-06  1.02817E-05  4.36837E-05
  3.60000E+03  0.00000E+00  2.00592E-19  1.17135E-12  1.33403E-09  7.96231E-08  1.19266E-06  8.30585E-06  3.60867E-05
  3.64000E+03  0.00000E+00  8.91304E-20  7.09253E-13  9.23019E-10  5.93133E-08  9.30384E-07  6.68298E-06  2.96758E-05
  3.68000E+03  0.00000E+00  3.92856E-20  4.27398E-13  6.36203E-10  4.40106E-08  7.22488E-07  5.34852E-06  2.42543E-05
  3.72000E+03  0.00000E+00  1.71763E-20  2.56283E-13  4.36563E-10  3.24871E-08  5.57493E-07  4.24828E-06  1.96523E-05
  3.76000E+03  0.00000E+00  7.44918E-21  1.52855E-13  2.97822E-10  2.37996E-08  4.26105E-07  3.33664E-06  1.57228E-05
  3.80000E+03  0.00000E+00  3.20427E-21  9.05665E-14  2.01350E-10  1.72225E-08  3.20766E-07  2.57501E-06  1.23374E-05
  3.84000E+03  0.00000E+00  1.36641E-21  5.31065E-14  1.33931E-10  1.21950E-08  2.35290E-07  1.93047E-06  9.38337E-06
  3.88000E+03  0.00000E+00  5.76042E-22  3.04645E-14  8.61310E-11  8.27887E-09  1.64547E-07  1.37457E-06  6.76017E-06
  3.92000E+03  0.00000E+00  2.36070E-22  1.64610E-14  5.11146E-11  5.12557E-09  1.04203E-07  8.82287E-07  4.37699E-06
  3.96000E+03  0.00000E+00  8.40813E-23  7.18812E-15  2.37636E-11  2.44846E-09  5.04882E-08  4.31074E-07  2.15001E-06
  4.00000E+03  0.00000E+00  0.00000E+00  0.00000E+00  0.00000E+00  0.00000E+00  0.00000E+00  0.00000E+00  0.00000E+00
