 Depth 10 30 50 70 90 110 130 150
  0.00000E+00  9.74334E-02  4.12262E-01  7.51848E-01  1.09997E+00  1.45284E+00  1.80884E+00  2.16712E+00  2.52715E+00
  4.00000E+01  3.63086E-02  2.43358E-01  5.06133E-01  7.91643E-01  1.09033E+00  1.39789E+00  1.71196E+00  2.03106E+00
  8.00000E+01  1.18985E-02  1.36601E-01  3.30579E-01  5.57668E-01  8.04848E-01  1.06586E+00  1.33715E+00  1.61646E+00
  1.20000E+02  3.44471E-03  7.27950E-02  2.09246E-01  3.84211E-01  5.84025E-01  8.01477E-01  1.03227E+00  1.27359E+00
  1.60000E+02  8.86384E-04  3.67906E-02  1.28228E-01  2.58701E-01  4.16362E-01  5.94094E-01  7.87366E-01  9.93110E-01
  2.00000E+02  2.04062E-04  1.76245E-02  7.60155E-02  1.70129E-01  2.91485E-01  4.33931E-01  5.93190E-01  7.66209E-01
  2.40000E+02  4.23076E-05  8.00182E-03  4.35651E-02  1.09210E-01  2.00293E-01  3.12196E-01  4.41275E-01  5.84748E-01
  2.80000E+02  7.94852E-06  3.44391E-03  2.41261E-02  6.83981E-02  1.35034E-01  2.21169E-01  3.24042E-01  4.41323E-01
  3.20000E+02  1.36102E-06  1.40583E-03  1.29064E-02  4.17777E-02  8.92868E-02  1.54233E-01  2.34828E-01  3.29314E-01
  3.60000E+02  2.13518E-07  5.44695E-04  6.66833E-03  2.48784E-02  5.78840E-02  1.05843E-01  1.67901E-01  2.42906E-01
  4.00000E+02  3.08367E-08  2.00498E-04  3.32731E-03  1.44399E-02  3.67822E-02  7.14603E-02  1.18415E-01  1.77073E-01
  4.40000E+02  4.11750E-09  7.01854E-05  1.60345E-03  8.16742E-03  2.29045E-02  4.74559E-02  8.23616E-02  1.27548E-01
  4.80000E+02  5.10294E-10  2.33910E-05  7.46382E-04  4.50123E-03  1.39741E-02  3.09921E-02  5.64837E-02  9.07664E-02
  5.20000E+02  5.89056E-11  7.43048E-06  3.35669E-04  2.41696E-03  8.35177E-03  1.99007E-02  3.81882E-02  6.38030E-02
  5.60000E+02  6.35362E-12  2.25251E-06  1.45890E-04  1.26442E-03  4.88913E-03  1.25626E-02  2.54494E-02  4.42954E-02
  6.00000E+02  6.42197E-13  6.52403E-07  6.12997E-05  6.44477E-04  2.80313E-03  7.79525E-03  1.67151E-02  3.03683E-02
  6.40000E+02  6.09865E-14  1.80750E-07  2.49101E-05  3.20071E-04  1.57395E-03  4.75416E-03  1.08187E-02  2.05577E-02
  6.80000E+02  5.45449E-15  4.79575E-08  9.79400E-06  1.54900E-04  8.65486E-04  2.84955E-03  6.89971E-03  1.37397E-02
  7.20000E+02  4.60441E-16  1.21997E-08  3.72744E-06  7.30605E-05  4.66068E-04  1.67846E-03  4.33548E-03  9.06544E-03
  7.60000E+02  3.67586E-17  2.97873E-09  1.37383E-06  3.35900E-05  2.45792E-04  9.71529E-04  2.68390E-03  5.90434E-03
  8.00000E+02  2.78037E-18  6.98833E-10  4.90613E-07  1.50561E-05  1.26950E-04  5.52590E-04  1.63678E-03  3.79573E-03
  8.40000E+02  1.99587E-19  1.57697E-10  1.69843E-07  6.58089E-06  6.42203E-05  3.08850E-04  9.83315E-04  2.40843E-03
  8.80000E+02  1.36181E-20  3.42619E-11  5.70267E-08  2.80557E-06  3.18215E-05  1.69625E-04  5.81913E-04  1.50822E-03
  9.20000E+02  8.84463E-22  7.17394E-12  1.85802E-08  1.16688E-06  1.54461E-05  9.15463E-05  3.39217E-04  9.32119E-04
  9.60000E+02  5.47507E-23  1.44897E-12  5.87745E-09  4.73598E-07  7.34534E-06  4.85525E-05  1.94781E-04  5.68511E-04
  1.00000E+03  3.23427E-24  2.82552E-13  1.80597E-09  1.87623E-07  3.42259E-06  2.53060E-05  1.10170E-04  3.42181E-04
  1.04000E+03  1.82528E-25  5.32409E-14  5.39308E-10  7.25727E-08  1.56281E-06  1.29627E-05  6.13814E-05  2.03244E-04
  1.08000E+03  9.85157E-27  9.70173E-15  1.56596E-10  2.74151E-08  6.99397E-07  6.52619E-06  3.36876E-05  1.19129E-04
  1.12000E+03  5.09011E-28  1.71099E-15  4.42337E-11  1.01171E-08  3.06815E-07  3.22957E-06  1.82127E-05  6.89058E-05
  1.16000E+03  2.51992E-29  2.92256E-16  1.21609E-11  3.64838E-09  1.31956E-07  1.57103E-06  9.69987E-06  3.93310E-05
  1.20000E+03  1.19633E-30  4.83845E-17  3.25552E-12  1.28600E-09  5.56488E-08  7.51309E-07  5.08932E-06  2.21544E-05
  1.24000E+03  5.45086E-32  7.76911E-18  8.49023E-13  4.43209E-10  2.30159E-08  3.53253E-07  2.63074E-06  1.23150E-05
  1.28000E+03  2.38529E-33  1.21072E-18  2.15803E-13  1.49390E-10  9.33730E-09  1.63317E-07  1.33980E-06  6.75573E-06
  1.32000E+03  1.00318E-34  1.83228E-19  5.34843E-14  4.92617E-11  3.71631E-09  7.42501E-08  6.72318E-07  3.65749E-06
  1.36000E+03  4.05749E-36  2.69450E-20  1.29304E-14  1.58961E-11  1.45137E-09  3.31995E-08  3.32434E-07  1.95425E-06
  1.40000E+03  1.57918E-37  3.85258E-21  3.05068E-15  5.02103E-12  5.56287E-10  1.46011E-08  1.61980E-07  1.03057E-06
  1.44000E+03  5.91759E-39  5.35863E-22  7.02681E-16  1.55287E-12  2.09292E-10  6.31691E-09  7.77810E-08  5.36407E-07
  1.48000E+03  2.13611E-40  7.25459E-23  1.58077E-16  4.70366E-13  7.73076E-11  2.68871E-09  3.68106E-08  2.75580E-07
  1.52000E+03  7.42968E-42  9.56422E-24  3.47451E-17  1.39578E-13  2.80404E-11  1.12605E-09  1.71709E-08  1.39752E-07
  1.56000E+03  2.49431E-43  1.22850E-24  7.46449E-18  4.05877E-14  9.98901E-12  4.64080E-10  7.89535E-09  6.99600E-08
  1.60000E+03  7.00649E-45  1.53814E-25  1.56800E-18  1.15687E-14  3.49554E-12  1.88239E-10  3.57882E-09  3.45733E-08
  1.64000E+03  0.00000E+00  1.87805E-26  3.22169E-19  3.23294E-15  1.20183E-12  7.51556E-11  1.59932E-09  1.68678E-08
  1.68000E+03  0.00000E+00  2.23715E-27  6.47687E-20  8.86032E-16  4.06056E-13  2.95395E-11  7.04692E-10  8.12503E-09
  1.72000E+03  0.00000E+00  2.60100E-28  1.27449E-20  2.38204E-16  1.34842E-13  1.14312E-11  3.06172E-10  3.86428E-09
  1.76000E+03  0.00000E+00  2.95271E-29  2.45550E-21  6.28352E-17  4.40185E-14  4.35594E-12  1.31183E-10  1.81474E-09
  1.80000E+03  0.00000E+00  3.27418E-30  4.63355E-22  1.62674E-17  1.41286E-14  1.63467E-12  5.54332E-11  8.41568E-10
  1.84000E+03  0.00000E+00  3.54771E-31  8.56625E-23  4.13428E-18  4.45956E-15  6.04220E-13  2.31040E-11  3.85410E-10
  1.88000E+03  0.00000E+00  3.75763E-32  1.55204E-23  1.03169E-18  1.38450E-15  2.20004E-13  9.49880E-12  1.74319E-10
  1.92000E+03  0.00000E+00  3.89179E-33  2.75661E-24  2.52852E-19  4.22839E-16  7.89214E-14  3.85261E-12  7.78720E-11
  1.96000E+03  0.00000E+00  3.94276E-34  4.80101E-25  6.08765E-20  1.27062E-16  2.78961E-14  1.54166E-12  3.43609E-11
  2.00000E+03  0.00000E+00  3.90847E-35  8.20153E-26  1.44011E-20  3.75741E-17  9.71699E-15  6.08709E-13  1.49770E-11
  2.04000E+03  0.00000E+00  3.79232E-36  1.37461E-26  3.34809E-21  1.09362E-17  3.33592E-15  2.37171E-13  6.44901E-12
  2.08000E+03  0.00000E+00  3.60267E-37  2.26098E-27  7.65155E-22  3.13347E-18  1.12889E-15  9.11976E-14  2.74347E-12
  2.12000E+03  0.00000E+00  3.35192E-38  3.65056E-28  1.71926E-22  8.83960E-19  3.76614E-16  3.46115E-14  1.15312E-12
  2.16000E+03  0.00000E+00  3.05516E-39  5.78729E-29  3.79892E-23  2.45562E-19  1.23880E-16  1.29662E-14  4.78910E-13
  2.20000E+03  0.00000E+00  2.72872E-40  9.01048E-30  8.25647E-24  6.71861E-20  4.01812E-17  4.79513E-15  1.96547E-13
  2.24000E+03  0.00000E+00  2.38851E-41  1.37810E-30  1.76534E-24  1.81074E-20  1.28533E-17  1.75077E-15  7.97155E-14
  2.28000E+03  0.00000E+00  2.04870E-42  2.07095E-31  3.71405E-25  4.80795E-21  4.05538E-18  6.31158E-16  3.19534E-14
  2.32000E+03  0.00000E+00  1.69557E-43  3.05853E-32  7.69007E-26  1.25793E-21  1.26219E-18  2.24683E-16  1.26597E-14
  2.36000E+03  0.00000E+00  1.12104E-44  4.44021E-33  1.56732E-26  3.24347E-22  3.87566E-19  7.89890E-17  4.95780E-15
  2.40000E+03  0.00000E+00  0.00000E+00  6.33775E-34  3.14491E-27  8.24305E-23  1.17422E-19  2.74263E-17  1.91934E-15
  2.44000E+03  0.00000E+00  0.00000E+00  8.89601E-35  6.21381E-28  2.06515E-23  3.51064E-20  9.40624E-18  7.34582E-16
  2.48000E+03  0.00000E+00  0.00000E+00  1.22821E-35  1.20915E-28  5.10110E-24  1.03587E-20  3.18677E-18  2.77964E-16
  2.52000E+03  0.00000E+00  0.00000E+00  1.66820E-36  2.31768E-29  1.24247E-24  3.01691E-21  1.06663E-18  1.03999E-16
  2.56000E+03  0.00000E+00  0.00000E+00  2.22949E-37  4.37667E-30  2.98456E-25  8.67362E-22  3.52733E-19  3.84764E-17
  2.60000E+03  0.00000E+00  0.00000E+00  2.93243E-38  8.14374E-31  7.07137E-26  2.46191E-22  1.15262E-19  1.40772E-17
  2.64000E+03  0.00000E+00  0.00000E+00  3.79657E-39  1.49335E-31  1.65278E-26  6.89964E-23  3.72197E-20  5.09362E-18
  2.68000E+03  0.00000E+00  0.00000E+00  4.83919E-40  2.69915E-32  3.81131E-27  1.90946E-23  1.18781E-20  1.82288E-18
  2.72000E+03  0.00000E+00  0.00000E+00  6.07351E-41  4.80932E-33  8.67231E-28  5.21880E-24  3.74672E-21  6.45271E-19
  2.76000E+03  0.00000E+00  0.00000E+00  7.50395E-42  8.44883E-34  1.94739E-28  1.40882E-24  1.16820E-21  2.25949E-19
  2.80000E+03  0.00000E+00  0.00000E+00  9.12245E-43  1.46362E-34  4.31604E-29  3.75673E-25  3.60072E-22  7.82699E-20
  2.84000E+03  0.00000E+00  0.00000E+00  1.07900E-43  2.50060E-35  9.44245E-30  9.89647E-26  1.09724E-22  2.68242E-20
  2.88000E+03  0.00000E+00  0.00000E+00  1.12104E-44  4.21407E-36  2.03940E-30  2.57580E-26  3.30595E-23  9.09575E-21
  2.92000E+03  0.00000E+00  0.00000E+00  0.00000E+00  7.00587E-37  4.34904E-31  6.62443E-27  9.84932E-24  3.05183E-21
  2.96000E+03  0.00000E+00  0.00000E+00  0.00000E+00  1.14917E-37  9.15812E-32  1.68358E-27  2.90182E-24  1.01326E-21
  3.00000E+03  0.00000E+00  0.00000E+00  0.00000E+00  1.86004E-38  1.90455E-32  4.22875E-28  8.45524E-25  3.32932E-22
  3.04000E+03  0.00000E+00  0.00000E+00  0.00000E+00  2.97121E-39  3.91202E-33  1.04985E-28  2.43673E-25  1.08266E-22
  3.08000E+03  0.00000E+00  0.00000E+00  0.00000E+00  4.68461E-40  7.93743E-34  2.57641E-29  6.94629E-26  3.48466E-23
  3.12000E+03  0.00000E+00  0.00000E+00  0.00000E+00  7.29110E-41  1.59103E-34  6.25063E-30  1.95883E-26  1.11018E-23
  3.16000E+03  0.00000E+00  0.00000E+00  0.00000E+00  1.12020E-41  3.15095E-35  1.49931E-30  5.46479E-27  3.50118E-24
  3.20000E+03  0.00000E+00  0.00000E+00  0.00000E+00  1.69978E-42  6.16619E-36  3.55598E-31  1.50841E-27  1.09310E-24
  3.24000E+03  0.00000E+00  0.00000E+00  0.00000E+00  2.52234E-43  1.19248E-36  8.34001E-32  4.11972E-28  3.37876E-25
  3.28000E+03  0.00000E+00  0.00000E+00  0.00000E+00  3.64338E-44  2.27921E-37  1.93443E-32  1.11340E-28  1.03403E-25
  3.32000E+03  0.00000E+00  0.00000E+00  0.00000E+00  0.00000E+00  4.30592E-38  4.43768E-33  2.97788E-29  3.13344E-26
  3.36000E+03  0.00000E+00  0.00000E+00  0.00000E+00  0.00000E+00  8.04146E-39  1.00697E-33  7.88252E-30  9.40254E-27
  3.40000E+03  0.00000E+00  0.00000E+00  0.00000E+00  0.00000E+00  1.48469E-39  2.26031E-34  2.06519E-30  2.79406E-27
  3.44000E+03  0.00000E+00  0.00000E+00  0.00000E+00  0.00000E+00  2.71022E-40  5.01938E-35  5.35579E-31  8.22282E-28
  3.48000E+03  0.00000E+00  0.00000E+00  0.00000E+00  0.00000E+00  4.89179E-41  1.10281E-35  1.37495E-31  2.39678E-28
  3.52000E+03  0.00000E+00  0.00000E+00  0.00000E+00  0.00000E+00  8.73009E-42  2.39746E-36  3.49449E-32  6.91967E-29
  3.56000E+03  0.00000E+00  0.00000E+00  0.00000E+00  0.00000E+00  1.54143E-42  5.15754E-37  8.79315E-33  1.97888E-29
  3.60000E+03  0.00000E+00  0.00000E+00  0.00000E+00  0.00000E+00  2.71852E-43  1.09801E-37  2.19079E-33  5.60606E-30
  3.64000E+03  0.00000E+00  0.00000E+00  0.00000E+00  0.00000E+00  4.76441E-44  2.31355E-38  5.40482E-34  1.57336E-30
  3.68000E+03  0.00000E+00  0.00000E+00  0.00000E+00  0.00000E+00  1.40130E-45  4.82496E-39  1.32044E-34  4.37476E-31
  3.72000E+03  0.00000E+00  0.00000E+00  0.00000E+00  0.00000E+00  0.00000E+00  9.96058E-40  3.19477E-35  1.20522E-31
  3.76000E+03  0.00000E+00  0.00000E+00  0.00000E+00  0.00000E+00  0.00000E+00  2.03558E-40  7.65555E-36  3.28993E-32
  3.80000E+03  0.00000E+00  0.00000E+00  0.00000E+00  0.00000E+00  0.00000E+00  4.11814E-41  1.81701E-36  8.89904E-33
  3.84000E+03  0.00000E+00  0.00000E+00  0.00000E+00  0.00000E+00  0.00000E+00  8.24524E-42  4.27179E-37  2.38536E-33
  3.88000E+03  0.00000E+00  0.00000E+00  0.00000E+00  0.00000E+00  0.00000E+00  1.63391E-42  9.94744E-38  6.33490E-34
  3.92000E+03  0.00000E+00  0.00000E+00  0.00000E+00  0.00000E+00  0.00000E+00  3.23700E-43  2.28945E-38  1.66100E-34
  3.96000E+03  0.00000E+00  0.00000E+00  0.00000E+00  0.00000E+00  0.00000E+00  6.30584E-44  4.98016E-39  4.06477E-35
  4.00000E+03  0.00000E+00  0.00000E+00  0.00000E+00  0.00000E+00  0.00000E+00  0.00000E+00  0.00000E+00  0.00000E+00
