 Depth 10 30 50 70 90 110 130 150
  0.00000E+00  6.28607E-02  2.87861E-01  5.54085E-01  8.39744E-01  1.13739E+00  1.44337E+00  1.75561E+00  2.07275E+00
  4.00000E+01  4.63321E-02  2.43604E-01  4.88261E-01  7.55677E-01  1.03722E+00  1.32865E+00  1.62748E+00  1.93215E+00
  8.00000E+01  3.36417E-02  2.05131E-01  4.28985E-01  6.78597E-01  9.44340E-01  1.22141E+00  1.50702E+00  1.79933E+00
  1.20000E+02  2.40527E-02  1.71862E-01  3.75774E-01  6.08082E-01  8.58359E-01  1.12133E+00  1.39388E+00  1.67401E+00
  1.60000E+02  1.69257E-02  1.43247E-01  3.28160E-01  5.43718E-01  7.78904E-01  1.02805E+00  1.28777E+00  1.55587E+00
  2.00000E+02  1.17177E-02  1.18772E-01  2.85692E-01  4.85104E-01  7.05611E-01  9.41230E-01  1.18836E+00  1.44463E+00
  2.40000E+02  7.97747E-03  9.79530E-02  2.47940E-01  4.31849E-01  6.38124E-01  8.60550E-01  1.09534E+00  1.33999E+00
  2.80000E+02  5.33886E-03  8.03456E-02  2.14491E-01  3.83579E-01  5.76094E-01  7.85682E-01  1.00841E+00  1.24167E+00
  3.20000E+02  3.51098E-03  6.55403E-02  1.84956E-01  3.39931E-01  5.19186E-01  7.16311E-01  9.27282E-01  1.14938E+00
  3.60000E+02  2.26802E-03  5.31641E-02  1.58966E-01  3.00557E-01  4.67074E-01  6.52131E-01  8.51652E-01  1.06285E+00
  4.00000E+02  1.43865E-03  4.28803E-02  1.36176E-01  2.65127E-01  4.19443E-01  5.92844E-01  7.81241E-01  9.81811E-01
  4.40000E+02  8.95808E-04  3.43867E-02  1.16262E-01  2.33324E-01  3.75991E-01  5.38161E-01  7.15775E-01  9.05993E-01
  4.80000E+02  5.47379E-04  2.74146E-02  9.89240E-02  2.04849E-01  3.36426E-01  4.87802E-01  6.54986E-01  8.35143E-01
  5.20000E+02  3.28132E-04  2.17270E-02  8.38826E-02  1.79417E-01  3.00472E-01  4.41499E-01  5.98612E-01  7.69009E-01
  5.60000E+02  1.92919E-04  1.71164E-02  7.08815E-02  1.56762E-01  2.67863E-01  3.98992E-01  5.46404E-01  7.07348E-01
  6.00000E+02  1.11212E-04  1.34025E-02  5.96854E-02  1.36632E-01  2.38345E-01  3.60032E-01  4.98118E-01  6.49923E-01
  6.40000E+02  6.28452E-05  1.04303E-02  5.00798E-02  1.18793E-01  2.11679E-01  3.24381E-01  4.53519E-01  5.96506E-01
  6.80000E+02  3.48041E-05  8.06691E-03  4.18697E-02  1.03025E-01  1.87639E-01  2.91811E-01  4.12382E-01  5.46874E-01
  7.20000E+02  1.88855E-05  6.20004E-03  3.48790E-02  8.91250E-02  1.66009E-01  2.62104E-01  3.74490E-01  5.00814E-01
  7.60000E+02  1.00386E-05  4.73510E-03  2.89496E-02  7.69047E-02  1.46587E-01  2.35054E-01  3.39635E-01  4.58118E-01
  8.00000E+02  5.22606E-06  3.59324E-03  2.39397E-02  6.61900E-02  1.29185E-01  2.10463E-01  3.07619E-01  4.18590E-01
  8.40000E+02  2.66409E-06  2.70919E-03  1.97233E-02  5.68210E-02  1.13625E-01  1.88145E-01  2.78252E-01  3.82037E-01
  8.80000E+02  1.32959E-06  2.02938E-03  1.61887E-02  4.86511E-02  9.97399E-02  1.67926E-01  2.51352E-01  3.48277E-01
  9.20000E+02  6.49531E-07  1.51020E-03  1.32374E-02  4.15466E-02  8.73768E-02  1.49638E-01  2.26747E-01  3.17134E-01
  9.60000E+02  3.10545E-07  1.11642E-03  1.07829E-02  3.53857E-02  7.63920E-02  1.33125E-01  2.04274E-01  2.88441E-01
  1.00000E+03  1.45285E-07  8.19835E-04  8.74985E-03  3.00582E-02  6.66526E-02  1.18241E-01  1.83777E-01  2.62038E-01
  1.04000E+03  6.65001E-08  5.98003E-04  7.07270E-03  2.54642E-02  5.80360E-02  1.04848E-01  1.65110E-01  2.37771E-01
  1.08000E+03  2.97757E-08  4.33252E-04  5.69479E-03  2.15141E-02  5.04294E-02  9.28190E-02  1.48134E-01  2.15497E-01
  1.12000E+03  1.30400E-08  3.11757E-04  4.56736E-03  1.81273E-02  4.37290E-02  8.20328E-02  1.32719E-01  1.95077E-01
  1.16000E+03  5.58478E-09  2.22798E-04  3.64870E-03  1.52318E-02  3.78398E-02  7.23785E-02  1.18742E-01  1.76380E-01
  1.20000E+03  2.33879E-09  1.58128E-04  2.90324E-03  1.27635E-02  3.26751E-02  6.37526E-02  1.06087E-01  1.59284E-01
  1.24000E+03  9.57583E-10  1.11452E-04  2.30086E-03  1.06656E-02  2.81557E-02  5.60595E-02  9.46467E-02  1.43670E-01
  1.28000E+03  3.83269E-10  7.80067E-05  1.81614E-03  8.88763E-03  2.42099E-02  4.92106E-02  8.43200E-02  1.29429E-01
  1.32000E+03  1.49940E-10  5.42157E-05  1.42775E-03  7.38528E-03  2.07727E-02  4.31243E-02  7.50126E-02  1.16456E-01
  1.36000E+03  5.73281E-11  3.74153E-05  1.11785E-03  6.11956E-03  1.77851E-02  3.77255E-02  6.66365E-02  1.04655E-01
  1.40000E+03  2.14189E-11  2.56384E-05  8.71645E-04  5.05637E-03  1.51944E-02  3.29453E-02  5.91100E-02  9.39336E-02
  1.44000E+03  7.81907E-12  1.74435E-05  6.76873E-04  4.16598E-03  1.29529E-02  2.87206E-02  5.23574E-02  8.42054E-02
  1.48000E+03  2.78862E-12  1.17831E-05  5.23454E-04  3.42253E-03  1.10179E-02  2.49937E-02  4.63083E-02  7.53902E-02
  1.52000E+03  9.71511E-13  7.90244E-06  4.03129E-04  2.80366E-03  9.35143E-03  2.17121E-02  4.08980E-02  6.74131E-02
  1.56000E+03  3.30581E-13  5.26162E-06  3.09169E-04  2.29003E-03  7.91953E-03  1.88279E-02  3.60664E-02  6.02038E-02
  1.60000E+03  1.09858E-13  3.47795E-06  2.36116E-04  1.86506E-03  6.69201E-03  1.62978E-02  3.17584E-02  5.36973E-02
  1.64000E+03  3.56492E-14  2.28223E-06  1.79566E-04  1.51451E-03  5.64218E-03  1.40825E-02  2.79233E-02  4.78329E-02
  1.68000E+03  1.12950E-14  1.48667E-06  1.35983E-04  1.22624E-03  4.74640E-03  1.21464E-02  2.45145E-02  4.25544E-02
  1.72000E+03  3.49369E-15  9.61339E-07  1.02541E-04  9.89904E-04  3.98388E-03  1.04576E-02  2.14895E-02  3.78096E-02
  1.76000E+03  1.05485E-15  6.17071E-07  7.69943E-05  7.96752E-04  3.33631E-03  8.98722E-03  1.88093E-02  3.35505E-02
  1.80000E+03  3.10850E-16  3.93168E-07  5.75649E-05  6.39380E-04  2.78767E-03  7.70954E-03  1.64384E-02  2.97324E-02
  1.84000E+03  8.93943E-17  2.48654E-07  4.28537E-05  5.11558E-04  2.32395E-03  6.60141E-03  1.43444E-02  2.63145E-02
  1.88000E+03  2.50847E-17  1.56090E-07  3.17647E-05  4.08063E-04  1.93295E-03  5.64218E-03  1.24980E-02  2.32591E-02
  1.92000E+03  6.86737E-18  9.72543E-08  2.34433E-05  3.24526E-04  1.60404E-03  4.81344E-03  1.08726E-02  2.05314E-02
  1.96000E+03  1.83398E-18  6.01430E-08  1.72268E-05  2.57310E-04  1.32804E-03  4.09882E-03  9.44391E-03  1.80996E-02
  2.00000E+03  4.77705E-19  3.69143E-08  1.26036E-05  2.03398E-04  1.09698E-03  3.48382E-03  8.19028E-03  1.59347E-02
  2.04000E+03  1.21345E-19  2.24869E-08  9.18087E-06  1.60292E-04  9.04026E-04  2.95556E-03  7.09201E-03  1.40101E-02
  2.08000E+03  3.00550E-20  1.35950E-08  6.65835E-06  1.25936E-04  7.43276E-04  2.50272E-03  6.13143E-03  1.23016E-02
  2.12000E+03  7.25732E-21  8.15707E-09  4.80769E-06  9.86398E-05  6.09682E-04  2.11527E-03  5.29265E-03  1.07869E-02
  2.16000E+03  1.70817E-21  4.85722E-09  3.45611E-06  7.70228E-05  4.98928E-04  1.78444E-03  4.56144E-03  9.44595E-03
  2.20000E+03  3.91839E-22  2.87033E-09  2.47351E-06  5.99577E-05  4.07333E-04  1.50250E-03  3.92504E-03  8.26056E-03
  2.24000E+03  8.75856E-23  1.68328E-09  1.76243E-06  4.65291E-05  3.31769E-04  1.26270E-03  3.37209E-03  7.21415E-03
  2.28000E+03  1.90734E-23  9.79617E-10  1.25018E-06  3.59961E-05  2.69583E-04  1.05916E-03  2.89243E-03  6.29173E-03
  2.32000E+03  4.04588E-24  5.65746E-10  8.82869E-07  2.77609E-05  2.18533E-04  8.86725E-04  2.47705E-03  5.47977E-03
  2.36000E+03  8.35805E-25  3.24225E-10  6.20689E-07  2.13429E-05  1.76728E-04  7.40943E-04  2.11793E-03  4.76607E-03
  2.40000E+03  1.68118E-25  1.84384E-10  4.34412E-07  1.63573E-05  1.42580E-04  6.17937E-04  1.80797E-03  4.13963E-03
  2.44000E+03  3.29195E-26  1.04051E-10  3.02674E-07  1.24970E-05  1.14754E-04  5.14359E-04  1.54089E-03  3.59058E-03
  2.48000E+03  6.27373E-27  5.82645E-11  2.09937E-07  9.51770E-06  9.21365E-05  4.27314E-04  1.31115E-03  3.11005E-03
  2.52000E+03  1.16341E-27  3.23739E-11  1.44957E-07  7.22580E-06  7.37988E-05  3.54311E-04  1.11385E-03  2.69010E-03
  2.56000E+03  2.09881E-28  1.78489E-11  9.96370E-08  5.46846E-06  5.89681E-05  2.93209E-04  9.44708E-04  2.32362E-03
  2.60000E+03  3.68247E-29  9.76444E-12  6.81758E-08  4.12539E-06  4.70037E-05  2.42171E-04  7.99946E-04  2.00428E-03
  2.64000E+03  6.28230E-30  5.30024E-12  4.64369E-08  3.10230E-06  3.73759E-05  1.99625E-04  6.76261E-04  1.72640E-03
  2.68000E+03  1.04182E-30  2.85464E-12  3.14859E-08  2.32551E-06  2.96479E-05  1.64232E-04  5.70764E-04  1.48497E-03
  2.72000E+03  1.67897E-31  1.52548E-12  2.12512E-08  1.73765E-06  2.34603E-05  1.34848E-04  4.80934E-04  1.27550E-03
  2.76000E+03  2.62868E-32  8.08832E-13  1.42779E-08  1.29425E-06  1.85188E-05  1.10504E-04  4.04576E-04  1.09404E-03
  2.80000E+03  3.99709E-33  4.25500E-13  9.54885E-09  9.60899E-07  1.45822E-05  9.03751E-05  3.39779E-04  9.37071E-04
  2.84000E+03  5.90094E-34  2.22088E-13  6.35686E-09  7.11116E-07  1.14543E-05  7.37667E-05  2.84889E-04  8.01484E-04
  2.88000E+03  8.45516E-35  1.15008E-13  4.21245E-09  5.24570E-07  8.97514E-06  6.00909E-05  2.38469E-04  6.84541E-04
  2.92000E+03  1.17542E-35  5.90891E-14  2.77858E-09  3.85713E-07  7.01523E-06  4.88531E-05  1.99282E-04  5.83827E-04
  2.96000E+03  1.58478E-36  3.01199E-14  1.82434E-09  2.82696E-07  5.46975E-06  3.96378E-05  1.66256E-04  4.97220E-04
  3.00000E+03  2.07148E-37  1.52323E-14  1.19228E-09  2.06522E-07  4.25418E-06  3.20965E-05  1.38472E-04  4.22852E-04
  3.04000E+03  2.62391E-38  7.64246E-15  7.75603E-10  1.50384E-07  3.30054E-06  2.59379E-05  1.15138E-04  3.59089E-04
  3.08000E+03  3.21948E-39  3.80414E-15  5.02208E-10  1.09150E-07  2.55430E-06  2.09189E-05  9.55751E-05  3.04499E-04
  3.12000E+03  3.82465E-40  1.87858E-15  3.23674E-10  7.89647E-08  1.97186E-06  1.68371E-05  7.92022E-05  2.57833E-04
  3.16000E+03  4.39699E-41  9.20333E-16  2.07640E-10  5.69406E-08  1.51843E-06  1.35245E-05  6.55230E-05  2.17998E-04
  3.20000E+03  4.88913E-42  4.47303E-16  1.32583E-10  4.09252E-08  1.16634E-06  1.08416E-05  5.41140E-05  1.84044E-04
  3.24000E+03  5.25487E-43  2.15672E-16  8.42631E-11  2.93182E-08  8.93641E-07  8.67327E-06  4.46150E-05  1.55144E-04
  3.28000E+03  5.46506E-44  1.03161E-16  5.33035E-11  2.09342E-08  6.82982E-07  6.92446E-06  3.67196E-05  1.30582E-04
  3.32000E+03  4.20390E-45  4.89514E-17  3.35614E-11  1.48988E-08  5.20668E-07  5.51693E-06  3.01684E-05  1.09735E-04
  3.36000E+03  0.00000E+00  2.30429E-17  2.10324E-11  1.05685E-08  3.95925E-07  4.38640E-06  2.47415E-05  9.20652E-05
  3.40000E+03  0.00000E+00  1.07603E-17  1.31189E-11  7.47212E-09  3.00303E-07  3.48021E-06  2.02532E-05  7.71064E-05
  3.44000E+03  0.00000E+00  4.98458E-18  8.14450E-12  5.26549E-09  2.27193E-07  2.75531E-06  1.65470E-05  6.44573E-05
  3.48000E+03  0.00000E+00  2.29056E-18  5.03254E-12  3.69823E-09  1.71436E-07  2.17655E-06  1.34909E-05  5.37715E-05
  3.52000E+03  0.00000E+00  1.04414E-18  3.09502E-12  2.58882E-09  1.29021E-07  1.71532E-06  1.09740E-05  4.47504E-05
  3.56000E+03  0.00000E+00  4.72148E-19  1.89447E-12  1.80613E-09  9.68328E-08  1.34836E-06  8.90315E-06  3.71370E-05
  3.60000E+03  0.00000E+00  2.11785E-19  1.15414E-12  1.25577E-09  7.24614E-08  1.05681E-06  7.20023E-06  3.07103E-05
  3.64000E+03  0.00000E+00  9.42334E-20  6.99787E-13  8.70011E-10  5.40456E-08  8.25367E-07  5.79964E-06  2.52796E-05
  3.68000E+03  0.00000E+00  4.15914E-20  4.22265E-13  6.00443E-10  4.01507E-08  6.41659E-07  4.64637E-06  2.06808E-05
  3.72000E+03  0.00000E+00  1.82090E-20  2.53544E-13  4.12547E-10  2.96727E-08  4.95655E-07  3.69416E-06  1.67716E-05
  3.76000E+03  0.00000E+00  7.90758E-21  1.51421E-13  2.81784E-10  2.17622E-08  3.79222E-07  2.90404E-06  1.34289E-05
  3.80000E+03  0.00000E+00  3.40593E-21  8.98326E-14  1.90731E-10  1.57646E-08  2.85736E-07  2.24297E-06  1.05450E-05
  3.84000E+03  0.00000E+00  1.45430E-21  5.27413E-14  1.27005E-10  1.11730E-08  2.09763E-07  1.68272E-06  8.02502E-06
  3.88000E+03  0.00000E+00  6.13868E-22  3.02893E-14  8.17537E-11  7.59104E-09  1.46793E-07  1.19885E-06  5.78441E-06
  3.92000E+03  0.00000E+00  2.51865E-22  1.63817E-14  4.85529E-11  4.70254E-09  9.30054E-08  7.69819E-07  3.74658E-06
  3.96000E+03  0.00000E+00  8.97884E-23  7.15814E-15  2.25835E-11  2.24723E-09  4.50769E-08  3.76221E-07  1.84076E-06
  4.00000E+03  0.00000E+00  0.00000E+00  0.00000E+00  0.00000E+00  0.00000E+00  0.00000E+00  0.00000E+00  0.00000E+00
