 Depth 10 30 50 70 90 110 130 150
  0.00000E+00  7.74796E-02  4.29110E-01  9.09652E-01  1.47020E+00  2.08862E+00  2.75205E+00  3.45208E+00  4.18277E+00
  4.00000E+01  5.64012E-02  3.59908E-01  7.95751E-01  1.31474E+00  1.89415E+00  2.52068E+00  3.18559E+00  3.88269E+00
  8.00000E+01  4.04601E-02  3.00405E-01  6.94093E-01  1.17328E+00  1.71502E+00  2.30572E+00  2.93640E+00  3.60066E+00
  1.20000E+02  2.85893E-02  2.49502E-01  6.03638E-01  1.04484E+00  1.55030E+00  2.10629E+00  2.70366E+00  3.33586E+00
  1.60000E+02  1.98896E-02  2.06182E-01  5.23402E-01  9.28493E-01  1.39910E+00  1.92152E+00  2.48654E+00  3.08750E+00
  2.00000E+02  1.36177E-02  1.69511E-01  4.52454E-01  8.23323E-01  1.26054E+00  1.75058E+00  2.28423E+00  2.85480E+00
  2.40000E+02  9.17195E-03  1.38636E-01  3.89921E-01  7.28476E-01  1.13379E+00  1.59266E+00  2.09596E+00  2.63700E+00
  2.80000E+02  6.07469E-03  1.12784E-01  3.34982E-01  6.43134E-01  1.01804E+00  1.44698E+00  1.92096E+00  2.43336E+00
  3.20000E+02  3.95480E-03  9.12594E-02  2.86874E-01  5.66525E-01  9.12547E-01  1.31278E+00  1.75849E+00  2.24316E+00
  3.60000E+02  2.52991E-03  7.34390E-02  2.44889E-01  4.97916E-01  8.16560E-01  1.18935E+00  1.60786E+00  2.06570E+00
  4.00000E+02  1.58970E-03  5.87706E-02  2.08371E-01  4.36618E-01  7.29387E-01  1.07598E+00  1.46836E+00  1.90032E+00
  4.40000E+02  9.80860E-04  4.67673E-02  1.76717E-01  3.81984E-01  6.50366E-01  9.72027E-01  1.33934E+00  1.74635E+00
  4.80000E+02  5.94080E-04  3.70033E-02  1.49374E-01  3.33408E-01  5.78868E-01  8.76840E-01  1.22018E+00  1.60318E+00
  5.20000E+02  3.53100E-04  2.91086E-02  1.25838E-01  2.90324E-01  5.14300E-01  7.89815E-01  1.11024E+00  1.47018E+00
  5.60000E+02  2.05892E-04  2.27642E-02  1.05650E-01  2.52207E-01  4.56100E-01  7.10378E-01  1.00896E+00  1.34677E+00
  6.00000E+02  1.17747E-04  1.76972E-02  8.83969E-02  2.18569E-01  4.03742E-01  6.37978E-01  9.15777E-01  1.23240E+00
  6.40000E+02  6.60269E-05  1.36755E-02  7.37045E-02  1.88958E-01  3.56732E-01  5.72097E-01  8.30151E-01  1.12652E+00
  6.80000E+02  3.62945E-05  1.05036E-02  6.12390E-02  1.62960E-01  3.14605E-01  5.12243E-01  7.51576E-01  1.02861E+00
  7.20000E+02  1.95528E-05  8.01804E-03  5.07017E-02  1.40191E-01  2.76929E-01  4.57952E-01  6.79568E-01  9.38184E-01
  7.60000E+02  1.03211E-05  6.08273E-03  4.18276E-02  1.20304E-01  2.43302E-01  4.08785E-01  6.13669E-01  8.54757E-01
  8.00000E+02  5.33707E-06  4.58568E-03  3.43824E-02  1.02979E-01  2.13347E-01  3.64332E-01  5.53441E-01  7.77881E-01
  8.40000E+02  2.70302E-06  3.43525E-03  2.81596E-02  8.79253E-02  1.86719E-01  3.24206E-01  4.98472E-01  7.07124E-01
  8.80000E+02  1.34055E-06  2.55703E-03  2.29784E-02  7.48808E-02  1.63096E-01  2.88046E-01  4.48373E-01  6.42078E-01
  9.20000E+02  6.50910E-07  1.89109E-03  1.86812E-02  6.36076E-02  1.42182E-01  2.55514E-01  4.02775E-01  5.82353E-01
  9.60000E+02  3.09377E-07  1.38952E-03  1.51310E-02  5.38915E-02  1.23705E-01  2.26295E-01  3.61331E-01  5.27579E-01
  1.00000E+03  1.43916E-07  1.01430E-03  1.22094E-02  4.55403E-02  1.07415E-01  2.00095E-01  3.23718E-01  4.77406E-01
  1.04000E+03  6.55114E-08  7.35529E-04  9.81467E-03  3.83819E-02  9.30825E-02  1.76643E-01  2.89628E-01  4.31505E-01
  1.08000E+03  2.91769E-08  5.29834E-04  7.85950E-03  3.22631E-02  8.04998E-02  1.55687E-01  2.58776E-01  3.89562E-01
  1.12000E+03  1.27119E-08  3.79111E-04  6.26964E-03  2.70474E-02  6.94765E-02  1.36992E-01  2.30894E-01  3.51284E-01
  1.16000E+03  5.41716E-09  2.69438E-04  4.98203E-03  2.26140E-02  5.98401E-02  1.20343E-01  2.05733E-01  3.16394E-01
  1.20000E+03  2.25765E-09  1.90194E-04  3.94344E-03  1.88562E-02  5.14341E-02  1.05542E-01  1.83060E-01  2.84631E-01
  1.24000E+03  9.20042E-10  1.33341E-04  3.10912E-03  1.56800E-02  4.41174E-02  9.24079E-02  1.62660E-01  2.55751E-01
  1.28000E+03  3.66577E-10  9.28409E-05  2.44165E-03  1.30032E-02  3.77627E-02  8.07723E-02  1.44330E-01  2.29526E-01
  1.32000E+03  1.42782E-10  6.41957E-05  1.90986E-03  1.07536E-02  3.22556E-02  7.04828E-02  1.27886E-01  2.05742E-01
  1.36000E+03  5.43592E-11  4.40805E-05  1.48793E-03  8.86859E-03  2.74935E-02  6.13997E-02  1.13155E-01  1.84199E-01
  1.40000E+03  2.02261E-11  3.00569E-05  1.15456E-03  7.29363E-03  2.33848E-02  5.33960E-02  9.99785E-02  1.64711E-01
  1.44000E+03  7.35421E-12  2.03508E-05  8.92262E-04  5.98155E-03  1.98477E-02  4.63560E-02  8.82099E-02  1.47104E-01
  1.48000E+03  2.61270E-12  1.36819E-05  6.86754E-04  4.89169E-03  1.68095E-02  4.01749E-02  7.77148E-02  1.31217E-01
  1.52000E+03  9.06813E-13  9.13314E-06  5.26421E-04  3.98908E-03  1.42058E-02  3.47576E-02  6.83695E-02  1.16902E-01
  1.56000E+03  3.07446E-13  6.05327E-06  4.01866E-04  3.24376E-03  1.19793E-02  3.00185E-02  6.00607E-02  1.04019E-01
  1.60000E+03  1.01810E-13  3.98328E-06  3.05516E-04  2.63016E-03  1.00798E-02  2.58802E-02  5.26846E-02  9.24396E-02
  1.64000E+03  3.29249E-14  2.60232E-06  2.31305E-04  2.12649E-03  8.46298E-03  2.22732E-02  4.61467E-02  8.20464E-02
  1.68000E+03  1.03973E-14  1.68785E-06  1.74391E-04  1.71431E-03  7.08988E-03  1.91350E-02  4.03605E-02  7.27300E-02
  1.72000E+03  3.20569E-15  1.08680E-06  1.30932E-04  1.37801E-03  5.92644E-03  1.64099E-02  3.52477E-02  6.43898E-02
  1.76000E+03  9.64879E-16  6.94693E-07  9.78901E-05  1.10446E-03  4.94295E-03  1.40477E-02  3.07368E-02  5.69335E-02
  1.80000E+03  2.83478E-16  4.40813E-07  7.28782E-05  8.82619E-04  4.11348E-03  1.20041E-02  2.67632E-02  5.02764E-02
  1.84000E+03  8.12834E-17  2.77666E-07  5.40274E-05  7.03263E-04  3.41554E-03  1.02393E-02  2.32683E-02  4.43407E-02
  1.88000E+03  2.27438E-17  1.73614E-07  3.98824E-05  5.58700E-04  2.82966E-03  8.71820E-03  2.01994E-02  3.90554E-02
  1.92000E+03  6.20932E-18  1.07753E-07  2.93151E-05  4.42538E-04  2.33898E-03  7.40961E-03  1.75088E-02  3.43556E-02
  1.96000E+03  1.65380E-18  6.63813E-08  2.14555E-05  3.49485E-04  1.92902E-03  6.28597E-03  1.51535E-02  3.01821E-02
  2.00000E+03  4.29651E-19  4.05906E-08  1.56356E-05  2.75174E-04  1.58729E-03  5.32299E-03  1.30951E-02  2.64811E-02
  2.04000E+03  1.08863E-19  2.46353E-08  1.13452E-05  2.16014E-04  1.30312E-03  4.49926E-03  1.12989E-02  2.32035E-02
  2.08000E+03  2.68973E-20  1.48400E-08  8.19650E-06  1.69062E-04  1.06737E-03  3.79599E-03  9.73420E-03  2.03048E-02
  2.12000E+03  6.47936E-21  8.87242E-09  5.89596E-06  1.31916E-04  8.72266E-04  3.19674E-03  8.37324E-03  1.77448E-02
  2.16000E+03  1.52153E-21  5.26471E-09  4.22264E-06  1.02620E-04  7.11177E-04  2.68709E-03  7.19141E-03  1.54871E-02
  2.20000E+03  3.48242E-22  3.10044E-09  3.01101E-06  7.95875E-05  5.78496E-04  2.25448E-03  6.16681E-03  1.34986E-02
  2.24000E+03  7.76708E-23  1.81208E-09  2.13763E-06  6.15360E-05  4.69475E-04  1.88799E-03  5.27994E-03  1.17498E-02
  2.28000E+03  1.68784E-23  1.05107E-09  1.51092E-06  4.74333E-05  3.80111E-04  1.57812E-03  4.51356E-03  1.02139E-02
  2.32000E+03  3.57292E-24  6.05028E-10  1.06324E-06  3.64503E-05  3.07038E-04  1.31662E-03  3.85236E-03  8.86681E-03
  2.36000E+03  7.36623E-25  3.45622E-10  7.44893E-07  2.79242E-05  2.47430E-04  1.09638E-03  3.28285E-03  7.68703E-03
  2.40000E+03  1.47881E-25  1.95931E-10  5.19552E-07  2.13263E-05  1.98925E-04  9.11249E-04  2.79311E-03  6.65523E-03
  2.44000E+03  2.89021E-26  1.10223E-10  3.60769E-07  1.62370E-05  1.59552E-04  7.55943E-04  2.37267E-03  5.75411E-03
  2.48000E+03  5.49800E-27  6.15318E-11  2.49397E-07  1.23237E-05  1.27668E-04  6.25911E-04  2.01232E-03  4.96823E-03
  2.52000E+03  1.01774E-27  3.40864E-11  1.71636E-07  9.32449E-06  1.01914E-04  5.17256E-04  1.70397E-03  4.28384E-03
  2.56000E+03  1.83285E-28  1.87373E-11  1.17591E-07  7.03314E-06  8.11607E-05  4.26644E-04  1.44057E-03  3.68867E-03
  2.60000E+03  3.21041E-29  1.02206E-11  8.02029E-08  5.28825E-06  6.44793E-05  3.51229E-04  1.21593E-03  3.17184E-03
  2.64000E+03  5.46801E-30  5.53190E-12  5.44561E-08  3.96377E-06  5.11039E-05  2.88587E-04  1.02467E-03  2.72366E-03
  2.68000E+03  9.05346E-31  2.97098E-12  3.68078E-08  2.96167E-06  4.04058E-05  2.36659E-04  8.62104E-04  2.33559E-03
  2.72000E+03  1.45678E-31  1.58324E-12  2.47667E-08  2.20593E-06  3.18704E-05  1.93699E-04  7.24155E-04  2.00003E-03
  2.76000E+03  2.27738E-32  8.37155E-13  1.65891E-08  1.63784E-06  2.50773E-05  1.58229E-04  6.07294E-04  1.71031E-03
  2.80000E+03  3.45787E-33  4.39211E-13  1.10613E-08  1.21220E-06  1.96844E-05  1.29003E-04  5.08464E-04  1.46052E-03
  2.84000E+03  5.09765E-34  2.28635E-13  7.34186E-09  8.94320E-07  1.54138E-05  1.04969E-04  4.25023E-04  1.24547E-03
  2.88000E+03  7.29411E-35  1.18089E-13  4.85093E-09  6.57700E-07  1.20403E-05  8.52461E-05  3.54694E-04  1.06059E-03
  2.92000E+03  1.01265E-35  6.05156E-14  3.19049E-09  4.82142E-07  9.38228E-06  6.90929E-05  2.95518E-04  9.01893E-04
  2.96000E+03  1.36355E-36  3.07688E-14  2.08881E-09  3.52315E-07  7.29317E-06  5.58903E-05  2.45809E-04  7.65859E-04
  3.00000E+03  1.78006E-37  1.55215E-14  1.36128E-09  2.56621E-07  5.65536E-06  4.51214E-05  2.04126E-04  6.49424E-04
  3.04000E+03  2.25201E-38  7.76838E-15  8.83076E-10  1.86320E-07  4.37459E-06  3.63554E-05  1.69230E-04  5.49908E-04
  3.08000E+03  2.75987E-39  3.85742E-15  5.70227E-10  1.34842E-07  3.37555E-06  2.92344E-05  1.40068E-04  4.64978E-04
  3.12000E+03  3.27485E-40  1.90033E-15  3.66516E-10  9.72725E-08  2.59825E-06  2.34615E-05  1.15738E-04  3.92600E-04
  3.16000E+03  3.76052E-41  9.28796E-16  2.34493E-10  6.99439E-08  1.99501E-06  1.87910E-05  9.54743E-05  3.31009E-04
  3.20000E+03  4.17587E-42  4.50367E-16  1.49333E-10  5.01306E-08  1.52803E-06  1.50202E-05  7.86263E-05  2.78673E-04
  3.24000E+03  4.47014E-43  2.16652E-16  9.46606E-11  3.58134E-08  1.16745E-06  1.19820E-05  6.46418E-05  2.34264E-04
  3.28000E+03  4.62428E-44  1.03396E-16  5.97262E-11  2.55022E-08  8.89750E-07  9.53915E-06  5.30539E-05  1.96635E-04
  3.32000E+03  4.20390E-45  4.89535E-17  3.75094E-11  1.81006E-08  6.76413E-07  7.57893E-06  4.34678E-05  1.64794E-04
  3.36000E+03  0.00000E+00  2.29933E-17  2.34473E-11  1.28054E-08  5.12943E-07  6.00920E-06  3.55508E-05  1.37887E-04
  3.40000E+03  0.00000E+00  1.07139E-17  1.45888E-11  9.02965E-09  3.88001E-07  4.75472E-06  2.90228E-05  1.15176E-04
  3.44000E+03  0.00000E+00  4.95250E-18  9.03474E-12  6.34639E-09  2.92750E-07  3.75416E-06  2.36483E-05  9.60302E-05
  3.48000E+03  0.00000E+00  2.27102E-18  5.56906E-12  4.44585E-09  2.20316E-07  2.95765E-06  1.92297E-05  7.99042E-05
  3.52000E+03  0.00000E+00  1.03309E-18  3.41675E-12  3.10419E-09  1.65371E-07  2.32475E-06  1.56016E-05  6.63315E-05
  3.56000E+03  0.00000E+00  4.66194E-19  2.08644E-12  2.16020E-09  1.23791E-07  1.82267E-06  1.26254E-05  5.49116E-05
  3.60000E+03  0.00000E+00  2.08692E-19  1.26811E-12  1.49818E-09  9.23975E-08  1.42492E-06  1.01852E-05  4.53012E-05
  3.64000E+03  0.00000E+00  9.26721E-20  7.67105E-13  1.03540E-09  6.87417E-08  1.11011E-06  8.18439E-06  3.72056E-05
  3.68000E+03  0.00000E+00  4.08219E-20  4.61826E-13  7.12848E-10  5.09433E-08  8.60959E-07  6.54192E-06  3.03715E-05
  3.72000E+03  0.00000E+00  1.78375E-20  2.76672E-13  4.88613E-10  3.75597E-08  6.63539E-07  5.19005E-06  2.45810E-05
  3.76000E+03  0.00000E+00  7.73142E-21  1.64867E-13  3.32972E-10  2.74845E-08  5.06586E-07  4.07187E-06  1.96457E-05
  3.80000E+03  0.00000E+00  3.32378E-21  9.75980E-14  2.24886E-10  1.98682E-08  3.80960E-07  3.13935E-06  1.54015E-05
  3.84000E+03  0.00000E+00  1.41659E-21  5.71821E-14  1.49446E-10  1.40551E-08  2.79193E-07  2.35157E-06  1.17046E-05
  3.88000E+03  0.00000E+00  5.96875E-22  3.27775E-14  9.60307E-11  9.53415E-09  1.95105E-07  1.67326E-06  8.42714E-06
  3.92000E+03  0.00000E+00  2.44487E-22  1.76996E-14  5.69532E-11  5.89918E-09  1.23485E-07  1.07346E-06  5.45377E-06
  3.96000E+03  0.00000E+00  8.70464E-23  7.72567E-15  2.64671E-11  2.81694E-09  5.98105E-08  5.24314E-07  2.67817E-06
  4.00000E+03  0.00000E+00  0.00000E+00  0.00000E+00  0.00000E+00  0.00000E+00  0.00000E+00  0.00000E+00  0.00000E+00
