 Depth 10 30 50 70 90 110 130 150
  0.00000E+00  7.04610E-02  3.47920E-01  6.94643E-01  1.07758E+00  1.48405E+00  1.90746E+00  2.34384E+00  2.79058E+00
  4.00000E+01  5.16807E-02  2.93389E-01  6.10420E-01  9.67469E-01  1.35068E+00  1.75279E+00  2.16941E+00  2.59763E+00
  8.00000E+01  3.73487E-02  2.46189E-01  5.34831E-01  8.66788E-01  1.22730E+00  1.60853E+00  2.00571E+00  2.41567E+00
  1.20000E+02  2.65821E-02  2.05548E-01  4.67201E-01  7.74934E-01  1.11335E+00  1.47415E+00  1.85226E+00  2.24425E+00
  1.60000E+02  1.86242E-02  1.70740E-01  4.06886E-01  6.91323E-01  1.00830E+00  1.34917E+00  1.70859E+00  2.08294E+00
  2.00000E+02  1.28396E-02  1.41090E-01  3.53266E-01  6.15388E-01  9.11618E-01  1.23309E+00  1.57424E+00  1.93128E+00
  2.40000E+02  8.70627E-03  1.15972E-01  3.05756E-01  5.46584E-01  8.22804E-01  1.12543E+00  1.44875E+00  1.78887E+00
  2.80000E+02  5.80427E-03  9.48142E-02  2.63797E-01  4.84389E-01  7.41363E-01  1.02574E+00  1.33170E+00  1.65526E+00
  3.20000E+02  3.80304E-03  7.70931E-02  2.26867E-01  4.28300E-01  6.66819E-01  9.33547E-01  1.22265E+00  1.53007E+00
  3.60000E+02  2.44809E-03  6.23368E-02  1.94473E-01  3.77840E-01  5.98715E-01  8.48430E-01  1.12118E+00  1.41288E+00
  4.00000E+02  1.54768E-03  5.01216E-02  1.66156E-01  3.32554E-01  5.36610E-01  7.69962E-01  1.02689E+00  1.30330E+00
  4.40000E+02  9.60624E-04  4.00702E-02  1.41490E-01  2.92012E-01  4.80084E-01  6.97734E-01  9.39374E-01  1.20095E+00
  4.80000E+02  5.85201E-04  3.18493E-02  1.20080E-01  2.55806E-01  4.28733E-01  6.31352E-01  8.58258E-01  1.10547E+00
  5.20000E+02  3.49789E-04  2.51668E-02  1.01562E-01  2.23555E-01  3.82174E-01  5.70439E-01  7.83172E-01  1.01649E+00
  5.60000E+02  2.05085E-04  1.97686E-02  8.56044E-02  1.94899E-01  3.40042E-01  5.14632E-01  7.13759E-01  9.33663E-01
  6.00000E+02  1.17915E-04  1.54351E-02  7.19029E-02  1.69502E-01  3.01990E-01  4.63585E-01  6.49675E-01  8.56653E-01
  6.40000E+02  6.64662E-05  1.19784E-02  6.01819E-02  1.47053E-01  2.67692E-01  4.16966E-01  5.90592E-01  7.85135E-01
  6.80000E+02  3.67218E-05  9.23879E-03  5.01927E-02  1.27260E-01  2.36839E-01  3.74461E-01  5.36193E-01  7.18793E-01
  7.20000E+02  1.98810E-05  7.08160E-03  4.17115E-02  1.09856E-01  2.09141E-01  3.35768E-01  4.86175E-01  6.57326E-01
  7.60000E+02  1.05450E-05  5.39410E-03  3.45378E-02  9.45931E-02  1.84326E-01  3.00605E-01  4.40248E-01  6.00442E-01
  8.00000E+02  5.47841E-06  4.08274E-03  2.84935E-02  8.12431E-02  1.62139E-01  2.68702E-01  3.98136E-01  5.47862E-01
  8.40000E+02  2.78728E-06  3.07046E-03  2.34203E-02  6.95982E-02  1.42343E-01  2.39806E-01  3.59576E-01  4.99320E-01
  8.80000E+02  1.38848E-06  2.29430E-03  1.91789E-02  5.94681E-02  1.24718E-01  2.13676E-01  3.24318E-01  4.54559E-01
  9.20000E+02  6.77103E-07  1.70321E-03  1.56468E-02  5.06800E-02  1.09057E-01  1.90087E-01  2.92126E-01  4.13334E-01
  9.60000E+02  3.23182E-07  1.25612E-03  1.27170E-02  4.30771E-02  9.51720E-02  1.68830E-01  2.62773E-01  3.75413E-01
  1.00000E+03  1.50955E-07  9.20275E-04  1.02964E-02  3.65179E-02  8.28871E-02  1.49706E-01  2.36049E-01  3.40573E-01
  1.04000E+03  6.89893E-08  6.69741E-04  8.30464E-03  3.08750E-02  7.20412E-02  1.32531E-01  2.11753E-01  3.08605E-01
  1.08000E+03  3.08452E-08  4.84147E-04  6.67230E-03  2.60339E-02  6.24864E-02  1.17133E-01  1.89696E-01  2.79308E-01
  1.12000E+03  1.34896E-08  3.47623E-04  5.33997E-03  2.18926E-02  5.40873E-02  1.03353E-01  1.69702E-01  2.52492E-01
  1.16000E+03  5.76968E-09  2.47902E-04  4.25696E-03  1.83600E-02  4.67201E-02  9.10412E-02  1.51603E-01  2.27978E-01
  1.20000E+03  2.41317E-09  1.75580E-04  3.38022E-03  1.53553E-02  4.02722E-02  8.00618E-02  1.35245E-01  2.05597E-01
  1.24000E+03  9.86842E-10  1.23501E-04  2.67342E-03  1.28069E-02  3.46414E-02  7.02875E-02  1.20482E-01  1.85189E-01
  1.28000E+03  3.94525E-10  8.62684E-05  2.10597E-03  1.06519E-02  2.97350E-02  6.16018E-02  1.07178E-01  1.66605E-01
  1.32000E+03  1.54174E-10  5.98414E-05  1.65231E-03  8.83478E-03  2.54693E-02  5.38971E-02  9.52076E-02  1.49703E-01
  1.36000E+03  5.88846E-11  4.12194E-05  1.29115E-03  7.30712E-03  2.17690E-02  4.70751E-02  8.44529E-02  1.34350E-01
  1.40000E+03  2.19783E-11  2.81928E-05  1.00484E-03  6.02657E-03  1.85663E-02  4.10457E-02  7.48051E-02  1.20423E-01
  1.44000E+03  8.01557E-12  1.91466E-05  7.78823E-04  4.95636E-03  1.58007E-02  3.57263E-02  6.61635E-02  1.07806E-01
  1.48000E+03  2.85607E-12  1.29108E-05  6.01172E-04  4.06458E-03  1.34178E-02  3.10421E-02  5.84350E-02  9.63907E-02
  1.52000E+03  9.94131E-13  8.64371E-06  4.62130E-04  3.32371E-03  1.13695E-02  2.69247E-02  5.15338E-02  8.60762E-02
  1.56000E+03  3.37993E-13  5.74545E-06  3.53776E-04  2.71006E-03  9.61271E-03  2.33123E-02  4.53808E-02  7.67687E-02
  1.60000E+03  1.12230E-13  3.79149E-06  2.69701E-04  2.20332E-03  8.10951E-03  2.01489E-02  3.99035E-02  6.83811E-02
  1.64000E+03  3.63908E-14  2.48396E-06  2.04747E-04  1.78613E-03  6.82623E-03  1.73837E-02  3.50352E-02  6.08325E-02
  1.68000E+03  1.15214E-14  1.61553E-06  1.54784E-04  1.44370E-03  5.73325E-03  1.49712E-02  3.07150E-02  5.40482E-02
  1.72000E+03  3.56117E-15  1.04305E-06  1.16519E-04  1.16350E-03  4.80453E-03  1.28703E-02  2.68872E-02  4.79589E-02
  1.76000E+03  1.07449E-15  6.68515E-07  8.73433E-05  9.34927E-04  4.01722E-03  1.10443E-02  2.35010E-02  4.25009E-02
  1.80000E+03  3.16430E-16  4.25319E-07  6.51944E-05  7.49033E-04  3.35136E-03  9.46024E-03  2.05103E-02  3.76154E-02
  1.84000E+03  9.09415E-17  2.68601E-07  4.84545E-05  5.98320E-04  2.78954E-03  8.08862E-03  1.78730E-02  3.32483E-02
  1.88000E+03  2.55034E-17  1.68374E-07  3.58587E-05  4.76507E-04  2.31663E-03  6.90323E-03  1.55511E-02  2.93499E-02
  1.92000E+03  6.97793E-18  1.04764E-07  2.64230E-05  3.78359E-04  1.91951E-03  5.88076E-03  1.35101E-02  2.58746E-02
  1.96000E+03  1.86246E-18  6.47002E-08  1.93862E-05  2.99525E-04  1.58683E-03  5.00051E-03  1.17190E-02  2.27809E-02
  2.00000E+03  4.84861E-19  3.96593E-08  1.41619E-05  2.36401E-04  1.30879E-03  4.24416E-03  1.01497E-02  2.00306E-02
  2.04000E+03  1.23099E-19  2.41280E-08  1.03005E-05  1.86016E-04  1.07698E-03  3.59553E-03  8.77693E-03  1.75891E-02
  2.08000E+03  3.04742E-20  1.45689E-08  7.45926E-06  1.45925E-04  8.84172E-04  3.04036E-03  7.57804E-03  1.54246E-02
  2.12000E+03  7.35499E-21  8.73071E-09  5.37814E-06  1.14127E-04  7.24199E-04  2.56610E-03  6.53272E-03  1.35085E-02
  2.16000E+03  1.73035E-21  5.19257E-09  3.86065E-06  8.89841E-05  5.91787E-04  2.16176E-03  5.62279E-03  1.18145E-02
  2.20000E+03  3.96751E-22  3.06490E-09  2.75914E-06  6.91680E-05  4.82455E-04  1.81771E-03  4.83200E-03  1.03191E-02
  2.24000E+03  8.86452E-23  1.79533E-09  1.96321E-06  5.35993E-05  3.92399E-04  1.52553E-03  4.14589E-03  9.00080E-03
  2.28000E+03  1.92961E-23  1.04365E-09  1.39071E-06  4.14068E-05  3.18402E-04  1.27789E-03  3.55158E-03  7.84031E-03
  2.32000E+03  4.09148E-24  6.02068E-10  9.80783E-07  3.18888E-05  2.57749E-04  1.06841E-03  3.03764E-03  6.82018E-03
  2.36000E+03  8.44896E-25  3.44671E-10  6.88612E-07  2.44824E-05  2.08156E-04  8.91573E-04  2.59394E-03  5.92470E-03
  2.40000E+03  1.69883E-25  1.95806E-10  4.81322E-07  1.87378E-05  1.67706E-04  7.42580E-04  2.21152E-03  5.13977E-03
  2.44000E+03  3.32531E-26  1.10383E-10  3.34927E-07  1.42963E-05  1.34794E-04  6.17299E-04  1.88245E-03  4.45272E-03
  2.48000E+03  6.33508E-27  6.17484E-11  2.32015E-07  1.08734E-05  1.08082E-04  5.12167E-04  1.59978E-03  3.85221E-03
  2.52000E+03  1.17439E-27  3.42760E-11  1.60002E-07  8.24416E-06  8.64566E-05  4.24121E-04  1.35737E-03  3.32809E-03
  2.56000E+03  2.11793E-28  1.88795E-11  1.09844E-07  6.23099E-06  6.89916E-05  3.50531E-04  1.14983E-03  2.87130E-03
  2.60000E+03  3.71483E-29  1.03185E-11  7.50691E-08  4.69458E-06  5.49222E-05  2.89148E-04  9.72444E-04  2.47378E-03
  2.64000E+03  6.33555E-30  5.59584E-12  5.10716E-08  3.52583E-06  4.36163E-05  2.38050E-04  8.21089E-04  2.12833E-03
  2.68000E+03  1.05034E-30  3.01113E-12  3.45879E-08  2.63966E-06  3.45539E-05  1.95599E-04  6.92162E-04  1.82856E-03
  2.72000E+03  1.69221E-31  1.60769E-12  2.33181E-08  1.96994E-06  2.73081E-05  1.60405E-04  5.82527E-04  1.56882E-03
  2.76000E+03  2.64867E-32  8.51684E-13  1.56488E-08  1.46545E-06  2.15292E-05  1.31285E-04  4.89455E-04  1.34409E-03
  2.80000E+03  4.02640E-33  4.47665E-13  1.04540E-08  1.08669E-06  1.69318E-05  1.07240E-04  4.10578E-04  1.14993E-03
  2.84000E+03  5.94266E-34  2.33464E-13  6.95184E-09  8.03243E-07  1.32836E-05  8.74268E-05  3.43846E-04  9.82427E-04
  2.88000E+03  8.51277E-35  1.20801E-13  4.60174E-09  5.91828E-07  1.03959E-05  7.11332E-05  2.87484E-04  8.38138E-04
  2.92000E+03  1.18313E-35  6.20162E-14  3.03214E-09  4.34658E-07  8.11601E-06  5.77617E-05  2.39964E-04  7.14027E-04
  2.96000E+03  1.59480E-36  3.15875E-14  1.98874E-09  3.18200E-07  6.32052E-06  4.68107E-05  1.99966E-04  6.07428E-04
  3.00000E+03  2.08409E-37  1.59623E-14  1.29839E-09  2.32194E-07  4.91010E-06  3.78604E-05  1.66359E-04  5.16006E-04
  3.04000E+03  2.63929E-38  8.00276E-15  8.43768E-10  1.68887E-07  3.80500E-06  3.05604E-05  1.38169E-04  4.37714E-04
  3.08000E+03  3.23765E-39  3.98057E-15  5.45800E-10  1.22444E-07  2.94131E-06  2.46186E-05  1.14563E-04  3.70767E-04
  3.12000E+03  3.84543E-40  1.96430E-15  3.51423E-10  8.84841E-08  2.26803E-06  1.97924E-05  9.48316E-05  3.13604E-04
  3.16000E+03  4.42012E-41  9.61655E-16  2.25223E-10  6.37356E-08  1.74452E-06  1.58804E-05  7.83660E-05  2.64867E-04
  3.20000E+03  4.91435E-42  4.67065E-16  1.43673E-10  4.57598E-08  1.33851E-06  1.27159E-05  6.46496E-05  2.23374E-04
  3.24000E+03  5.28290E-43  2.25049E-16  9.12256E-11  3.27468E-08  1.02443E-06  1.01614E-05  5.32429E-05  1.88099E-04
  3.28000E+03  5.46506E-44  1.07575E-16  5.76545E-11  2.33579E-08  7.82080E-07  8.10362E-06  4.37733E-05  1.58153E-04
  3.32000E+03  4.20390E-45  5.10130E-17  3.62678E-11  1.66065E-08  5.95568E-07  6.44936E-06  3.59250E-05  1.32766E-04
  3.36000E+03  0.00000E+00  2.39981E-17  2.27081E-11  1.17678E-08  4.52395E-07  5.12222E-06  2.94312E-05  1.11272E-04
  3.40000E+03  0.00000E+00  1.11994E-17  1.41516E-11  8.31166E-09  3.42771E-07  4.05968E-06  2.40668E-05  9.30978E-05
  3.44000E+03  0.00000E+00  5.18483E-18  8.77797E-12  5.85126E-09  2.59049E-07  3.21067E-06  1.96423E-05  7.77471E-05
  3.48000E+03  0.00000E+00  2.38115E-18  5.41932E-12  4.10559E-09  1.95272E-07  2.53361E-06  1.59981E-05  6.47940E-05
  3.52000E+03  0.00000E+00  1.08480E-18  3.33007E-12  2.87118E-09  1.46809E-07  1.99466E-06  1.30003E-05  5.38714E-05
  3.56000E+03  0.00000E+00  4.90253E-19  2.03666E-12  2.00120E-09  1.10071E-07  1.56635E-06  1.05367E-05  4.46642E-05
  3.60000E+03  0.00000E+00  2.19782E-19  1.23975E-12  1.39008E-09  8.22859E-08  1.22644E-06  8.51312E-06  3.69011E-05
  3.64000E+03  0.00000E+00  9.77375E-20  7.51084E-13  9.62165E-10  6.13133E-08  9.56923E-07  6.85078E-06  3.03491E-05
  3.68000E+03  0.00000E+00  4.31146E-20  4.52859E-13  6.63435E-10  4.55065E-08  7.43238E-07  5.48361E-06  2.48074E-05
  3.72000E+03  0.00000E+00  1.88658E-20  2.71701E-13  4.55419E-10  3.36000E-08  5.73610E-07  4.35617E-06  2.01026E-05
  3.76000E+03  0.00000E+00  8.18853E-21  1.62141E-13  3.10798E-10  2.46209E-08  4.38500E-07  3.42182E-06  1.60846E-05
  3.80000E+03  0.00000E+00  3.52514E-21  9.61208E-14  2.10197E-10  1.78210E-08  3.30150E-07  2.64105E-06  1.26225E-05
  3.84000E+03  0.00000E+00  1.50444E-21  5.63932E-14  1.39861E-10  1.26214E-08  2.42207E-07  1.98018E-06  9.60086E-06
  3.88000E+03  0.00000E+00  6.34727E-22  3.23656E-14  8.99704E-11  8.56985E-09  1.69404E-07  1.41008E-06  6.91728E-06
  3.92000E+03  0.00000E+00  2.60308E-22  1.74953E-14  5.34052E-11  5.30644E-09  1.07288E-07  9.05133E-07  4.47891E-06
  3.96000E+03  0.00000E+00  9.27664E-23  7.64194E-15  2.48321E-11  2.53507E-09  5.19858E-08  4.42253E-07  2.20014E-06
  4.00000E+03  0.00000E+00  0.00000E+00  0.00000E+00  0.00000E+00  0.00000E+00  0.00000E+00  0.00000E+00  0.00000E+00
