 Depth 10 30 50 70 90 110 130 150
  0.00000E+00  7.98314E-02  4.35973E-01  9.21274E-01  1.48678E+00  2.11026E+00  2.77881E+00  3.48398E+00  4.21979E+00
  4.00000E+01  5.82163E-02  3.65822E-01  8.06094E-01  1.32975E+00  1.91398E+00  2.54541E+00  3.21526E+00  3.91730E+00
  8.00000E+01  4.18397E-02  3.05477E-01  7.03272E-01  1.18685E+00  1.73316E+00  2.32855E+00  2.96397E+00  3.63299E+00
  1.20000E+02  2.96213E-02  2.53832E-01  6.11763E-01  1.05709E+00  1.56688E+00  2.12733E+00  2.72924E+00  3.36604E+00
  1.60000E+02  2.06489E-02  2.09860E-01  5.30573E-01  9.39520E-01  1.41422E+00  1.94089E+00  2.51026E+00  3.11564E+00
  2.00000E+02  1.41670E-02  1.72620E-01  4.58766E-01  8.33231E-01  1.27430E+00  1.76839E+00  2.30620E+00  2.88101E+00
  2.40000E+02  9.56234E-03  1.41252E-01  3.95459E-01  7.37361E-01  1.14630E+00  1.60901E+00  2.11628E+00  2.66138E+00
  2.80000E+02  6.34718E-03  1.14973E-01  3.39827E-01  6.51085E-01  1.02941E+00  1.46197E+00  1.93973E+00  2.45602E+00
  3.20000E+02  4.14151E-03  9.30811E-02  2.91101E-01  5.73624E-01  9.22844E-01  1.32651E+00  1.77582E+00  2.26421E+00
  3.60000E+02  2.65544E-03  7.49470E-02  2.48565E-01  5.04242E-01  8.25876E-01  1.20190E+00  1.62383E+00  2.08523E+00
  4.00000E+02  1.67248E-03  6.00120E-02  2.11558E-01  4.42242E-01  7.37801E-01  1.08745E+00  1.48307E+00  1.91841E+00
  4.40000E+02  1.03439E-03  4.77836E-02  1.79471E-01  3.86973E-01  6.57952E-01  9.82481E-01  1.35287E+00  1.76311E+00
  4.80000E+02  6.28010E-04  3.78305E-02  1.51746E-01  3.37824E-01  5.85696E-01  8.86358E-01  1.23260E+00  1.61867E+00
  5.20000E+02  3.74174E-04  2.97779E-02  1.27874E-01  2.94224E-01  5.20434E-01  7.98471E-01  1.12164E+00  1.48449E+00
  5.60000E+02  2.18715E-04  2.33026E-02  1.07393E-01  2.55644E-01  4.61603E-01  7.18237E-01  1.01941E+00  1.35999E+00
  6.00000E+02  1.25389E-04  1.81275E-02  8.98831E-02  2.21590E-01  4.08669E-01  6.45104E-01  9.25336E-01  1.24458E+00
  6.40000E+02  7.04856E-05  1.40174E-02  7.49677E-02  1.91607E-01  3.61135E-01  5.78549E-01  8.38888E-01  1.13774E+00
  6.80000E+02  3.88414E-05  1.07737E-02  6.23088E-02  1.65277E-01  3.18533E-01  5.18075E-01  7.59553E-01  1.03893E+00
  7.20000E+02  2.09767E-05  8.22992E-03  5.16047E-02  1.42214E-01  2.80427E-01  4.63216E-01  6.86842E-01  9.47667E-01
  7.60000E+02  1.11001E-05  6.24792E-03  4.25871E-02  1.22065E-01  2.46410E-01  4.13530E-01  6.20293E-01  8.63462E-01
  8.00000E+02  5.75407E-06  4.71364E-03  3.50188E-02  1.04508E-01  2.16105E-01  3.68602E-01  5.59465E-01  7.85862E-01
  8.40000E+02  2.92137E-06  3.53372E-03  2.86910E-02  8.92505E-02  1.89161E-01  3.28043E-01  5.03945E-01  7.14435E-01
  8.80000E+02  1.45237E-06  2.63230E-03  2.34205E-02  7.60261E-02  1.65254E-01  2.91489E-01  4.53337E-01  6.48767E-01
  9.20000E+02  7.06915E-07  1.94825E-03  1.90477E-02  6.45948E-02  1.44086E-01  2.58598E-01  4.07272E-01  5.88465E-01
  9.60000E+02  3.36804E-07  1.43263E-03  1.54336E-02  5.47403E-02  1.25381E-01  2.29054E-01  3.65401E-01  5.33159E-01
  1.00000E+03  1.57048E-07  1.04659E-03  1.24583E-02  4.62682E-02  1.08887E-01  2.02559E-01  3.27395E-01  4.82494E-01
  1.04000E+03  7.16571E-08  7.59551E-04  1.00186E-02  3.90046E-02  9.43737E-02  1.78840E-01  2.92946E-01  4.36139E-01
  1.08000E+03  3.19883E-08  5.47581E-04  8.02597E-03  3.27943E-02  8.16299E-02  1.57642E-01  2.61766E-01  3.93778E-01
  1.12000E+03  1.39689E-08  3.92130E-04  6.40499E-03  2.74994E-02  7.04636E-02  1.38729E-01  2.33586E-01  3.55115E-01
  1.16000E+03  5.96632E-09  2.78922E-04  5.09165E-03  2.29975E-02  6.07005E-02  1.21885E-01  2.08152E-01  3.19871E-01
  1.20000E+03  2.49208E-09  1.97054E-04  4.03187E-03  1.91808E-02  5.21826E-02  1.06909E-01  1.85232E-01  2.87783E-01
  1.24000E+03  1.01782E-09  1.38268E-04  3.18017E-03  1.59540E-02  4.47672E-02  9.36161E-02  1.64606E-01  2.58605E-01
  1.28000E+03  4.06415E-10  9.63534E-05  2.49851E-03  1.32337E-02  3.83256E-02  8.18391E-02  1.46072E-01  2.32108E-01
  1.32000E+03  1.58637E-10  6.66820E-05  1.95518E-03  1.09471E-02  3.27422E-02  7.14231E-02  1.29443E-01  2.08074E-01
  1.36000E+03  6.05223E-11  4.58276E-05  1.52390E-03  9.03058E-03  2.79133E-02  6.22273E-02  1.14545E-01  1.86303E-01
  1.40000E+03  2.25658E-11  3.12756E-05  1.18299E-03  7.42883E-03  2.37462E-02  5.41230E-02  1.01217E-01  1.66607E-01
  1.44000E+03  8.22156E-12  2.11948E-05  9.14640E-04  6.09408E-03  2.01582E-02  4.69936E-02  8.93126E-02  1.48810E-01
  1.48000E+03  2.92665E-12  1.42620E-05  7.04296E-04  4.98509E-03  1.70757E-02  4.07331E-02  7.86949E-02  1.32751E-01
  1.52000E+03  1.01777E-12  9.52893E-06  5.40116E-04  4.06638E-03  1.44334E-02  3.52456E-02  6.92394E-02  1.18279E-01
  1.56000E+03  3.45725E-13  6.32130E-06  4.12510E-04  3.30755E-03  1.21736E-02  3.04443E-02  6.08316E-02  1.05254E-01
  1.60000E+03  1.14701E-13  4.16344E-06  3.13756E-04  2.68264E-03  1.02453E-02  2.62510E-02  5.33669E-02  9.35459E-02
  1.64000E+03  3.71620E-14  2.72250E-06  2.37655E-04  2.16955E-03  8.60365E-03  2.25956E-02  4.67496E-02  8.30361E-02
  1.68000E+03  1.17565E-14  1.76742E-06  1.79265E-04  1.74953E-03  7.20915E-03  1.94149E-02  4.08926E-02  7.36142E-02
  1.72000E+03  3.63117E-15  1.13908E-06  1.34656E-04  1.40674E-03  6.02736E-03  1.66523E-02  3.57165E-02  6.51788E-02
  1.76000E+03  1.09483E-15  7.28790E-07  1.00723E-04  1.12782E-03  5.02814E-03  1.42574E-02  3.11492E-02  5.76367E-02
  1.80000E+03  3.22203E-16  4.62879E-07  7.50243E-05  9.01560E-04  4.18524E-03  1.21851E-02  2.71255E-02  5.09022E-02
  1.84000E+03  9.25403E-17  2.91837E-07  5.56460E-05  7.18575E-04  3.47586E-03  1.03953E-02  2.35862E-02  4.48970E-02
  1.88000E+03  2.59355E-17  1.82645E-07  4.10978E-05  5.71041E-04  2.88023E-03  8.85244E-03  2.04778E-02  3.95493E-02
  1.92000E+03  7.09191E-18  1.13464E-07  3.02237E-05  4.52454E-04  2.38130E-03  7.52488E-03  1.77523E-02  3.47935E-02
  1.96000E+03  1.89179E-18  6.99657E-08  2.21317E-05  3.57428E-04  1.96434E-03  6.38477E-03  1.53661E-02  3.05699E-02
  2.00000E+03  4.92224E-19  4.28227E-08  1.61367E-05  2.81517E-04  1.61670E-03  5.40752E-03  1.32805E-02  2.68240E-02
  2.04000E+03  1.24902E-19  2.60146E-08  1.17149E-05  2.21064E-04  1.32756E-03  4.57144E-03  1.14603E-02  2.35063E-02
  2.08000E+03  3.09046E-20  1.56856E-08  8.46796E-06  1.73071E-04  1.08763E-03  3.85753E-03  9.87451E-03  2.05719E-02
  2.12000E+03  7.45520E-21  9.38687E-09  6.09442E-06  1.35089E-04  8.89021E-04  3.24909E-03  8.49502E-03  1.79801E-02
  2.16000E+03  1.75310E-21  5.57526E-09  4.36708E-06  1.05123E-04  7.25002E-04  2.73155E-03  7.29694E-03  1.56941E-02
  2.20000E+03  4.01781E-22  3.28643E-09  3.11566E-06  8.15553E-05  5.89876E-04  2.29217E-03  6.25812E-03  1.36805E-02
  2.24000E+03  8.97295E-23  1.92261E-09  2.21311E-06  6.30787E-05  4.78820E-04  1.91988E-03  5.35883E-03  1.19094E-02
  2.28000E+03  1.95238E-23  1.11623E-09  1.56510E-06  4.86388E-05  3.87768E-04  1.60505E-03  4.58160E-03  1.03537E-02
  2.32000E+03  4.13807E-24  6.43147E-10  1.10196E-06  3.73895E-05  3.13296E-04  1.33932E-03  3.91096E-03  8.98917E-03
  2.36000E+03  8.54178E-25  3.67746E-10  7.72444E-07  2.86535E-05  2.52534E-04  1.11547E-03  3.33323E-03  7.79396E-03
  2.40000E+03  1.71684E-25  2.08670E-10  5.39062E-07  2.18909E-05  2.03077E-04  9.27284E-04  2.83637E-03  6.74854E-03
  2.44000E+03  3.35931E-26  1.17500E-10  3.74523E-07  1.66726E-05  1.62921E-04  7.69382E-04  2.40975E-03  5.83543E-03
  2.48000E+03  6.39758E-27  6.56562E-11  2.59047E-07  1.26588E-05  1.30396E-04  6.37152E-04  2.04405E-03  5.03902E-03
  2.52000E+03  1.18557E-27  3.64054E-11  1.78376E-07  9.58142E-06  1.04116E-04  5.26641E-04  1.73108E-03  4.34536E-03
  2.56000E+03  2.13737E-28  2.00310E-11  1.22277E-07  7.22951E-06  8.29353E-05  4.34464E-04  1.46369E-03  3.74207E-03
  2.60000E+03  3.74773E-29  1.09365E-11  8.34456E-08  5.43785E-06  6.59056E-05  3.57732E-04  1.23562E-03  3.21812E-03
  2.64000E+03  6.38967E-30  5.92492E-12  5.66896E-08  4.07737E-06  5.22474E-05  2.93985E-04  1.04142E-03  2.76372E-03
  2.68000E+03  1.05899E-30  3.18504E-12  3.83391E-08  3.04766E-06  4.13204E-05  2.41130E-04  8.76318E-04  2.37021E-03
  2.72000E+03  1.70565E-31  1.69889E-12  2.58116E-08  2.27081E-06  3.26000E-05  1.97396E-04  7.36202E-04  2.02992E-03
  2.76000E+03  2.66896E-32  8.99143E-13  1.72988E-08  1.68663E-06  2.56580E-05  1.61279E-04  6.17487E-04  1.73607E-03
  2.80000E+03  4.05613E-33  4.72171E-13  1.15410E-08  1.24877E-06  2.01454E-05  1.31515E-04  5.17074E-04  1.48269E-03
  2.84000E+03  5.98494E-34  2.46020E-13  7.66470E-09  9.21646E-07  1.57789E-05  1.07034E-04  4.32284E-04  1.26453E-03
  2.88000E+03  8.57113E-35  1.27186E-13  5.06714E-09  6.78049E-07  1.23287E-05  8.69395E-05  3.60808E-04  1.07696E-03
  2.92000E+03  1.19095E-35  6.52371E-14  3.33461E-09  4.97246E-07  9.60955E-06  7.04792E-05  3.00657E-04  9.15919E-04
  2.96000E+03  1.60494E-36  3.31998E-14  2.18442E-09  3.63490E-07  7.47182E-06  5.70229E-05  2.50122E-04  7.77864E-04
  3.00000E+03  2.09686E-37  1.67631E-14  1.42441E-09  2.64862E-07  5.79543E-06  4.60449E-05  2.07739E-04  6.59685E-04
  3.04000E+03  2.65485E-38  8.39743E-15  9.24565E-10  1.92376E-07  4.48414E-06  3.71069E-05  1.72253E-04  5.58666E-04
  3.08000E+03  3.25601E-39  4.17356E-15  5.97363E-10  1.39279E-07  3.46103E-06  2.98446E-05  1.42591E-04  4.72442E-04
  3.12000E+03  3.86641E-40  2.05793E-15  3.84181E-10  1.00512E-07  2.66477E-06  2.39560E-05  1.17842E-04  3.98952E-04
  3.16000E+03  4.44310E-41  1.00673E-15  2.45938E-10  7.23012E-08  2.04664E-06  1.91910E-05  9.72250E-05  3.36407E-04
  3.20000E+03  4.93818E-42  4.88591E-16  1.56713E-10  5.18403E-08  1.56801E-06  1.53431E-05  8.00807E-05  2.83253E-04
  3.24000E+03  5.31092E-43  2.35249E-16  9.93967E-11  3.70493E-08  1.19833E-06  1.22421E-05  6.58480E-05  2.38145E-04
  3.28000E+03  5.46506E-44  1.12371E-16  6.27511E-11  2.63926E-08  9.13535E-07  9.74824E-06  5.40525E-05  1.99918E-04
  3.32000E+03  4.20390E-45  5.32499E-17  3.94322E-11  1.87400E-08  6.94690E-07  7.74666E-06  4.42931E-05  1.67567E-04
  3.36000E+03  0.00000E+00  2.50333E-17  2.46637E-11  1.32630E-08  5.26951E-07  6.14348E-06  3.62317E-05  1.40225E-04
  3.40000E+03  0.00000E+00  1.16747E-17  1.53546E-11  9.35603E-09  3.98710E-07  4.86199E-06  2.95835E-05  1.17145E-04
  3.44000E+03  0.00000E+00  5.40130E-18  9.51462E-12  6.57840E-09  3.00915E-07  3.83966E-06  2.41090E-05  9.76837E-05
  3.48000E+03  0.00000E+00  2.47897E-18  5.86831E-12  4.61022E-09  2.26526E-07  3.02565E-06  1.96076E-05  8.12904E-05
  3.52000E+03  0.00000E+00  1.12866E-18  3.60246E-12  3.22025E-09  1.70080E-07  2.37870E-06  1.59107E-05  6.74907E-05
  3.56000E+03  0.00000E+00  5.09756E-19  2.20114E-12  2.24187E-09  1.27353E-07  1.86536E-06  1.28776E-05  5.58783E-05
  3.60000E+03  0.00000E+00  2.28387E-19  1.33861E-12  1.55545E-09  9.50831E-08  1.45861E-06  1.03903E-05  4.61043E-05
  3.64000E+03  0.00000E+00  1.01504E-19  8.10231E-13  1.07541E-09  7.07598E-08  1.13658E-06  8.35048E-06  3.78696E-05
  3.68000E+03  0.00000E+00  4.47501E-20  4.88077E-13  7.40692E-10  5.24536E-08  8.81669E-07  6.67567E-06  3.09170E-05
  3.72000E+03  0.00000E+00  1.95703E-20  2.92570E-13  5.07900E-10  3.86838E-08  6.79632E-07  5.29691E-06  2.50252E-05
  3.76000E+03  0.00000E+00  8.48957E-21  1.74442E-13  3.46251E-10  2.83145E-08  5.18968E-07  4.15626E-06  2.00026E-05
  3.80000E+03  0.00000E+00  3.65273E-21  1.03326E-13  2.33941E-10  2.04733E-08  3.90337E-07  3.20479E-06  1.56827E-05
  3.84000E+03  0.00000E+00  1.55807E-21  6.05715E-14  1.55518E-10  1.44864E-08  2.86108E-07  2.40084E-06  1.19192E-05
  3.88000E+03  0.00000E+00  6.57011E-22  3.47381E-14  9.99629E-11  9.82855E-09  1.99962E-07  1.70846E-06  8.58217E-06
  3.92000E+03  0.00000E+00  2.69320E-22  1.87663E-14  5.92996E-11  6.08221E-09  1.26571E-07  1.09611E-06  5.55435E-06
  3.96000E+03  0.00000E+00  9.59430E-23  8.19371E-15  2.75618E-11  2.90460E-09  6.13086E-08  5.35398E-07  2.72764E-06
  4.00000E+03  0.00000E+00  0.00000E+00  0.00000E+00  0.00000E+00  0.00000E+00  0.00000E+00  0.00000E+00  0.00000E+00
