 Depth 10 30 50 70 90 110 130 150
  0.00000E+00  1.39974E-01  7.94425E-01  1.64486E+00  2.58784E+00  3.58603E+00  4.62155E+00  5.68435E+00  6.76815E+00
  4.00000E+01  4.96355E-02  4.50489E-01  1.07520E+00  1.82057E+00  2.64218E+00  3.51702E+00  4.43156E+00  5.37712E+00
  8.00000E+01  1.56131E-02  2.43306E-01  6.81983E-01  1.25337E+00  1.91426E+00  2.63993E+00  3.41503E+00  4.22935E+00
  1.20000E+02  4.37046E-03  1.25004E-01  4.19361E-01  8.43847E-01  1.36303E+00  1.95373E+00  2.60047E+00  3.29250E+00
  1.60000E+02  1.09383E-03  6.10441E-02  2.49799E-01  5.55263E-01  9.53407E-01  1.42505E+00  1.95612E+00  2.53626E+00
  2.00000E+02  2.46096E-04  2.83214E-02  1.44048E-01  3.56907E-01  6.54834E-01  1.02409E+00  1.45312E+00  1.93274E+00
  2.40000E+02  5.00512E-05  1.24821E-02  8.03742E-02  2.23992E-01  4.41467E-01  7.24858E-01  1.06575E+00  1.45668E+00
  2.80000E+02  9.25220E-06  5.22692E-03  4.33769E-02  1.37202E-01  2.92031E-01  5.05175E-01  7.71509E-01  1.08560E+00
  3.20000E+02  1.56256E-06  2.08050E-03  2.26373E-02  8.19971E-02  1.89493E-01  3.46570E-01  5.51141E-01  7.99842E-01
  3.60000E+02  2.42254E-07  7.87621E-04  1.14222E-02  4.78001E-02  1.20579E-01  2.33989E-01  3.88442E-01  5.82486E-01
  4.00000E+02  3.46306E-08  2.83811E-04  5.57213E-03  2.71746E-02  7.52259E-02  1.55439E-01  2.70051E-01  4.19215E-01
  4.40000E+02  4.58300E-09  9.74281E-05  2.62819E-03  1.50638E-02  4.60041E-02  1.01579E-01  1.85159E-01  2.98118E-01
  4.80000E+02  5.63553E-10  3.18933E-05  1.19871E-03  8.14147E-03  2.75733E-02  6.52907E-02  1.25185E-01  2.09447E-01
  5.20000E+02  6.46045E-11  9.96589E-06  5.28776E-04  4.28985E-03  1.61953E-02  4.12706E-02  8.34465E-02  1.45357E-01
  5.60000E+02  6.92553E-12  2.97571E-06  2.25655E-04  2.20368E-03  9.32087E-03  2.56518E-02  5.48344E-02  9.96367E-02
  6.00000E+02  6.96156E-13  8.49935E-07  9.31892E-05  1.10366E-03  5.25605E-03  1.56760E-02  3.55173E-02  6.74490E-02
  6.40000E+02  6.57842E-14  2.32469E-07  3.72546E-05  5.38924E-04  2.90389E-03  9.41805E-03  2.26739E-02  4.50880E-02
  6.80000E+02  5.85731E-15  6.09522E-08  1.44230E-05  2.56608E-04  1.57184E-03  5.56242E-03  1.42651E-02  2.97602E-02
  7.20000E+02  4.92442E-16  1.53360E-08  5.40960E-06  1.19156E-04  8.33583E-04  3.22940E-03  8.84411E-03  1.93940E-02
  7.60000E+02  3.91683E-17  3.70663E-09  1.96651E-06  5.39675E-05  4.33121E-04  1.84299E-03  5.40306E-03  1.24774E-02
  8.00000E+02  2.95262E-18  8.61432E-10  6.93174E-07  2.38445E-05  2.20501E-04  1.03385E-03  3.25246E-03  7.92468E-03
  8.40000E+02  2.11295E-19  1.92689E-10  2.37028E-07  1.02794E-05  1.09996E-04  5.70064E-04  1.92910E-03  4.96840E-03
  8.80000E+02  1.43758E-20  4.15238E-11  7.86627E-08  4.32476E-06  5.37698E-05  3.08978E-04  1.12734E-03  3.07476E-03
  9.20000E+02  9.31213E-22  8.62839E-12  2.53486E-08  1.77609E-06  2.57596E-05  1.64618E-04  6.49102E-04  1.87824E-03
  9.60000E+02  5.75038E-23  1.73036E-12  7.93521E-09  7.12155E-07  1.20954E-05  8.62156E-05  3.68231E-04  1.13246E-03
  1.00000E+03  3.38919E-24  3.35180E-13  2.41428E-09  2.78868E-07  5.56710E-06  4.43887E-05  2.05817E-04  6.73942E-04
  1.04000E+03  1.90867E-25  6.27635E-14  7.14237E-10  1.06670E-07  2.51201E-06  2.24678E-05  1.13344E-04  3.95860E-04
  1.08000E+03  1.02814E-26  1.13700E-14  2.05553E-10  3.98677E-08  1.11136E-06  1.11808E-05  6.15012E-05  2.29499E-04
  1.12000E+03  5.30238E-28  1.99416E-15  5.75750E-11  1.45627E-08  4.82156E-07  5.47073E-06  3.28810E-05  1.31322E-04
  1.16000E+03  2.62047E-29  3.38857E-16  1.57024E-11  5.20025E-09  2.05156E-07  2.63212E-06  1.73220E-05  7.41681E-05
  1.20000E+03  1.24205E-30  5.58250E-17  4.17170E-12  1.81585E-09  8.56273E-08  1.24534E-06  8.99209E-06  4.13451E-05
  1.24000E+03  5.65052E-32  8.92239E-18  1.08010E-12  6.20194E-10  3.50621E-08  5.79477E-07  4.59992E-06  2.27492E-05
  1.28000E+03  2.46911E-33  1.38436E-18  2.72650E-13  2.07244E-10  1.40874E-08  2.65207E-07  2.31894E-06  1.23553E-05
  1.32000E+03  1.03702E-34  2.08639E-19  6.71305E-14  6.77738E-11  5.55475E-09  1.19393E-07  1.15213E-06  6.62360E-06
  1.36000E+03  4.18898E-36  3.05615E-20  1.61281E-14  2.16961E-11  2.14986E-09  5.28766E-08  5.64171E-07  3.50514E-06
  1.40000E+03  1.62837E-37  4.35339E-21  3.78243E-15  6.80077E-12  8.16849E-10  2.30400E-08  2.72299E-07  1.83105E-06
  1.44000E+03  6.09488E-39  6.03377E-22  8.66268E-16  2.08788E-12  3.04744E-10  9.87834E-09  1.29549E-07  9.44272E-07
  1.48000E+03  2.19766E-40  8.14109E-23  1.93817E-16  6.27968E-13  1.11652E-10  4.16789E-09  6.07588E-08  4.80742E-07
  1.52000E+03  7.63427E-42  1.06985E-23  4.23791E-17  1.85083E-13  4.01797E-11  1.73073E-09  2.80931E-08  2.41638E-07
  1.56000E+03  2.57839E-43  1.37000E-24  9.05917E-18  5.34695E-14  1.42049E-11  7.07411E-10  1.28067E-08  1.19916E-07
  1.60000E+03  7.00649E-45  1.71030E-25  1.89390E-18  1.51448E-14  4.93437E-12  2.84641E-10  5.75653E-09  5.87581E-08
  1.64000E+03  0.00000E+00  2.08243E-26  3.87350E-19  4.20677E-15  1.68448E-12  1.12760E-10  2.55153E-09  2.84291E-08
  1.68000E+03  0.00000E+00  2.47399E-27  7.75313E-20  1.14622E-15  5.65220E-13  4.39848E-11  1.11530E-09  1.35826E-08
  1.72000E+03  0.00000E+00  2.86904E-28  1.51921E-20  3.06427E-16  1.86449E-13  1.68961E-11  4.80811E-10  6.40850E-09
  1.76000E+03  0.00000E+00  3.24904E-29  2.91515E-21  8.03953E-17  6.04740E-14  6.39242E-12  2.04448E-10  2.98611E-09
  1.80000E+03  0.00000E+00  3.59434E-30  5.47954E-22  2.07052E-17  1.92894E-14  2.38226E-12  8.57545E-11  1.37422E-09
  1.84000E+03  0.00000E+00  3.88587E-31  1.00925E-22  5.23568E-18  6.05181E-15  8.74608E-13  3.54840E-11  6.24654E-10
  1.88000E+03  0.00000E+00  4.10692E-32  1.82199E-23  1.30020E-18  1.86784E-15  3.16367E-13  1.44861E-11  2.80465E-10
  1.92000E+03  0.00000E+00  4.24474E-33  3.22488E-24  3.17168E-19  5.67228E-16  1.12765E-13  5.83510E-12  1.24395E-10
  1.96000E+03  0.00000E+00  4.29177E-34  5.59785E-25  7.60159E-20  1.69515E-16  3.96116E-14  2.31935E-12  5.45056E-11
  2.00000E+03  0.00000E+00  4.24630E-35  9.53205E-26  1.79039E-20  4.98616E-17  1.37146E-14  9.09795E-13  2.35951E-11
  2.04000E+03  0.00000E+00  4.11251E-36  1.59266E-26  4.14487E-21  1.44377E-17  4.68071E-15  3.52225E-13  1.00919E-11
  2.08000E+03  0.00000E+00  3.89992E-37  2.61181E-27  9.43373E-22  4.11603E-18  1.57493E-15  1.34597E-13  4.26510E-12
  2.12000E+03  0.00000E+00  3.62226E-38  4.20485E-28  2.11132E-22  1.15551E-18  5.22499E-16  5.07727E-14  1.78121E-12
  2.16000E+03  0.00000E+00  3.29611E-39  6.64744E-29  4.64737E-23  3.19485E-19  1.70937E-16  1.89079E-14  7.35130E-13
  2.20000E+03  0.00000E+00  2.93922E-40  1.03218E-29  1.00630E-23  8.70118E-20  5.51527E-17  6.95212E-15  2.99851E-13
  2.24000E+03  0.00000E+00  2.56872E-41  1.57455E-30  2.14388E-24  2.33465E-20  1.75521E-17  2.52401E-15  1.20884E-13
  2.28000E+03  0.00000E+00  2.19864E-42  2.36021E-31  4.49475E-25  6.17231E-21  5.51026E-18  9.04906E-16  4.81712E-14
  2.32000E+03  0.00000E+00  1.83570E-43  3.47724E-32  9.27514E-26  1.60813E-21  1.70667E-18  3.20402E-16  1.89754E-14
  2.36000E+03  0.00000E+00  1.40130E-44  5.03617E-33  1.88419E-26  4.12955E-22  5.21569E-19  1.12049E-16  7.38942E-15
  2.40000E+03  0.00000E+00  0.00000E+00  7.17197E-34  3.76872E-27  1.04534E-22  1.57292E-19  3.87061E-17  2.84496E-15
  2.44000E+03  0.00000E+00  0.00000E+00  1.00447E-34  7.42342E-28  2.60883E-23  4.68154E-20  1.32084E-17  1.08298E-15
  2.48000E+03  0.00000E+00  0.00000E+00  1.38382E-35  1.44021E-28  6.41990E-24  1.37532E-20  4.45304E-18  4.07639E-16
  2.52000E+03  0.00000E+00  0.00000E+00  1.87564E-36  2.75255E-29  1.55799E-24  3.98841E-21  1.48334E-18  1.51730E-16
  2.56000E+03  0.00000E+00  0.00000E+00  2.50167E-37  5.18321E-30  3.72921E-25  1.14190E-21  4.88251E-19  5.58518E-17
  2.60000E+03  0.00000E+00  0.00000E+00  3.28397E-38  9.61803E-31  8.80518E-26  3.22798E-22  1.58818E-19  2.03332E-17
  2.64000E+03  0.00000E+00  0.00000E+00  4.24361E-39  1.75900E-31  2.05111E-26  9.01077E-23  5.10563E-20  7.32167E-18
  2.68000E+03  0.00000E+00  0.00000E+00  5.39899E-40  3.17104E-32  4.71436E-27  2.48407E-23  1.62230E-20  2.60783E-18
  2.72000E+03  0.00000E+00  0.00000E+00  6.76365E-41  5.63588E-33  1.06929E-27  6.76370E-24  5.09543E-21  9.18845E-19
  2.76000E+03  0.00000E+00  0.00000E+00  8.34193E-42  9.87661E-34  2.39367E-28  1.81915E-24  1.58212E-21  3.20282E-19
  2.80000E+03  0.00000E+00  0.00000E+00  1.01034E-42  1.70688E-34  5.28907E-29  4.83348E-25  4.85669E-22  1.10454E-19
  2.84000E+03  0.00000E+00  0.00000E+00  1.19110E-43  2.90941E-35  1.15370E-29  1.26884E-25  1.47409E-22  3.76890E-20
  2.88000E+03  0.00000E+00  0.00000E+00  1.26117E-44  4.89191E-36  2.48463E-30  3.29114E-26  4.42408E-23  1.27253E-20
  2.92000E+03  0.00000E+00  0.00000E+00  0.00000E+00  8.11481E-37  5.28360E-31  8.43584E-27  1.31304E-23  4.25174E-21
  2.96000E+03  0.00000E+00  0.00000E+00  0.00000E+00  1.32820E-37  1.10956E-31  2.13694E-27  3.85409E-24  1.40587E-21
  3.00000E+03  0.00000E+00  0.00000E+00  0.00000E+00  2.14532E-38  2.30131E-32  5.35035E-28  1.11890E-24  4.60077E-22
  3.04000E+03  0.00000E+00  0.00000E+00  0.00000E+00  3.41992E-39  4.71464E-33  1.32415E-28  3.21310E-25  1.49023E-22
  3.08000E+03  0.00000E+00  0.00000E+00  0.00000E+00  5.38135E-40  9.54157E-34  3.23967E-29  9.12748E-26  4.77795E-23
  3.12000E+03  0.00000E+00  0.00000E+00  0.00000E+00  8.35889E-41  1.90782E-34  7.83633E-30  2.56512E-26  1.51645E-23
  3.16000E+03  0.00000E+00  0.00000E+00  0.00000E+00  1.28149E-41  3.76915E-35  1.87418E-30  7.13232E-27  4.76471E-24
  3.20000E+03  0.00000E+00  0.00000E+00  0.00000E+00  1.93659E-42  7.35846E-36  4.43241E-31  1.96224E-27  1.48218E-24
  3.24000E+03  0.00000E+00  0.00000E+00  0.00000E+00  2.87266E-43  1.41975E-36  1.03665E-31  5.34201E-28  4.56505E-25
  3.28000E+03  0.00000E+00  0.00000E+00  0.00000E+00  4.20390E-44  2.70745E-37  2.39791E-32  1.43921E-28  1.39220E-25
  3.32000E+03  0.00000E+00  0.00000E+00  0.00000E+00  0.00000E+00  5.10361E-38  5.48624E-33  3.83742E-29  4.20433E-26
  3.36000E+03  0.00000E+00  0.00000E+00  0.00000E+00  0.00000E+00  9.51053E-39  1.24165E-33  1.01271E-29  1.25735E-26
  3.40000E+03  0.00000E+00  0.00000E+00  0.00000E+00  0.00000E+00  1.75220E-39  2.77995E-34  2.64543E-30  3.72403E-27
  3.44000E+03  0.00000E+00  0.00000E+00  0.00000E+00  0.00000E+00  3.19195E-40  6.15787E-35  6.84070E-31  1.09242E-27
  3.48000E+03  0.00000E+00  0.00000E+00  0.00000E+00  0.00000E+00  5.74995E-41  1.34963E-35  1.75118E-31  3.17406E-28
  3.52000E+03  0.00000E+00  0.00000E+00  0.00000E+00  0.00000E+00  1.02421E-41  2.92699E-36  4.43831E-32  9.13516E-29
  3.56000E+03  0.00000E+00  0.00000E+00  0.00000E+00  0.00000E+00  1.80207E-42  6.28187E-37  1.11376E-32  2.60447E-29
  3.60000E+03  0.00000E+00  0.00000E+00  0.00000E+00  0.00000E+00  3.13891E-43  1.33429E-37  2.76748E-33  7.35617E-30
  3.64000E+03  0.00000E+00  0.00000E+00  0.00000E+00  0.00000E+00  5.32493E-44  2.80505E-38  6.80965E-34  2.05845E-30
  3.68000E+03  0.00000E+00  0.00000E+00  0.00000E+00  0.00000E+00  4.20390E-45  5.83704E-39  1.65937E-34  5.70700E-31
  3.72000E+03  0.00000E+00  0.00000E+00  0.00000E+00  0.00000E+00  0.00000E+00  1.20237E-39  4.00467E-35  1.56777E-31
  3.76000E+03  0.00000E+00  0.00000E+00  0.00000E+00  0.00000E+00  0.00000E+00  2.45192E-40  9.57254E-36  4.26767E-32
  3.80000E+03  0.00000E+00  0.00000E+00  0.00000E+00  0.00000E+00  0.00000E+00  4.95023E-41  2.26648E-36  1.15121E-32
  3.84000E+03  0.00000E+00  0.00000E+00  0.00000E+00  0.00000E+00  0.00000E+00  9.89737E-42  5.31578E-37  3.07748E-33
  3.88000E+03  0.00000E+00  0.00000E+00  0.00000E+00  0.00000E+00  0.00000E+00  1.96042E-42  1.23496E-37  8.15143E-34
  3.92000E+03  0.00000E+00  0.00000E+00  0.00000E+00  0.00000E+00  0.00000E+00  3.83956E-43  2.83584E-38  2.13182E-34
  3.96000E+03  0.00000E+00  0.00000E+00  0.00000E+00  0.00000E+00  0.00000E+00  7.42688E-44  6.15610E-39  5.20525E-35
  4.00000E+03  0.00000E+00  0.00000E+00  0.00000E+00  0.00000E+00  0.00000E+00  0.00000E+00  0.00000E+00  0.00000E+00
