 Depth 10 30 50 70 90 110 130 150
  0.00000E+00  1.15486E-01  5.47000E-01  1.03858E+00  1.55170E+00  2.07663E+00  2.60929E+00  3.14752E+00  3.69000E+00
  4.00000E+01  4.20916E-02  3.18207E-01  6.92536E-01  1.10912E+00  1.55023E+00  2.00783E+00  2.47749E+00  2.95647E+00
  8.00000E+01  1.35399E-02  1.76055E-01  4.47951E-01  7.75803E-01  1.13808E+00  1.52414E+00  1.92789E+00  2.34545E+00
  1.20000E+02  3.85987E-03  9.25128E-02  2.80763E-01  5.30637E-01  8.21176E-01  1.14083E+00  1.48261E+00  1.84189E+00
  1.60000E+02  9.80556E-04  4.61305E-02  1.70365E-01  3.54665E-01  5.82055E-01  8.41670E-01  1.12641E+00  1.43139E+00
  2.00000E+02  2.23338E-04  2.18178E-02  1.00009E-01  2.31500E-01  4.05085E-01  6.11808E-01  8.45192E-01  1.10053E+00
  2.40000E+02  4.58890E-05  9.78694E-03  5.67636E-02  1.47492E-01  2.76691E-01  4.38013E-01  6.26147E-01  8.36913E-01
  2.80000E+02  8.55583E-06  4.16492E-03  3.11381E-02  9.16810E-02  1.85413E-01  3.08756E-01  4.57865E-01  6.29352E-01
  3.20000E+02  1.45549E-06  1.68234E-03  1.65039E-02  5.55802E-02  1.21852E-01  2.14225E-01  3.30391E-01  4.67891E-01
  3.60000E+02  2.27060E-07  6.45486E-04  8.45070E-03  3.28521E-02  7.85136E-02  1.46263E-01  2.35204E-01  3.43830E-01
  4.00000E+02  3.26328E-08  2.35452E-04  4.18016E-03  1.89281E-02  4.95864E-02  9.82433E-02  1.65155E-01  2.49694E-01
  4.40000E+02  4.33877E-09  8.17319E-05  1.99764E-03  1.06287E-02  3.06897E-02  6.49056E-02  1.14363E-01  1.79167E-01
  4.80000E+02  5.35701E-10  2.70281E-05  9.22428E-04  5.81615E-03  1.86104E-02  4.21688E-02  7.80812E-02  1.27005E-01
  5.20000E+02  6.16329E-11  8.52432E-06  4.11657E-04  3.10133E-03  1.10559E-02  2.69376E-02  5.25540E-02  8.89277E-02
  5.60000E+02  6.62809E-12  2.56695E-06  1.77604E-04  1.61145E-03  6.43365E-03  1.69171E-02  3.48660E-02  6.14953E-02
  6.00000E+02  6.68159E-13  7.38901E-07  7.41019E-05  8.15930E-04  3.66702E-03  1.04434E-02  2.27971E-02  4.19936E-02
  6.40000E+02  6.33002E-14  2.03546E-07  2.99111E-05  4.02616E-04  2.04711E-03  6.33673E-03  1.46890E-02  2.83148E-02
  6.80000E+02  5.64916E-15  5.37198E-08  1.16854E-05  1.93633E-04  1.11927E-03  3.77890E-03  9.32607E-03  1.88490E-02
  7.20000E+02  4.75936E-16  1.35982E-08  4.42031E-06  9.07766E-05  5.99366E-04  2.21472E-03  5.83397E-03  1.23871E-02
  7.60000E+02  3.79273E-17  3.30498E-09  1.61980E-06  4.14905E-05  3.14359E-04  1.27558E-03  3.59552E-03  8.03570E-03
  8.00000E+02  2.86405E-18  7.72059E-10  5.75277E-07  1.84920E-05  1.61495E-04  7.21980E-04  2.18307E-03  5.14545E-03
  8.40000E+02  2.05283E-19  1.73526E-10  1.98112E-07  8.03841E-06  8.12672E-05  4.01577E-04  1.30577E-03  3.25195E-03
  8.80000E+02  1.39873E-20  3.75604E-11  6.61878E-08  3.40881E-06  4.00621E-05  2.19505E-04  7.69389E-04  2.02846E-03
  9.20000E+02  9.07266E-22  7.83711E-12  2.14632E-08  1.41054E-06  1.93489E-05  1.17912E-04  4.46579E-04  1.24874E-03
  9.60000E+02  5.60951E-23  1.57773E-12  6.75885E-09  5.69673E-07  9.15649E-06  6.22485E-05  2.55341E-04  7.58663E-04
  1.00000E+03  3.31000E-24  3.06716E-13  2.06791E-09  2.24613E-07  4.24625E-06  3.22979E-05  1.43818E-04  4.54872E-04
  1.04000E+03  1.86609E-25  5.76268E-14  6.15009E-10  8.64825E-08  1.92994E-06  1.64710E-05  7.97965E-05  2.69146E-04
  1.08000E+03  1.00621E-26  1.04724E-14  1.77883E-10  3.25255E-08  8.59813E-07  8.25641E-06  4.36153E-05  1.57159E-04
  1.12000E+03  5.19417E-28  1.84216E-15  5.00605E-11  1.19520E-08  3.75536E-07  4.06839E-06  2.34851E-05  9.05620E-05
  1.16000E+03  2.56926E-29  3.13899E-16  1.37142E-11  4.29241E-09  1.60825E-07  1.97082E-06  1.24583E-05  5.15003E-05
  1.20000E+03  1.21878E-30  5.18486E-17  3.65898E-12  1.50704E-09  6.75429E-08  9.38652E-07  6.51108E-06  2.89026E-05
  1.24000E+03  5.54897E-32  8.30729E-18  9.51173E-13  5.17412E-10  2.78230E-08  4.39576E-07  3.35274E-06  1.60079E-05
  1.28000E+03  2.42651E-33  1.29193E-18  2.41024E-13  1.73762E-10  1.12434E-08  2.02432E-07  1.70106E-06  8.75012E-06
  1.32000E+03  1.01983E-34  1.95137E-19  5.95596E-14  5.70959E-11  4.45799E-09  9.16818E-08  8.50429E-07  4.72048E-06
  1.36000E+03  4.12223E-36  2.86432E-20  1.43587E-14  1.83614E-11  1.73462E-09  4.08408E-08  4.18969E-07  2.51342E-06
  1.40000E+03  1.60341E-37  4.08819E-21  3.37855E-15  5.78067E-12  6.62475E-10  1.78962E-08  2.03413E-07  1.32089E-06
  1.44000E+03  6.00498E-39  5.67681E-22  7.76197E-16  1.78214E-12  2.48379E-10  7.71492E-09  9.73335E-08  6.85184E-07
  1.48000E+03  2.16645E-40  7.67309E-23  1.74184E-16  5.38165E-13  9.14360E-11  3.27234E-09  4.59051E-08  3.50839E-07
  1.52000E+03  7.53478E-42  1.01006E-23  3.81950E-17  1.59226E-13  3.30565E-11  1.36582E-09  2.13408E-08  1.77332E-07
  1.56000E+03  2.52234E-43  1.29551E-24  8.18701E-18  4.61695E-14  1.17385E-11  5.61033E-10  9.78010E-09  8.84847E-08
  1.60000E+03  7.00649E-45  1.61979E-25  1.71602E-18  1.31235E-14  4.09510E-12  2.26829E-10  4.41872E-09  4.35885E-08
  1.64000E+03  0.00000E+00  1.97511E-26  3.51845E-19  3.65773E-15  1.40375E-12  9.02770E-11  1.96836E-09  2.11994E-08
  1.68000E+03  0.00000E+00  2.34978E-27  7.05927E-20  9.99886E-16  4.72901E-13  3.53736E-11  8.64586E-10  1.01800E-08
  1.72000E+03  0.00000E+00  2.72863E-28  1.38641E-20  2.68147E-16  1.56596E-13  1.36477E-11  3.74492E-10  4.82692E-09
  1.76000E+03  0.00000E+00  3.09398E-29  2.66616E-21  7.05648E-17  5.09800E-14  5.18532E-12  1.59974E-10  2.26004E-09
  1.80000E+03  0.00000E+00  3.42699E-30  5.02204E-22  1.82263E-17  1.63194E-14  1.94035E-12  6.74005E-11  1.04500E-09
  1.84000E+03  0.00000E+00  3.70929E-31  9.26846E-23  4.62176E-18  5.13776E-15  7.15205E-13  2.80110E-11  4.77193E-10
  1.88000E+03  0.00000E+00  3.92471E-32  1.67647E-23  1.15084E-18  1.59104E-15  2.59706E-13  1.14837E-11  2.15220E-10
  1.92000E+03  0.00000E+00  4.06079E-33  2.97285E-24  2.81464E-19  4.84732E-16  9.29160E-14  4.64481E-12  9.58756E-11
  1.96000E+03  0.00000E+00  4.11004E-34  5.16961E-25  6.76278E-20  1.45315E-16  3.27576E-14  1.85364E-12  4.21893E-11
  2.00000E+03  0.00000E+00  4.07055E-35  8.81802E-26  1.59668E-20  4.28726E-17  1.13815E-14  7.29953E-13  1.83397E-11
  2.04000E+03  0.00000E+00  3.94608E-36  1.47580E-26  3.70504E-21  1.24504E-17  3.89773E-15  2.83673E-13  7.87613E-12
  2.08000E+03  0.00000E+00  3.74554E-37  2.42404E-27  8.45168E-22  3.55953E-18  1.31583E-15  1.08802E-13  3.34189E-12
  2.12000E+03  0.00000E+00  3.48197E-38  3.90857E-28  1.89565E-22  1.00202E-18  4.37948E-16  4.11901E-14  1.40107E-12
  2.16000E+03  0.00000E+00  3.17117E-39  6.18825E-29  4.18141E-23  2.77784E-19  1.43724E-16  1.53931E-14  5.80433E-13
  2.20000E+03  0.00000E+00  2.83017E-40  9.62261E-30  9.07250E-24  7.58495E-20  4.65134E-17  5.67910E-15  2.37627E-13
  2.24000E+03  0.00000E+00  2.47553E-41  1.46992E-30  1.93666E-24  2.04023E-20  1.48464E-17  2.06868E-15  9.61446E-14
  2.28000E+03  0.00000E+00  2.12016E-42  2.20633E-31  4.06801E-25  5.40699E-21  4.67421E-18  7.44062E-16  3.84477E-14
  2.32000E+03  0.00000E+00  1.75162E-43  3.25474E-32  8.41001E-26  1.41204E-21  1.45176E-18  2.64283E-16  1.51973E-14
  2.36000E+03  0.00000E+00  1.26117E-44  4.71983E-33  1.71149E-26  3.63427E-22  4.44869E-19  9.27070E-17  5.93801E-15
  2.40000E+03  0.00000E+00  0.00000E+00  6.72961E-34  3.42921E-27  9.21998E-23  1.34515E-19  3.21205E-17  2.29366E-15
  2.44000E+03  0.00000E+00  0.00000E+00  9.43618E-35  6.76598E-28  2.30595E-23  4.01388E-20  1.09930E-17  8.75918E-16
  2.48000E+03  0.00000E+00  0.00000E+00  1.30146E-35  1.31480E-28  5.68638E-24  1.18212E-20  3.71671E-18  3.30730E-16
  2.52000E+03  0.00000E+00  0.00000E+00  1.76596E-36  2.51681E-29  1.38278E-24  3.43645E-21  1.24150E-18  1.23479E-16
  2.56000E+03  0.00000E+00  0.00000E+00  2.35790E-37  4.74653E-30  3.31632E-25  9.86192E-22  4.09751E-19  4.55885E-17
  2.60000E+03  0.00000E+00  0.00000E+00  3.09844E-38  8.82080E-31  7.84525E-26  2.79424E-22  1.33635E-19  1.66452E-17
  2.64000E+03  0.00000E+00  0.00000E+00  4.00789E-39  1.61552E-31  1.83090E-26  7.81747E-23  4.30709E-20  6.01076E-18
  2.68000E+03  0.00000E+00  0.00000E+00  5.10403E-40  2.91646E-32  4.21582E-27  2.15981E-23  1.37200E-20  2.14687E-18
  2.72000E+03  0.00000E+00  0.00000E+00  6.40043E-41  5.19046E-33  9.57898E-28  5.89328E-24  4.31982E-21  7.58490E-19
  2.76000E+03  0.00000E+00  0.00000E+00  7.90052E-42  9.10805E-34  2.14797E-28  1.58832E-24  1.34450E-21  2.65091E-19
  2.80000E+03  0.00000E+00  0.00000E+00  9.58488E-43  1.57608E-34  4.75408E-29  4.22870E-25  4.13688E-22  9.16579E-20
  2.84000E+03  0.00000E+00  0.00000E+00  1.12104E-43  2.68982E-35  1.03869E-29  1.11226E-25  1.25847E-22  3.13551E-20
  2.88000E+03  0.00000E+00  0.00000E+00  1.26117E-44  4.52818E-36  2.24046E-30  2.89054E-26  3.78537E-23  1.06130E-20
  2.92000E+03  0.00000E+00  0.00000E+00  0.00000E+00  7.52034E-37  4.77171E-31  7.42288E-27  1.12591E-23  3.55463E-21
  2.96000E+03  0.00000E+00  0.00000E+00  0.00000E+00  1.23232E-37  1.00357E-31  1.88377E-27  3.31184E-24  1.17816E-21
  3.00000E+03  0.00000E+00  0.00000E+00  0.00000E+00  1.99268E-38  2.08451E-32  4.72488E-28  9.63470E-25  3.86456E-22
  3.04000E+03  0.00000E+00  0.00000E+00  0.00000E+00  3.18006E-39  4.27656E-33  1.17139E-28  2.77235E-25  1.25461E-22
  3.08000E+03  0.00000E+00  0.00000E+00  0.00000E+00  5.00925E-40  8.66701E-34  2.87078E-29  7.89102E-26  4.03150E-23
  3.12000E+03  0.00000E+00  0.00000E+00  0.00000E+00  7.78926E-41  1.73530E-34  6.95554E-30  2.22193E-26  1.28232E-23
  3.16000E+03  0.00000E+00  0.00000E+00  0.00000E+00  1.19573E-41  3.43285E-35  1.66622E-30  6.18975E-27  4.03770E-24
  3.20000E+03  0.00000E+00  0.00000E+00  0.00000E+00  1.81048E-42  6.71055E-36  3.94681E-31  1.70607E-27  1.25865E-24
  3.24000E+03  0.00000E+00  0.00000E+00  0.00000E+00  2.69049E-43  1.29637E-36  9.24507E-32  4.65301E-28  3.88452E-25
  3.28000E+03  0.00000E+00  0.00000E+00  0.00000E+00  3.92364E-44  2.47521E-37  2.14173E-32  1.25580E-28  1.18703E-25
  3.32000E+03  0.00000E+00  0.00000E+00  0.00000E+00  0.00000E+00  4.67143E-38  4.90734E-33  3.35418E-29  3.59177E-26
  3.36000E+03  0.00000E+00  0.00000E+00  0.00000E+00  0.00000E+00  8.71538E-39  1.11223E-33  8.86684E-30  1.07623E-26
  3.40000E+03  0.00000E+00  0.00000E+00  0.00000E+00  0.00000E+00  1.60755E-39  2.49371E-34  2.32005E-30  3.19356E-27
  3.44000E+03  0.00000E+00  0.00000E+00  0.00000E+00  0.00000E+00  2.93170E-40  5.53144E-35  6.00905E-31  9.38540E-28
  3.48000E+03  0.00000E+00  0.00000E+00  0.00000E+00  0.00000E+00  5.28654E-41  1.21396E-35  1.54072E-31  2.73189E-28
  3.52000E+03  0.00000E+00  0.00000E+00  0.00000E+00  0.00000E+00  9.42794E-42  2.63625E-36  3.91099E-32  7.87649E-29
  3.56000E+03  0.00000E+00  0.00000E+00  0.00000E+00  0.00000E+00  1.66194E-42  5.66519E-37  9.82927E-33  2.24952E-29
  3.60000E+03  0.00000E+00  0.00000E+00  0.00000E+00  0.00000E+00  2.88667E-43  1.20483E-37  2.44603E-33  6.36445E-30
  3.64000E+03  0.00000E+00  0.00000E+00  0.00000E+00  0.00000E+00  5.04467E-44  2.53601E-38  6.02747E-34  1.78391E-30
  3.68000E+03  0.00000E+00  0.00000E+00  0.00000E+00  0.00000E+00  2.80260E-45  5.28358E-39  1.47087E-34  4.95394E-31
  3.72000E+03  0.00000E+00  0.00000E+00  0.00000E+00  0.00000E+00  0.00000E+00  1.08965E-39  3.55473E-35  1.36308E-31
  3.76000E+03  0.00000E+00  0.00000E+00  0.00000E+00  0.00000E+00  0.00000E+00  2.22467E-40  8.50872E-36  3.71632E-32
  3.80000E+03  0.00000E+00  0.00000E+00  0.00000E+00  0.00000E+00  0.00000E+00  4.49649E-41  2.01731E-36  1.00403E-32
  3.84000E+03  0.00000E+00  0.00000E+00  0.00000E+00  0.00000E+00  0.00000E+00  8.99774E-42  4.73763E-37  2.68810E-33
  3.88000E+03  0.00000E+00  0.00000E+00  0.00000E+00  0.00000E+00  0.00000E+00  1.78245E-42  1.10207E-37  7.13062E-34
  3.92000E+03  0.00000E+00  0.00000E+00  0.00000E+00  0.00000E+00  0.00000E+00  3.50325E-43  2.53387E-38  1.86753E-34
  3.96000E+03  0.00000E+00  0.00000E+00  0.00000E+00  0.00000E+00  0.00000E+00  6.72623E-44  5.50679E-39  4.56567E-35
  4.00000E+03  0.00000E+00  0.00000E+00  0.00000E+00  0.00000E+00  0.00000E+00  0.00000E+00  0.00000E+00  0.00000E+00
