 Depth 10 30 50 70 90 110 130 150
  0.00000E+00  5.42730E-02  1.98645E-01  3.43979E-01  4.89318E-01  6.34658E-01  7.79998E-01  9.25338E-01  1.07068E+00
  4.00000E+01  2.53775E-02  9.99831E-02  1.75335E-01  2.50692E-01  3.26050E-01  4.01407E-01  4.76764E-01  5.52122E-01
  8.00000E+01  1.17701E-02  5.02787E-02  8.93467E-02  1.28419E-01  1.67491E-01  2.06563E-01  2.45635E-01  2.84707E-01
  1.20000E+02  5.41085E-03  2.52597E-02  4.55151E-02  6.57734E-02  8.60318E-02  1.06290E-01  1.26549E-01  1.46807E-01
  1.60000E+02  2.46372E-03  1.26775E-02  2.31790E-02  3.36827E-02  4.41865E-02  5.46903E-02  6.51941E-02  7.56979E-02
  2.00000E+02  1.11029E-03  6.35583E-03  1.18002E-02  1.72463E-02  2.26924E-02  2.81385E-02  3.35847E-02  3.90308E-02
  2.40000E+02  4.94856E-04  3.18286E-03  6.00535E-03  8.82908E-03  1.16528E-02  1.44766E-02  1.73004E-02  2.01241E-02
  2.80000E+02  2.17970E-04  1.59197E-03  3.05515E-03  4.51923E-03  5.98332E-03  7.44741E-03  8.91150E-03  1.03756E-02
  3.20000E+02  9.48153E-05  7.95237E-04  1.55370E-03  2.31281E-03  3.07192E-03  3.83104E-03  4.59016E-03  5.34927E-03
  3.60000E+02  4.07017E-05  3.96700E-04  7.89837E-04  1.18343E-03  1.57702E-03  1.97061E-03  2.36421E-03  2.75780E-03
  4.00000E+02  1.72306E-05  1.97604E-04  4.01361E-04  6.05431E-04  8.09505E-04  1.01358E-03  1.21765E-03  1.42173E-03
  4.40000E+02  7.18878E-06  9.82785E-05  2.03870E-04  3.09678E-04  4.15488E-04  5.21298E-04  6.27109E-04  7.32920E-04
  4.80000E+02  2.95392E-06  4.87984E-05  1.03511E-04  1.58370E-04  2.13232E-04  2.68094E-04  3.22955E-04  3.77817E-04
  5.20000E+02  1.19472E-06  2.41876E-05  5.25317E-05  8.09756E-05  1.09421E-04  1.37866E-04  1.66311E-04  1.94757E-04
  5.60000E+02  4.75345E-07  1.19666E-05  2.66475E-05  4.13951E-05  5.61436E-05  7.08922E-05  8.56408E-05  1.00389E-04
  6.00000E+02  1.85947E-07  5.90869E-06  1.35107E-05  2.11571E-05  2.88040E-05  3.64510E-05  4.40980E-05  5.17450E-05
  6.40000E+02  7.14799E-08  2.91140E-06  6.84669E-06  1.08111E-05  1.47760E-05  1.87409E-05  2.27058E-05  2.66707E-05
  6.80000E+02  2.69887E-08  1.43135E-06  3.46779E-06  5.52323E-06  7.57898E-06  9.63473E-06  1.16905E-05  1.37462E-05
  7.20000E+02  1.00043E-08  7.02054E-07  1.75543E-06  2.82111E-06  3.88699E-06  4.95288E-06  6.01876E-06  7.08465E-06
  7.60000E+02  3.63925E-09  3.43489E-07  8.88098E-07  1.44061E-06  1.99326E-06  2.54591E-06  3.09856E-06  3.65122E-06
  8.00000E+02  1.29863E-09  1.67616E-07  4.49030E-07  7.35480E-07  1.02202E-06  1.30857E-06  1.59511E-06  1.88166E-06
  8.40000E+02  4.54408E-10  8.15666E-08  2.26889E-07  3.75397E-07  5.23966E-07  6.72536E-07  8.21107E-07  9.69677E-07
  8.80000E+02  1.55863E-10  3.95770E-08  1.14568E-07  1.91558E-07  2.68590E-07  3.45622E-07  4.22654E-07  4.99687E-07
  9.20000E+02  5.23879E-11  1.91444E-08  5.78107E-08  9.77235E-08  1.37663E-07  1.77604E-07  2.17544E-07  2.57485E-07
  9.60000E+02  1.72497E-11  9.23089E-09  2.91498E-08  4.98404E-08  7.05488E-08  9.12575E-08  1.11966E-07  1.32675E-07
  1.00000E+03  5.56250E-12  4.43589E-09  1.46869E-08  2.54123E-08  3.61493E-08  4.68866E-08  5.76239E-08  6.83612E-08
  1.04000E+03  1.75622E-12  2.12416E-09  7.39393E-09  1.29534E-08  1.85204E-08  2.40875E-08  2.96547E-08  3.52219E-08
  1.08000E+03  5.42749E-13  1.01343E-09  3.71924E-09  6.60076E-09  9.48717E-09  1.23737E-08  1.52602E-08  1.81467E-08
  1.12000E+03  1.64145E-13  4.81656E-10  1.86916E-09  3.36257E-09  4.85914E-09  6.35577E-09  7.85240E-09  9.34904E-09
  1.16000E+03  4.85701E-14  2.28007E-10  9.38505E-10  1.71243E-09  2.48838E-09  3.26436E-09  4.04035E-09  4.81634E-09
  1.20000E+03  1.40582E-14  1.07488E-10  4.70763E-10  8.71791E-10  1.27410E-09  1.67645E-09  2.07879E-09  2.48113E-09
  1.24000E+03  3.97947E-15  5.04554E-11  2.35898E-10  4.43674E-10  6.52266E-10  8.60876E-10  1.06949E-09  1.27810E-09
  1.28000E+03  1.10147E-15  2.35791E-11  1.18081E-10  2.25717E-10  3.33867E-10  4.42029E-10  5.50191E-10  6.58354E-10
  1.32000E+03  2.98050E-16  1.09686E-11  5.90403E-11  1.14790E-10  1.70863E-10  2.26944E-10  2.83025E-10  3.39107E-10
  1.36000E+03  7.88323E-17  5.07837E-12  2.94852E-11  5.83556E-11  8.74279E-11  1.16505E-10  1.45583E-10  1.74660E-10
  1.40000E+03  2.03772E-17  2.33980E-12  1.47070E-11  2.96544E-11  4.47275E-11  5.98038E-11  7.48801E-11  8.99565E-11
  1.44000E+03  5.14680E-18  1.07265E-12  7.32626E-12  1.50633E-11  2.28781E-11  3.06950E-11  3.85119E-11  4.63289E-11
  1.48000E+03  1.27004E-18  4.89217E-13  3.64463E-12  7.64831E-12  1.16999E-11  1.57529E-11  1.98059E-11  2.38589E-11
  1.52000E+03  3.06140E-19  2.21950E-13  1.81055E-12  3.88169E-12  5.98225E-12  8.08367E-12  1.01851E-11  1.22866E-11
  1.56000E+03  7.20740E-20  1.00152E-13  8.98104E-13  1.96914E-12  3.05815E-12  4.14772E-12  5.23730E-12  6.32688E-12
  1.60000E+03  1.65703E-20  4.49438E-14  4.44809E-13  9.98452E-13  1.56303E-12  2.12795E-12  2.69289E-12  3.25782E-12
  1.64000E+03  3.71976E-21  2.00552E-14  2.19949E-13  5.06014E-13  7.98698E-13  1.09161E-12  1.38452E-12  1.67743E-12
  1.68000E+03  8.15211E-22  8.89782E-15  1.08578E-13  2.56315E-13  4.08043E-13  5.59912E-13  7.11784E-13  8.63657E-13
  1.72000E+03  1.74395E-22  3.92457E-15  5.35061E-14  1.29764E-13  2.08417E-13  2.87159E-13  3.65903E-13  4.44648E-13
  1.76000E+03  3.64121E-23  1.72071E-15  2.63195E-14  6.56583E-14  1.06429E-13  1.47256E-13  1.88084E-13  2.28912E-13
  1.80000E+03  7.41901E-24  7.49864E-16  1.29221E-14  3.32027E-14  5.43359E-14  7.55039E-14  9.66729E-14  1.17842E-13
  1.84000E+03  1.47493E-24  3.24771E-16  6.33196E-15  1.67801E-14  2.77337E-14  3.87090E-14  4.96849E-14  6.06608E-14
  1.88000E+03  2.86064E-25  1.39781E-16  3.09643E-15  8.47507E-15  1.41521E-14  1.98426E-14  2.55335E-14  3.12244E-14
  1.92000E+03  5.41199E-26  5.97806E-17  1.51103E-15  4.27766E-15  7.21974E-15  1.01702E-14  1.31208E-14  1.60715E-14
  1.96000E+03  9.98595E-27  2.54023E-17  7.35764E-16  2.15761E-15  3.68220E-15  5.21193E-15  6.74182E-15  8.27172E-15
  2.00000E+03  1.79678E-27  1.07238E-17  3.57460E-16  1.08750E-15  1.87747E-15  2.67060E-15  3.46384E-15  4.25707E-15
  2.04000E+03  3.15218E-28  4.49735E-18  1.73265E-16  5.47730E-16  9.57011E-16  1.36823E-15  1.77951E-15  2.19080E-15
  2.08000E+03  5.39096E-29  1.87354E-18  8.37822E-17  2.75656E-16  4.87679E-16  7.00884E-16  9.14130E-16  1.12738E-15
  2.12000E+03  8.98656E-30  7.75235E-19  4.04131E-17  1.38618E-16  2.48439E-16  3.58979E-16  4.69545E-16  5.80111E-16
  2.16000E+03  1.45989E-30  3.18596E-19  1.94442E-17  6.96482E-17  1.26523E-16  1.83834E-16  2.41161E-16  2.98489E-16
  2.20000E+03  2.31087E-31  1.30033E-19  9.33095E-18  3.49641E-17  6.44137E-17  9.41272E-17  1.23851E-16  1.53574E-16
  2.24000E+03  3.56355E-32  5.27045E-20  4.46578E-18  1.75365E-17  3.27825E-17  4.81876E-17  6.35989E-17  7.90103E-17
  2.28000E+03  5.35257E-33  2.12126E-20  2.13145E-18  8.78731E-18  1.66785E-17  2.46652E-17  3.26558E-17  4.06465E-17
  2.32000E+03  7.82951E-34  8.47750E-21  1.01444E-18  4.39891E-18  8.48233E-18  1.26229E-17  1.67660E-17  2.09091E-17
  2.36000E+03  1.11510E-34  3.36392E-21  4.81423E-19  2.19986E-18  4.31234E-18  6.45895E-18  8.60705E-18  1.07552E-17
  2.40000E+03  1.54603E-35  1.32527E-21  2.27795E-19  1.09898E-18  2.19151E-18  3.30435E-18  4.41812E-18  5.53192E-18
  2.44000E+03  2.08617E-36  5.18348E-22  1.07461E-19  5.48413E-19  1.11328E-18  1.69018E-18  2.26765E-18  2.84514E-18
  2.48000E+03  2.73917E-37  2.01269E-22  5.05382E-20  2.73361E-19  5.65305E-19  8.64365E-19  1.16378E-18  1.46320E-18
  2.52000E+03  3.49886E-38  7.75798E-23  2.36931E-20  1.36100E-19  2.86931E-19  4.41956E-19  5.97197E-19  7.52445E-19
  2.56000E+03  4.34681E-39  2.96838E-23  1.10722E-20  6.76787E-20  1.45573E-19  2.25931E-19  3.06421E-19  3.86916E-19
  2.60000E+03  5.25106E-40  1.12738E-23  5.15734E-21  3.36126E-20  7.38219E-20  1.15474E-19  1.57207E-19  1.98942E-19
  2.64000E+03  6.16655E-41  4.24994E-24  2.39428E-21  1.66720E-20  3.74182E-20  5.90069E-20  8.06445E-20  1.02284E-19
  2.68000E+03  7.03732E-42  1.59016E-24  1.10779E-21  8.25837E-21  1.89569E-20  3.01459E-20  4.13646E-20  5.25845E-20
  2.72000E+03  7.79122E-43  5.90512E-25  5.10793E-22  4.08506E-21  9.59911E-21  1.53978E-20  2.12144E-20  2.70318E-20
  2.76000E+03  8.26766E-44  2.17636E-25  2.34703E-22  2.01783E-21  4.85808E-21  7.86302E-21  1.08788E-20  1.38951E-20
  2.80000E+03  7.00649E-45  7.96031E-26  1.07462E-22  9.95246E-22  2.45731E-21  4.01439E-21  5.57801E-21  7.14190E-21
  2.84000E+03  0.00000E+00  2.88945E-26  4.90264E-23  4.90139E-22  1.24225E-21  2.04902E-21  2.85971E-21  3.67057E-21
  2.88000E+03  0.00000E+00  1.04081E-26  2.22856E-23  2.41008E-22  6.27631E-22  1.04560E-21  1.46591E-21  1.88634E-21
  2.92000E+03  0.00000E+00  3.72036E-27  1.00929E-23  1.18317E-22  3.16908E-22  5.33422E-22  7.51342E-22  9.69327E-22
  2.96000E+03  0.00000E+00  1.31961E-27  4.55391E-24  5.79891E-23  1.59915E-22  2.72060E-22  3.85043E-22  4.98065E-22
  3.00000E+03  0.00000E+00  4.64447E-28  2.04697E-24  2.83734E-23  8.06420E-23  1.38720E-22  1.97297E-22  2.55898E-22
  3.04000E+03  0.00000E+00  1.62200E-28  9.16599E-25  1.38587E-23  4.06387E-23  7.07123E-23  1.01081E-22  1.31465E-22
  3.08000E+03  0.00000E+00  5.62050E-29  4.08854E-25  6.75710E-24  2.04651E-23  3.60349E-23  5.17795E-23  6.75332E-23
  3.12000E+03  0.00000E+00  1.93241E-29  1.81660E-25  3.28856E-24  1.02985E-23  1.83579E-23  2.65204E-23  3.46885E-23
  3.16000E+03  0.00000E+00  6.59194E-30  8.03968E-26  1.59750E-24  5.17853E-24  9.34955E-24  1.35812E-23  1.78162E-23
  3.20000E+03  0.00000E+00  2.23103E-30  3.54395E-26  7.74546E-25  2.60198E-24  4.76014E-24  6.95389E-24  9.14970E-24
  3.24000E+03  0.00000E+00  7.49150E-31  1.55593E-26  3.74805E-25  1.30633E-24  2.42274E-24  3.55998E-24  4.69848E-24
  3.28000E+03  0.00000E+00  2.49570E-31  6.80352E-27  1.81007E-25  6.55306E-25  1.23267E-24  1.82220E-24  2.41250E-24
  3.32000E+03  0.00000E+00  8.24834E-32  2.96279E-27  8.72376E-26  3.28445E-25  6.26952E-25  9.32552E-25  1.23861E-24
  3.36000E+03  0.00000E+00  2.70448E-32  1.28492E-27  4.19574E-26  1.64474E-25  3.18761E-25  4.77169E-25  6.35851E-25
  3.40000E+03  0.00000E+00  8.79702E-33  5.54946E-28  2.01369E-26  8.22879E-26  1.62006E-25  2.44114E-25  3.26385E-25
  3.44000E+03  0.00000E+00  2.83866E-33  2.38675E-28  9.64364E-27  4.11305E-26  8.23049E-26  1.24861E-25  1.67515E-25
  3.48000E+03  0.00000E+00  9.08677E-34  1.02219E-28  4.60822E-27  2.05384E-26  4.17963E-26  6.38508E-26  8.59640E-26
  3.52000E+03  0.00000E+00  2.88547E-34  4.35929E-29  2.19711E-27  1.02453E-26  2.12153E-26  3.26435E-26  4.41066E-26
  3.56000E+03  0.00000E+00  9.08922E-35  1.85116E-29  1.04514E-27  5.10513E-27  1.07630E-26  1.66835E-26  2.26248E-26
  3.60000E+03  0.00000E+00  2.84009E-35  7.82717E-30  4.95990E-28  2.54082E-27  5.45677E-27  8.52281E-27  1.16011E-26
  3.64000E+03  0.00000E+00  8.80295E-36  3.29521E-30  2.34802E-28  1.26282E-27  2.76412E-27  4.35083E-27  5.94476E-27
  3.68000E+03  0.00000E+00  2.70648E-36  1.38119E-30  1.10859E-28  6.26540E-28  1.39828E-27  2.21838E-27  3.04271E-27
  3.72000E+03  0.00000E+00  8.25387E-37  5.76322E-31  5.21781E-29  3.10075E-28  7.05744E-28  1.12860E-27  1.55390E-27
  3.76000E+03  0.00000E+00  2.49675E-37  2.39316E-31  2.44569E-29  1.52825E-28  3.54720E-28  5.71739E-28  7.90160E-28
  3.80000E+03  0.00000E+00  7.49071E-38  9.87950E-32  1.13876E-29  7.47508E-29  1.76845E-28  2.87218E-28  3.98378E-28
  3.84000E+03  0.00000E+00  2.22809E-38  4.04170E-32  5.23490E-30  3.60045E-29  8.67152E-29  1.41835E-28  1.97384E-28
  3.88000E+03  0.00000E+00  6.55485E-39  1.62161E-32  2.33879E-30  1.67698E-29  4.10293E-29  6.75244E-29  9.42414E-29
  3.92000E+03  0.00000E+00  1.87830E-39  6.15686E-33  9.71458E-31  7.20295E-30  1.78437E-29  2.95092E-29  4.12777E-29
  3.96000E+03  0.00000E+00  4.70738E-40  1.90377E-33  3.19277E-31  2.41986E-30  6.04313E-30  1.00250E-29  1.40433E-29
  4.00000E+03  0.00000E+00  0.00000E+00  0.00000E+00  0.00000E+00  0.00000E+00  0.00000E+00  0.00000E+00  0.00000E+00
