 Depth 10 30 50 70 90 110 130 150
  0.00000E+00  4.90336E-02  1.74579E-01  3.00667E-01  4.26758E-01  5.52849E-01  6.78940E-01  8.05031E-01  9.31122E-01
  4.00000E+01  2.29839E-02  8.79033E-02  1.53278E-01  2.18655E-01  2.84032E-01  3.49409E-01  4.14786E-01  4.80163E-01
  8.00000E+01  1.06872E-02  4.42219E-02  7.81171E-02  1.12014E-01  1.45912E-01  1.79809E-01  2.13706E-01  2.47604E-01
  1.20000E+02  4.92602E-03  2.22262E-02  3.97999E-02  5.73753E-02  7.49507E-02  9.25261E-02  1.10102E-01  1.27677E-01
  1.60000E+02  2.24905E-03  1.11600E-02  2.02714E-02  2.93840E-02  3.84967E-02  4.76094E-02  5.67220E-02  6.58347E-02
  2.00000E+02  1.01635E-03  5.59773E-03  1.03215E-02  1.50463E-02  1.97711E-02  2.44960E-02  2.92208E-02  3.39456E-02
  2.40000E+02  4.54259E-04  2.80462E-03  5.25361E-03  7.70338E-03  1.01531E-02  1.26029E-02  1.50527E-02  1.75025E-02
  2.80000E+02  2.00654E-04  1.40354E-03  2.67314E-03  3.94332E-03  5.21350E-03  6.48368E-03  7.75387E-03  9.02405E-03
  3.20000E+02  8.75299E-05  7.01501E-04  1.35965E-03  2.01823E-03  2.67680E-03  3.33538E-03  3.99396E-03  4.65254E-03
  3.60000E+02  3.76802E-05  3.50148E-04  6.91309E-04  1.03277E-03  1.37424E-03  1.71570E-03  2.05717E-03  2.39864E-03
  4.00000E+02  1.59960E-05  1.74525E-04  3.51356E-04  5.28400E-04  7.05446E-04  8.82493E-04  1.05954E-03  1.23659E-03
  4.40000E+02  6.69209E-06  8.68573E-05  1.78503E-04  2.70298E-04  3.62095E-04  4.53892E-04  5.45689E-04  6.37486E-04
  4.80000E+02  2.75727E-06  4.31574E-05  9.06485E-05  1.38243E-04  1.85839E-04  2.33435E-04  2.81030E-04  3.28626E-04
  5.20000E+02  1.11814E-06  2.14072E-05  4.60135E-05  7.06905E-05  9.53684E-05  1.20046E-04  1.44724E-04  1.69402E-04
  5.60000E+02  4.46025E-07  1.05992E-05  2.33459E-05  3.61405E-05  4.89358E-05  6.17310E-05  7.45263E-05  8.73216E-05
  6.00000E+02  1.74916E-07  5.23774E-06  1.18393E-05  1.84731E-05  2.51073E-05  3.17415E-05  3.83758E-05  4.50100E-05
  6.40000E+02  6.74029E-08  2.58299E-06  6.00107E-06  9.44054E-06  1.28803E-05  1.63201E-05  1.97599E-05  2.31996E-05
  6.80000E+02  2.55093E-08  1.27102E-06  3.04021E-06  4.82349E-06  6.60697E-06  8.39046E-06  1.01740E-05  1.19574E-05
  7.20000E+02  9.47739E-09  6.23988E-07  1.53936E-06  2.46394E-06  3.38866E-06  4.31338E-06  5.23810E-06  6.16282E-06
  7.60000E+02  3.45513E-09  3.05589E-07  7.78990E-07  1.25835E-06  1.73781E-06  2.21727E-06  2.69673E-06  3.17618E-06
  8.00000E+02  1.23553E-09  1.49270E-07  3.93971E-07  6.42499E-07  8.91092E-07  1.13969E-06  1.38828E-06  1.63688E-06
  8.40000E+02  4.33203E-10  7.27146E-08  1.99125E-07  3.27974E-07  4.56867E-07  5.85760E-07  7.14654E-07  8.43548E-07
  8.80000E+02  1.48878E-10  3.53198E-08  1.00578E-07  1.67378E-07  2.34208E-07  3.01038E-07  3.67868E-07  4.34698E-07
  9.20000E+02  5.01334E-11  1.71041E-08  5.07670E-08  8.53978E-08  1.20048E-07  1.54699E-07  1.89350E-07  2.24001E-07
  9.60000E+02  1.65368E-11  8.25651E-09  2.56065E-08  4.35593E-08  6.15252E-08  7.94912E-08  9.74573E-08  1.15423E-07
  1.00000E+03  5.34170E-12  3.97231E-09  1.29060E-08  2.22125E-08  3.15276E-08  4.08428E-08  5.01580E-08  5.94733E-08
  1.04000E+03  1.68926E-12  1.90446E-09  6.49963E-09  1.13238E-08  1.61535E-08  2.09834E-08  2.58132E-08  3.06431E-08
  1.08000E+03  5.22871E-13  9.09734E-10  3.27060E-09  5.77112E-09  8.27528E-09  1.07795E-08  1.32837E-08  1.57880E-08
  1.12000E+03  1.58369E-13  4.32915E-10  1.64432E-09  2.94034E-09  4.23871E-09  5.53713E-09  6.83554E-09  8.13397E-09
  1.16000E+03  4.69280E-14  2.05196E-10  8.25945E-10  1.49761E-09  2.17080E-09  2.84402E-09  3.51723E-09  4.19045E-09
  1.20000E+03  1.36014E-14  9.68606E-11  4.14476E-10  7.62541E-10  1.11158E-09  1.46063E-09  1.80969E-09  2.15874E-09
  1.24000E+03  3.85518E-15  4.55269E-11  2.07784E-10  3.88133E-10  5.69102E-10  7.50084E-10  9.31066E-10  1.11205E-09
  1.28000E+03  1.06839E-15  2.13043E-11  1.04056E-10  1.97492E-10  2.91320E-10  3.85157E-10  4.78995E-10  5.72832E-10
  1.32000E+03  2.89445E-16  9.92386E-12  5.20522E-11  1.00453E-10  1.49101E-10  1.97754E-10  2.46408E-10  2.95062E-10
  1.36000E+03  7.66433E-17  4.60091E-12  2.60082E-11  5.10754E-11  7.62981E-11  1.01524E-10  1.26751E-10  1.51977E-10
  1.40000E+03  1.98329E-17  2.12272E-12  1.29793E-11  2.59594E-11  3.90366E-11  5.21162E-11  6.51959E-11  7.82756E-11
  1.44000E+03  5.01453E-18  9.74473E-13  6.46909E-12  1.31887E-11  1.99688E-11  2.67505E-11  3.35321E-11  4.03138E-11
  1.48000E+03  1.23863E-18  4.45055E-13  3.21999E-12  6.69779E-12  1.02130E-11  1.37292E-11  1.72454E-11  2.07617E-11
  1.52000E+03  2.98853E-19  2.02194E-13  1.60052E-12  3.39994E-12  5.22241E-12  7.04553E-12  8.86866E-12  1.06918E-11
  1.56000E+03  7.04224E-20  9.13643E-14  7.94395E-13  1.72511E-12  2.66996E-12  3.61522E-12  4.56050E-12  5.50577E-12
  1.60000E+03  1.62047E-20  4.10567E-14  3.93686E-13  8.74899E-13  1.36474E-12  1.85485E-12  2.34497E-12  2.83508E-12
  1.64000E+03  3.64072E-21  1.83460E-14  1.94793E-13  4.43495E-13  6.97442E-13  9.51558E-13  1.20568E-12  1.45980E-12
  1.68000E+03  7.98526E-22  8.15068E-15  9.62230E-14  2.24698E-13  3.56347E-13  4.88103E-13  6.19861E-13  7.51620E-13
  1.72000E+03  1.70956E-22  3.59995E-15  4.74499E-14  1.13784E-13  1.82030E-13  2.50344E-13  3.18659E-13  3.86975E-13
  1.76000E+03  3.57204E-23  1.58052E-15  2.33567E-14  5.75869E-14  9.29641E-14  1.28384E-13  1.63805E-13  1.99226E-13
  1.80000E+03  7.28319E-24  6.89702E-16  1.14756E-14  2.91286E-14  4.74665E-14  6.58312E-14  8.41965E-14  1.02562E-13
  1.84000E+03  1.44891E-24  2.99114E-16  5.62731E-15  1.47250E-14  2.42301E-14  3.37519E-14  4.32742E-14  5.27964E-14
  1.88000E+03  2.81198E-25  1.28910E-16  2.75392E-15  7.43915E-15  1.23656E-14  1.73025E-14  2.22397E-14  2.71769E-14
  1.92000E+03  5.32324E-26  5.52034E-17  1.34492E-15  3.75587E-15  6.30910E-15  8.86880E-15  1.14287E-14  1.39886E-14
  1.96000E+03  9.82805E-27  2.34878E-17  6.55398E-16  1.89498E-15  3.21814E-15  4.54529E-15  5.87257E-15  7.19984E-15
  2.00000E+03  1.76939E-27  9.92833E-18  3.18672E-16  9.55425E-16  1.64106E-15  2.32916E-15  3.01734E-15  3.70552E-15
  2.04000E+03  3.10582E-28  4.16902E-18  1.54590E-16  4.81361E-16  8.36610E-16  1.19337E-15  1.55019E-15  1.90700E-15
  2.08000E+03  5.31450E-29  1.73893E-18  7.48145E-17  2.42335E-16  4.26379E-16  6.11353E-16  7.96357E-16  9.81361E-16
  2.12000E+03  8.86362E-30  7.20428E-19  3.61182E-17  1.21904E-16  2.17240E-16  3.13144E-16  4.09066E-16  5.04989E-16
  2.16000E+03  1.44063E-30  2.96433E-19  1.73928E-17  6.12718E-17  1.10650E-16  1.60372E-16  2.10107E-16  2.59842E-16
  2.20000E+03  2.28146E-31  1.21133E-19  8.35379E-18  3.07704E-17  5.63407E-17  8.21201E-17  1.07907E-16  1.33694E-16
  2.24000E+03  3.51979E-32  4.91550E-20  4.00166E-18  1.54390E-17  2.86782E-17  4.20436E-17  5.54139E-17  6.87843E-17
  2.28000E+03  5.28916E-33  1.98071E-20  1.91164E-18  7.73929E-18  1.45926E-17  2.15219E-17  2.84542E-17  3.53867E-17
  2.32000E+03  7.74002E-34  7.92486E-21  9.10654E-19  3.87585E-18  7.42267E-18  1.10151E-17  1.46095E-17  1.82038E-17
  2.36000E+03  1.10281E-34  3.14818E-21  4.32564E-19  1.93909E-18  3.77424E-18  5.63670E-18  7.50032E-18  9.36397E-18
  2.40000E+03  1.52958E-35  1.24165E-21  2.04866E-19  9.69122E-19  1.91838E-18  2.88392E-18  3.85019E-18  4.81647E-18
  2.44000E+03  2.06476E-36  4.86172E-22  9.67343E-20  4.83829E-19  9.74697E-19  1.47525E-18  1.97624E-18  2.47725E-18
  2.48000E+03  2.71205E-37  1.88978E-22  4.55361E-20  2.41279E-19  4.95027E-19  7.54512E-19  1.01427E-18  1.27404E-18
  2.52000E+03  3.46544E-38  7.29189E-23  2.13682E-20  1.20183E-19  2.51307E-19  3.85821E-19  5.20502E-19  6.55189E-19
  2.56000E+03  4.30677E-39  2.79293E-23  9.99516E-21  5.97929E-20  1.27524E-19  1.97251E-19  2.67082E-19  3.36916E-19
  2.60000E+03  5.20437E-40  1.06182E-23  4.66010E-21  2.97109E-20  6.46821E-20  1.00825E-19  1.37031E-19  1.73239E-19
  2.64000E+03  6.11344E-41  4.00680E-24  2.16550E-21  1.47443E-20  3.27924E-20  5.15261E-20  7.02982E-20  8.90718E-20
  2.68000E+03  6.97987E-42  1.50066E-24  1.00289E-21  7.30729E-21  1.66169E-20  2.63265E-20  3.60596E-20  4.57935E-20
  2.72000E+03  7.73517E-43  5.57811E-25  4.62869E-22  3.61654E-21  8.41610E-21  1.34483E-20  1.84946E-20  2.35416E-20
  2.76000E+03  8.26766E-44  2.05778E-25  2.12886E-22  1.78738E-21  4.26034E-21  6.86818E-21  9.48462E-21  1.21014E-20
  2.80000E+03  7.00649E-45  7.53357E-26  9.75660E-23  8.82078E-22  2.15548E-21  3.50685E-21  4.86341E-21  6.22018E-21
  2.84000E+03  0.00000E+00  2.73704E-26  4.45542E-23  4.34655E-22  1.08993E-21  1.79015E-21  2.49349E-21  3.19696E-21
  2.88000E+03  0.00000E+00  9.86789E-27  2.02720E-23  2.13850E-22  5.50813E-22  9.13600E-22  1.27826E-21  1.64300E-21
  2.92000E+03  0.00000E+00  3.53035E-27  9.18972E-24  1.05047E-22  2.78194E-22  4.66136E-22  6.55201E-22  8.44316E-22
  2.96000E+03  0.00000E+00  1.25329E-27  4.15034E-24  5.15166E-23  1.40417E-22  2.37770E-22  3.35793E-22  4.33847E-22
  3.00000E+03  0.00000E+00  4.41478E-28  1.86734E-24  2.52221E-23  7.08295E-23  1.21251E-22  1.72072E-22  2.22912E-22
  3.04000E+03  0.00000E+00  1.54306E-28  8.36949E-25  1.23272E-23  3.57040E-23  6.18150E-23  8.81632E-23  1.14523E-22
  3.08000E+03  0.00000E+00  5.35129E-29  3.73676E-25  6.01422E-24  1.79854E-23  3.15049E-23  4.51651E-23  5.88324E-23
  3.12000E+03  0.00000E+00  1.84131E-29  1.66185E-25  2.92891E-24  9.05342E-24  1.60523E-23  2.31342E-23  3.02205E-23
  3.16000E+03  0.00000E+00  6.28609E-30  7.36164E-26  1.42373E-24  4.55390E-24  8.17640E-24  1.18479E-23  1.55221E-23
  3.20000E+03  0.00000E+00  2.12915E-30  3.24806E-26  6.90750E-25  2.28887E-24  4.16344E-24  6.06682E-24  7.97183E-24
  3.24000E+03  0.00000E+00  7.15475E-31  1.42734E-26  3.34481E-25  1.14952E-24  2.11935E-24  3.10608E-24  4.09380E-24
  3.28000E+03  0.00000E+00  2.38527E-31  6.24690E-27  1.61643E-25  5.76839E-25  1.07847E-24  1.58999E-24  2.10210E-24
  3.32000E+03  0.00000E+00  7.88905E-32  2.72285E-27  7.79586E-26  2.89219E-25  5.48608E-25  8.13770E-25  1.07929E-24
  3.36000E+03  0.00000E+00  2.58851E-32  1.18193E-27  3.75207E-26  1.44883E-25  2.78972E-25  4.16423E-25  5.54090E-25
  3.40000E+03  0.00000E+00  8.42563E-33  5.10917E-28  1.80202E-26  7.25134E-26  1.41807E-25  2.13053E-25  2.84430E-25
  3.44000E+03  0.00000E+00  2.72067E-33  2.19933E-28  8.63603E-27  3.62587E-26  7.20554E-26  1.08983E-25  1.45988E-25
  3.48000E+03  0.00000E+00  8.71490E-34  9.42748E-29  4.12968E-27  1.81127E-26  3.65977E-26  5.57357E-26  7.49206E-26
  3.52000E+03  0.00000E+00  2.76920E-34  4.02398E-29  1.97036E-27  9.03886E-27  1.85799E-26  2.84971E-26  3.84422E-26
  3.56000E+03  0.00000E+00  8.72857E-35  1.71025E-29  9.37953E-28  4.50582E-27  9.42772E-27  1.45656E-26  1.97201E-26
  3.60000E+03  0.00000E+00  2.72912E-35  7.23752E-30  4.45445E-28  2.24347E-27  4.78070E-27  7.44154E-27  1.01122E-26
  3.64000E+03  0.00000E+00  8.46422E-36  3.04954E-30  2.11027E-28  1.11551E-27  2.42212E-27  3.79919E-27  5.18206E-27
  3.68000E+03  0.00000E+00  2.60392E-36  1.27929E-30  9.97066E-29  5.53689E-28  1.22552E-27  1.93729E-27  2.65246E-27
  3.72000E+03  0.00000E+00  7.94581E-37  5.34242E-31  4.69629E-29  2.74139E-28  6.18668E-28  9.85684E-28  1.35467E-27
  3.76000E+03  0.00000E+00  2.40496E-37  2.22023E-31  2.20282E-29  1.35171E-28  3.11015E-28  4.99386E-28  6.88886E-28
  3.80000E+03  0.00000E+00  7.21948E-38  9.17290E-32  1.02638E-29  6.61429E-29  1.55086E-28  2.50892E-28  3.47334E-28
  3.84000E+03  0.00000E+00  2.14862E-38  3.75550E-32  4.72139E-30  3.18707E-29  7.60588E-29  1.23907E-28  1.72101E-28
  3.88000E+03  0.00000E+00  6.32447E-39  1.50785E-32  2.11060E-30  1.48494E-29  3.59928E-29  5.89932E-29  8.21729E-29
  3.92000E+03  0.00000E+00  1.81319E-39  5.72836E-33  8.77086E-31  6.37982E-30  1.56552E-29  2.57823E-29  3.59927E-29
  3.96000E+03  0.00000E+00  4.54598E-40  1.77200E-33  2.88350E-31  2.14369E-30  5.30236E-30  8.75922E-30  1.22455E-29
  4.00000E+03  0.00000E+00  0.00000E+00  0.00000E+00  0.00000E+00  0.00000E+00  0.00000E+00  0.00000E+00  0.00000E+00
