 Depth 10 30 50 70 90 110 130 150
  0.00000E+00  6.06130E-02  2.81152E-01  5.43271E-01  8.25184E-01  1.11938E+00  1.42216E+00  1.73139E+00  2.04569E+00
  4.00000E+01  4.46048E-02  2.37817E-01  4.78590E-01  7.42407E-01  1.02061E+00  1.30891E+00  1.60480E+00  1.90668E+00
  8.00000E+01  3.23338E-02  2.00163E-01  4.20364E-01  6.66530E-01  9.29041E-01  1.20307E+00  1.48580E+00  1.77539E+00
  1.20000E+02  2.30776E-02  1.67619E-01  3.68112E-01  5.97132E-01  8.44293E-01  1.10431E+00  1.37406E+00  1.65152E+00
  1.60000E+02  1.62103E-02  1.39642E-01  3.21371E-01  5.33805E-01  7.65996E-01  1.01228E+00  1.26928E+00  1.53477E+00
  2.00000E+02  1.12014E-02  1.15724E-01  2.79696E-01  4.76149E-01  6.93785E-01  9.26644E-01  1.17112E+00  1.42485E+00
  2.40000E+02  7.61127E-03  9.53904E-02  2.42661E-01  4.23779E-01  6.27309E-01  8.47075E-01  1.07930E+00  1.32148E+00
  2.80000E+02  5.08364E-03  7.82026E-02  2.09858E-01  3.76322E-01  5.66222E-01  7.73252E-01  9.93502E-01  1.22435E+00
  3.20000E+02  3.33630E-03  6.37580E-02  1.80904E-01  3.33421E-01  5.10191E-01  7.04863E-01  9.13436E-01  1.13320E+00
  3.60000E+02  2.15067E-03  5.16902E-02  1.55434E-01  2.94732E-01  4.58893E-01  6.41603E-01  8.38813E-01  1.04775E+00
  4.00000E+02  1.36130E-03  4.16683E-02  1.33108E-01  2.59927E-01  4.12017E-01  5.83176E-01  7.69351E-01  9.67737E-01
  4.40000E+02  8.45797E-04  3.33958E-02  1.13606E-01  2.28693E-01  3.69262E-01  5.29296E-01  7.04778E-01  8.92889E-01
  4.80000E+02  5.15678E-04  2.66092E-02  9.66316E-02  2.00734E-01  3.30341E-01  4.79687E-01  6.44828E-01  8.22955E-01
  5.20000E+02  3.08436E-04  2.10763E-02  8.19115E-02  1.75771E-01  2.94979E-01  4.34082E-01  5.89242E-01  7.57686E-01
  5.60000E+02  1.80928E-04  1.65938E-02  6.91926E-02  1.53538E-01  2.62914E-01  3.92223E-01  5.37772E-01  6.96841E-01
  6.00000E+02  1.04062E-04  1.29854E-02  5.82435E-02  1.33790E-01  2.33895E-01  3.53865E-01  4.90176E-01  6.40184E-01
  6.40000E+02  5.86694E-05  1.00993E-02  4.88532E-02  1.16293E-01  2.07686E-01  3.18770E-01  4.46222E-01  5.87489E-01
  6.80000E+02  3.24165E-05  7.80603E-03  4.08300E-02  1.00832E-01  1.84062E-01  2.86715E-01  4.05687E-01  5.38536E-01
  7.20000E+02  1.75492E-05  5.99568E-03  3.40010E-02  8.72059E-02  1.62812E-01  2.57483E-01  3.68355E-01  4.93112E-01
  7.60000E+02  9.30666E-06  4.57604E-03  2.82108E-02  7.52299E-02  1.43736E-01  2.30870E-01  3.34022E-01  4.51013E-01
  8.00000E+02  4.83381E-06  3.47023E-03  2.33204E-02  6.47321E-02  1.26647E-01  2.06682E-01  3.02490E-01  4.12043E-01
  8.40000E+02  2.45844E-06  2.61468E-03  1.92062E-02  5.55553E-02  1.11369E-01  1.84734E-01  2.73571E-01  3.76011E-01
  8.80000E+02  1.22413E-06  1.95725E-03  1.57585E-02  4.75553E-02  9.77405E-02  1.64853E-01  2.47086E-01  3.42738E-01
  9.20000E+02  5.96644E-07  1.45551E-03  1.28808E-02  4.06003E-02  8.56078E-02  1.46874E-01  2.22866E-01  3.12049E-01
  9.60000E+02  2.84611E-07  1.07524E-03  1.04885E-02  3.45708E-02  7.48300E-02  1.30644E-01  2.00747E-01  2.83777E-01
  1.00000E+03  1.32852E-07  7.89029E-04  8.50780E-03  2.93583E-02  6.52763E-02  1.16017E-01  1.80577E-01  2.57766E-01
  1.04000E+03  6.06728E-08  5.75118E-04  6.87443E-03  2.48648E-02  5.68260E-02  1.02859E-01  1.62210E-01  2.33864E-01
  1.08000E+03  2.71063E-08  4.16367E-04  5.53302E-03  2.10021E-02  4.93677E-02  9.10418E-02  1.45511E-01  2.11927E-01
  1.12000E+03  1.18449E-08  2.99386E-04  4.43590E-03  1.76912E-02  4.27995E-02  8.04481E-02  1.30349E-01  1.91819E-01
  1.16000E+03  5.06196E-09  2.13797E-04  3.54229E-03  1.48614E-02  3.70278E-02  7.09679E-02  1.16603E-01  1.73411E-01
  1.20000E+03  2.11531E-09  1.51625E-04  2.81746E-03  1.24498E-02  3.19672E-02  6.24993E-02  1.04161E-01  1.56581E-01
  1.24000E+03  8.64251E-10  1.06787E-04  2.23199E-03  1.04006E-02  2.75400E-02  5.49478E-02  9.29141E-02  1.41213E-01
  1.28000E+03  3.45193E-10  7.46841E-05  1.76107E-03  8.66447E-03  2.36755E-02  4.82262E-02  8.27639E-02  1.27198E-01
  1.32000E+03  1.34767E-10  5.18661E-05  1.38389E-03  7.19786E-03  2.03098E-02  4.22542E-02  7.36170E-02  1.14434E-01
  1.36000E+03  5.14226E-11  3.57658E-05  1.08307E-03  5.96261E-03  1.73852E-02  3.69578E-02  6.53867E-02  1.02824E-01
  1.40000E+03  1.91743E-11  2.44886E-05  8.44173E-04  4.92533E-03  1.48495E-02  3.22692E-02  5.79925E-02  9.22773E-02
  1.44000E+03  6.98596E-12  1.66479E-05  6.55266E-04  4.05688E-03  1.26561E-02  2.81262E-02  5.13597E-02  8.27093E-02
  1.48000E+03  2.48671E-12  1.12367E-05  5.06531E-04  3.33197E-03  1.07632E-02  2.44721E-02  4.54190E-02  7.40407E-02
  1.52000E+03  8.64692E-13  7.52987E-06  3.89931E-04  2.72869E-03  9.13328E-03  2.12552E-02  4.01063E-02  6.61973E-02
  1.56000E+03  2.93688E-13  5.00947E-06  2.98919E-04  2.22817E-03  7.73310E-03  1.84284E-02  3.53628E-02  5.91100E-02
  1.60000E+03  9.74195E-14  3.30856E-06  2.28189E-04  1.81416E-03  6.53306E-03  1.59492E-02  3.11341E-02  5.27145E-02
  1.64000E+03  3.15566E-14  2.16928E-06  1.73462E-04  1.47275E-03  5.50696E-03  1.37787E-02  2.73701E-02  4.69510E-02
  1.68000E+03  9.98076E-15  1.41192E-06  1.31303E-04  1.19208E-03  4.63163E-03  1.18823E-02  2.40252E-02  4.17640E-02
  1.72000E+03  3.08188E-15  9.12240E-07  9.89684E-05  9.62050E-04  3.88669E-03  1.02283E-02  2.10573E-02  3.71023E-02
  1.76000E+03  9.28948E-16  5.85064E-07  7.42785E-05  7.74105E-04  3.25420E-03  8.78862E-03  1.84281E-02  3.29183E-02
  1.80000E+03  2.73297E-16  3.72461E-07  5.55095E-05  6.21023E-04  2.71846E-03  7.53781E-03  1.61028E-02  2.91682E-02
  1.84000E+03  7.84680E-17  2.35358E-07  4.13049E-05  4.96724E-04  2.26575E-03  6.45319E-03  1.40494E-02  2.58117E-02
  1.88000E+03  2.19839E-17  1.47619E-07  3.06027E-05  3.96111E-04  1.88411E-03  5.51449E-03  1.22390E-02  2.28114E-02
  1.92000E+03  6.00918E-18  9.18975E-08  2.25753E-05  3.14926E-04  1.56316E-03  4.70365E-03  1.06456E-02  2.01334E-02
  1.96000E+03  1.60237E-18  5.67817E-08  1.65813E-05  2.49623E-04  1.29390E-03  4.00460E-03  9.24533E-03  1.77464E-02
  2.00000E+03  4.16759E-19  3.48213E-08  1.21257E-05  1.97261E-04  1.06854E-03  3.40310E-03  8.01680E-03  1.56216E-02
  2.04000E+03  1.05711E-19  2.11936E-08  8.82866E-06  1.55408E-04  8.80389E-04  2.88656E-03  6.94071E-03  1.37329E-02
  2.08000E+03  2.61456E-20  1.28021E-08  6.39989E-06  1.22061E-04  7.23676E-04  2.44383E-03  5.99968E-03  1.20565E-02
  2.12000E+03  6.30461E-21  7.67468E-09  4.61888E-06  9.55756E-05  5.93469E-04  2.06512E-03  5.17811E-03  1.05705E-02
  2.16000E+03  1.48193E-21  4.56602E-09  3.31880E-06  7.46069E-05  4.85548E-04  1.74181E-03  4.46201E-03  9.25520E-03
  2.20000E+03  3.39493E-22  2.69591E-09  2.37410E-06  5.80589E-05  3.96318E-04  1.46633E-03  3.83888E-03  8.09263E-03
  2.24000E+03  7.57873E-23  1.57962E-09  1.69078E-06  4.50414E-05  3.22722E-04  1.23208E-03  3.29754E-03  7.06651E-03
  2.28000E+03  1.64834E-23  9.18490E-10  1.19878E-06  3.48342E-05  2.62170E-04  1.03327E-03  2.82804E-03  6.16211E-03
  2.32000E+03  3.49219E-24  5.29983E-10  8.46157E-07  2.68562E-05  2.12474E-04  8.64893E-04  2.42152E-03  5.36613E-03
  2.36000E+03  7.20559E-25  3.03465E-10  5.94588E-07  2.06408E-05  1.71788E-04  7.22564E-04  2.07012E-03  4.66658E-03
  2.40000E+03  1.44768E-25  1.72428E-10  4.15939E-07  1.58141E-05  1.38561E-04  6.02495E-04  1.76688E-03  4.05265E-03
  2.44000E+03  2.83149E-26  9.72188E-11  2.89660E-07  1.20781E-05  1.11493E-04  5.01410E-04  1.50563E-03  3.51465E-03
  2.48000E+03  5.39020E-27  5.43916E-11  2.00810E-07  9.19568E-06  8.94971E-05  4.16477E-04  1.28094E-03  3.04385E-03
  2.52000E+03  9.98486E-28  3.01957E-11  1.38586E-07  6.97905E-06  7.16675E-05  3.45260E-04  1.08801E-03  2.63247E-03
  2.56000E+03  1.79938E-28  1.66335E-11  9.52103E-08  5.27998E-06  5.72514E-05  2.85664E-04  9.22644E-04  2.27353E-03
  2.60000E+03  3.15385E-29  9.09163E-12  6.51141E-08  3.98190E-06  4.56243E-05  2.35894E-04  7.81137E-04  1.96079E-03
  2.64000E+03  5.37507E-30  4.93075E-12  4.43291E-08  2.99340E-06  3.62702E-05  1.94414E-04  6.60254E-04  1.68871E-03
  2.68000E+03  8.90502E-31  2.65333E-12  3.00415E-08  2.24313E-06  2.87638E-05  1.59914E-04  5.57164E-04  1.45234E-03
  2.72000E+03  1.43374E-31  1.41668E-12  2.02660E-08  1.67554E-06  2.27552E-05  1.31277E-04  4.69399E-04  1.24730E-03
  2.76000E+03  2.24265E-32  7.50494E-13  1.36090E-08  1.24756E-06  1.79577E-05  1.07556E-04  3.94807E-04  1.06970E-03
  2.80000E+03  3.40703E-33  3.94470E-13  9.09683E-09  9.25924E-07  1.41370E-05  8.79474E-05  3.31521E-04  9.16094E-04
  2.84000E+03  5.02540E-34  2.05715E-13  6.05282E-09  6.85001E-07  1.11018E-05  7.17711E-05  2.77919E-04  7.83431E-04
  2.88000E+03  7.19448E-35  1.06438E-13  4.00891E-09  5.05134E-07  8.69677E-06  5.84538E-05  2.32598E-04  6.69028E-04
  2.92000E+03  9.99325E-36  5.46389E-14  2.64296E-09  3.71295E-07  6.79595E-06  4.75128E-05  1.94343E-04  5.70516E-04
  2.96000E+03  1.34627E-36  2.78277E-14  1.73439E-09  2.72035E-07  5.29745E-06  3.85427E-05  1.62110E-04  4.85814E-04
  3.00000E+03  1.75833E-37  1.40610E-14  1.13291E-09  1.98665E-07  4.11914E-06  3.12035E-05  1.34996E-04  4.13093E-04
  3.04000E+03  2.22554E-38  7.04883E-15  7.36592E-10  1.44613E-07  3.19496E-06  2.52113E-05  1.12229E-04  3.50752E-04
  3.08000E+03  2.72865E-39  3.50568E-15  4.76698E-10  1.04925E-07  2.47197E-06  2.03288E-05  9.31452E-05  2.97388E-04
  3.12000E+03  3.23921E-40  1.72972E-15  3.07072E-10  7.58814E-08  1.90781E-06  1.63589E-05  7.71758E-05  2.51775E-04
  3.16000E+03  3.72143E-41  8.46695E-16  1.96886E-10  5.46981E-08  1.46873E-06  1.31377E-05  6.38359E-05  2.12845E-04
  3.20000E+03  4.13523E-42  4.11168E-16  1.25650E-10  3.92996E-08  1.12787E-06  1.05295E-05  5.27120E-05  1.79668E-04
  3.24000E+03  4.44212E-43  1.98083E-16  7.98146E-11  2.81437E-08  8.63950E-07  8.42186E-06  4.34518E-05  1.51434E-04
  3.28000E+03  4.62428E-44  9.46689E-17  5.04627E-11  2.00885E-08  6.60120E-07  6.72239E-06  3.57563E-05  1.27441E-04
  3.32000E+03  4.20390E-45  4.48845E-17  3.17559E-11  1.42918E-08  5.03108E-07  5.35484E-06  2.93721E-05  1.07081E-04
  3.36000E+03  0.00000E+00  2.11110E-17  1.98903E-11  1.01343E-08  3.82472E-07  4.25666E-06  2.40844E-05  8.98253E-05
  3.40000E+03  0.00000E+00  9.85007E-18  1.23999E-11  7.16256E-09  2.90024E-07  3.37660E-06  1.97120E-05  7.52198E-05
  3.44000E+03  0.00000E+00  4.55917E-18  7.69405E-12  5.04554E-09  2.19359E-07  2.67273E-06  1.61021E-05  6.28714E-05
  3.48000E+03  0.00000E+00  2.09336E-18  4.75167E-12  3.54246E-09  1.65482E-07  2.11089E-06  1.31260E-05  5.24412E-05
  3.52000E+03  0.00000E+00  9.53471E-19  2.92072E-12  2.47888E-09  1.24507E-07  1.66323E-06  1.06754E-05  4.36373E-05
  3.56000E+03  0.00000E+00  4.30799E-19  1.78683E-12  1.72881E-09  9.34203E-08  1.30716E-06  8.65956E-06  3.62085E-05
  3.60000E+03  0.00000E+00  1.93082E-19  1.08798E-12  1.20157E-09  6.98895E-08  1.02431E-06  7.00212E-06  2.99385E-05
  3.64000E+03  0.00000E+00  8.58425E-20  6.59317E-13  8.32162E-10  5.21138E-08  7.99827E-07  5.63920E-06  2.46412E-05
  3.68000E+03  0.00000E+00  3.78577E-20  3.97632E-13  5.74113E-10  3.87056E-08  6.21685E-07  4.51716E-06  2.01561E-05
  3.72000E+03  0.00000E+00  1.65612E-20  2.38626E-13  3.94316E-10  2.85976E-08  4.80138E-07  3.59092E-06  1.63442E-05
  3.76000E+03  0.00000E+00  7.18631E-21  1.42436E-13  2.69238E-10  2.09687E-08  3.67287E-07  2.82252E-06  1.30854E-05
  3.80000E+03  0.00000E+00  3.09284E-21  8.44576E-14  1.82177E-10  1.51863E-08  2.76699E-07  2.17975E-06  1.02743E-05
  3.84000E+03  0.00000E+00  1.31958E-21  4.95605E-14  1.21271E-10  1.07610E-08  2.03101E-07  1.63512E-06  7.81838E-06
  3.88000E+03  0.00000E+00  5.56578E-22  2.84493E-14  7.80415E-11  7.30987E-09  1.42114E-07  1.16483E-06  5.63511E-06
  3.92000E+03  0.00000E+00  2.28199E-22  1.53806E-14  4.63382E-11  4.52777E-09  9.00330E-08  7.47933E-07  3.64971E-06
  3.96000E+03  0.00000E+00  8.13067E-23  6.71886E-15  2.15503E-11  2.16353E-09  4.36339E-08  3.65511E-07  1.79311E-06
  4.00000E+03  0.00000E+00  0.00000E+00  0.00000E+00  0.00000E+00  0.00000E+00  0.00000E+00  0.00000E+00  0.00000E+00
