 Depth 10 30 50 70 90 110 130 150
  0.00000E+00  7.39359E-02  3.65959E-01  7.24831E-01  8.02380E-01  7.09137E-01  5.61897E-01  3.88338E-01  1.99842E-01
  4.00000E+01  5.05487E-02  2.86763E-01  5.90416E-01  6.90430E-01  6.26582E-01  5.07869E-01  3.62121E-01  2.00950E-01
  8.00000E+01  3.40640E-02  2.23691E-01  4.79670E-01  5.91431E-01  5.51524E-01  4.57064E-01  3.35339E-01  1.97949E-01
  1.20000E+02  2.26153E-02  1.73685E-01  3.88687E-01  5.04386E-01  4.83649E-01  4.09675E-01  3.08629E-01  1.91895E-01
  1.60000E+02  1.47851E-02  1.34220E-01  3.14128E-01  4.28281E-01  4.22580E-01  3.65787E-01  2.82476E-01  1.83645E-01
  2.00000E+02  9.51406E-03  1.03219E-01  2.53186E-01  3.62106E-01  3.67904E-01  3.25401E-01  2.57239E-01  1.73886E-01
  2.40000E+02  6.02334E-03  7.89866E-02  2.03504E-01  3.04874E-01  3.19177E-01  2.88454E-01  2.33175E-01  1.63172E-01
  2.80000E+02  3.75023E-03  6.01378E-02  1.63111E-01  2.55634E-01  2.75949E-01  2.54834E-01  2.10459E-01  1.51938E-01
  3.20000E+02  2.29538E-03  4.55511E-02  1.30360E-01  2.13489E-01  2.37764E-01  2.24394E-01  1.89199E-01  1.40523E-01
  3.60000E+02  1.38057E-03  3.43215E-02  1.03882E-01  1.77593E-01  2.04178E-01  1.96960E-01  1.69450E-01  1.29190E-01
  4.00000E+02  8.15671E-04  2.57221E-02  8.25354E-02  1.47170E-01  1.74756E-01  1.72345E-01  1.51225E-01  1.18134E-01
  4.40000E+02  4.73230E-04  1.91726E-02  6.53773E-02  1.21505E-01  1.49087E-01  1.50349E-01  1.34506E-01  1.07500E-01
  4.80000E+02  2.69517E-04  1.42118E-02  5.16270E-02  9.99536E-02  1.26780E-01  1.30772E-01  1.19252E-01  9.73891E-02
  5.20000E+02  1.50634E-04  1.04754E-02  4.06415E-02  8.19355E-02  1.07468E-01  1.13415E-01  1.05403E-01  8.78680E-02
  5.60000E+02  8.25943E-05  7.67737E-03  3.18921E-02  6.69359E-02  9.08121E-02  9.80818E-02  9.28855E-02  7.89761E-02
  6.00000E+02  4.44168E-05  5.59419E-03  2.49458E-02  5.45005E-02  7.65001E-02  8.45840E-02  8.16205E-02  7.07315E-02
  6.40000E+02  2.34206E-05  4.05237E-03  1.94488E-02  4.42319E-02  6.42468E-02  7.27429E-02  7.15228E-02  6.31355E-02
  6.80000E+02  1.21057E-05  2.91807E-03  1.51130E-02  3.57851E-02  5.37933E-02  6.23896E-02  6.25053E-02  5.61768E-02
  7.20000E+02  6.13226E-06  2.08864E-03  1.17044E-02  2.88626E-02  4.49065E-02  5.33666E-02  5.44813E-02  4.98346E-02
  7.60000E+02  3.04361E-06  1.48587E-03  9.03388E-03  2.32096E-02  3.73775E-02  4.55278E-02  4.73655E-02  4.40813E-02
  8.00000E+02  1.47979E-06  1.05055E-03  6.94870E-03  1.86091E-02  3.10205E-02  3.87390E-02  4.10757E-02  3.88846E-02
  8.40000E+02  7.04637E-07  7.38151E-04  5.32625E-03  1.48777E-02  2.56709E-02  3.28773E-02  3.55335E-02  3.42096E-02
  8.80000E+02  3.28547E-07  5.15387E-04  4.06827E-03  1.18610E-02  2.11837E-02  2.78314E-02  3.06648E-02  3.00195E-02
  9.20000E+02  1.49974E-07  3.57566E-04  3.09637E-03  9.42978E-03  1.74321E-02  2.35003E-02  2.64003E-02  2.62774E-02
  9.60000E+02  6.70100E-08  2.46482E-04  2.34819E-03  7.47637E-03  1.43054E-02  1.97936E-02  2.26757E-02  2.29463E-02
  1.00000E+03  2.93020E-08  1.68809E-04  1.77434E-03  5.91156E-03  1.17075E-02  1.66302E-02  1.94317E-02  1.99904E-02
  1.04000E+03  1.25376E-08  1.14859E-04  1.33582E-03  4.66171E-03  9.55575E-03  1.39381E-02  1.66139E-02  1.73756E-02
  1.08000E+03  5.24837E-09  7.76361E-05  1.00196E-03  3.66629E-03  7.77879E-03  1.16535E-02  1.41728E-02  1.50689E-02
  1.12000E+03  2.14912E-09  5.21283E-05  7.48733E-04  2.87575E-03  6.31571E-03  9.71979E-03  1.20635E-02  1.30399E-02
  1.16000E+03  8.60709E-10  3.47673E-05  5.57402E-04  2.24969E-03  5.11457E-03  8.08762E-03  1.02455E-02  1.12599E-02
  1.20000E+03  3.37095E-10  2.30321E-05  4.13390E-04  1.75525E-03  4.13130E-03  6.71361E-03  8.68266E-03  9.70232E-03
  1.24000E+03  1.29088E-10  1.51545E-05  3.05412E-04  1.36584E-03  3.32865E-03  5.55996E-03  7.34235E-03  8.34286E-03
  1.28000E+03  4.83283E-11  9.90318E-06  2.24769E-04  1.05999E-03  2.67525E-03  4.59385E-03  6.19569E-03  7.15923E-03
  1.32000E+03  1.76864E-11  6.42708E-06  1.64777E-04  8.20436E-04  2.14482E-03  3.78685E-03  5.21705E-03  6.13114E-03
  1.36000E+03  6.32622E-12  4.14228E-06  1.20324E-04  6.33314E-04  1.71536E-03  3.11449E-03  4.38379E-03  5.24025E-03
  1.40000E+03  2.21136E-12  2.65115E-06  8.75179E-05  4.87554E-04  1.36858E-03  2.55570E-03  3.67596E-03  4.47002E-03
  1.44000E+03  7.55323E-13  1.68493E-06  6.34038E-05  3.74324E-04  1.08929E-03  2.09245E-03  3.07606E-03  3.80560E-03
  1.48000E+03  2.52063E-13  1.06332E-06  4.57506E-05  2.86608E-04  8.64942E-04  1.70934E-03  2.56879E-03  3.23371E-03
  1.52000E+03  8.21737E-14  6.66290E-07  3.28799E-05  2.18845E-04  6.85182E-04  1.39330E-03  2.14081E-03  2.74254E-03
  1.56000E+03  2.61670E-14  4.14540E-07  2.35345E-05  1.66643E-04  5.41513E-04  1.13319E-03  1.78054E-03  2.32160E-03
  1.60000E+03  8.13796E-15  2.56070E-07  1.67769E-05  1.26542E-04  4.26974E-04  9.19634E-04  1.47793E-03  1.96159E-03
  1.64000E+03  2.47153E-15  1.57045E-07  1.19108E-05  9.58225E-05  3.35885E-04  7.44712E-04  1.22431E-03  1.65435E-03
  1.68000E+03  7.32912E-16  9.56198E-08  8.42133E-06  7.23572E-05  2.63621E-04  6.01767E-04  1.01221E-03  1.39267E-03
  1.72000E+03  2.12186E-16  5.77987E-08  5.92957E-06  5.44840E-05  2.06431E-04  4.85225E-04  8.35203E-04  1.17024E-03
  1.76000E+03  5.99663E-17  3.46834E-08  4.15775E-06  4.09094E-05  1.61279E-04  3.90426E-04  6.87807E-04  9.81560E-04
  1.80000E+03  1.65412E-17  2.06607E-08  2.90321E-06  3.06292E-05  1.25717E-04  3.13489E-04  5.65324E-04  8.21823E-04
  1.84000E+03  4.45285E-18  1.22173E-08  2.01871E-06  2.28667E-05  9.77737E-05  2.51187E-04  4.63757E-04  6.86854E-04
  1.88000E+03  1.16967E-18  7.17137E-09  1.39777E-06  1.70222E-05  7.58691E-05  2.00850E-04  3.79708E-04  5.73034E-04
  1.92000E+03  2.99767E-19  4.17843E-09  9.63735E-07  1.26348E-05  5.87385E-05  1.60270E-04  3.10300E-04  4.77234E-04
  1.96000E+03  7.49441E-20  2.41656E-09  6.61654E-07  9.35090E-06  4.53730E-05  1.27627E-04  2.53098E-04  3.96753E-04
  2.00000E+03  1.82752E-20  1.38722E-09  4.52322E-07  6.90028E-06  3.49694E-05  1.01425E-04  2.06052E-04  3.29271E-04
  2.04000E+03  4.34606E-21  7.90393E-10  3.07893E-07  5.07693E-06  2.68902E-05  8.04394E-05  1.67437E-04  2.72793E-04
  2.08000E+03  1.00779E-21  4.46976E-10  2.08681E-07  3.72436E-06  2.06307E-05  6.36673E-05  1.35805E-04  2.25614E-04
  2.12000E+03  2.27834E-22  2.50875E-10  1.40827E-07  2.72403E-06  1.57923E-05  5.02911E-05  1.09944E-04  1.86274E-04
  2.16000E+03  5.02074E-23  1.39750E-10  9.46247E-08  1.98644E-06  1.20612E-05  3.96459E-05  8.88443E-05  1.53533E-04
  2.20000E+03  1.07832E-23  7.72614E-11  6.33040E-08  1.44424E-06  9.19058E-06  3.11918E-05  7.16619E-05  1.26331E-04
  2.24000E+03  2.25676E-24  4.23913E-11  4.21658E-08  1.04687E-06  6.98719E-06  2.44918E-05  5.76971E-05  1.03774E-04
  2.28000E+03  4.60147E-25  2.30827E-11  2.79631E-08  7.56552E-07  5.29989E-06  1.91930E-05  4.63691E-05  8.51011E-05
  2.32000E+03  9.13914E-26  1.24734E-11  1.84629E-08  5.45087E-07  4.01082E-06  1.50109E-05  3.71979E-05  6.96717E-05
  2.36000E+03  1.76777E-26  6.68902E-12  1.21366E-08  3.91536E-07  3.02829E-06  1.17171E-05  2.97869E-05  5.69448E-05
  2.40000E+03  3.32942E-27  3.55969E-12  7.94278E-09  2.80383E-07  2.28118E-06  9.12805E-06  2.38096E-05  4.64657E-05
  2.44000E+03  6.10444E-28  1.87986E-12  5.17512E-09  2.00170E-07  1.71441E-06  7.09720E-06  1.89979E-05  3.78524E-05
  2.48000E+03  1.08933E-28  9.85131E-13  3.35687E-09  1.42466E-07  1.28546E-06  5.50741E-06  1.51316E-05  3.07851E-05
  2.52000E+03  1.89154E-29  5.12286E-13  2.16776E-09  1.01084E-07  9.61589E-07  4.26540E-06  1.20308E-05  2.49964E-05
  2.56000E+03  3.19526E-30  2.64346E-13  1.39362E-09  7.15011E-08  7.17637E-07  3.29705E-06  9.54852E-06  2.02632E-05
  2.60000E+03  5.24960E-31  1.35353E-13  8.91923E-10  5.04187E-08  5.34319E-07  2.54358E-06  7.56511E-06  1.63995E-05
  2.64000E+03  8.38615E-32  6.87690E-14  5.68273E-10  3.54420E-08  3.96893E-07  1.95848E-06  5.98319E-06  1.32511E-05
  2.68000E+03  1.30226E-32  3.46688E-14  3.60437E-10  2.48364E-08  2.94118E-07  1.50504E-06  4.72380E-06  1.06899E-05
  2.72000E+03  1.96522E-33  1.73420E-14  2.27582E-10  1.73499E-08  2.17440E-07  1.15433E-06  3.72301E-06  8.60995E-06
  2.76000E+03  2.88118E-34  8.60737E-15  1.43047E-10  1.20821E-08  1.60371E-07  8.83628E-07  2.92916E-06  6.92358E-06
  2.80000E+03  4.10247E-35  4.23882E-15  8.95051E-11  8.38721E-09  1.17999E-07  6.75090E-07  2.30059E-06  5.55865E-06
  2.84000E+03  5.67143E-36  2.07117E-15  5.57495E-11  5.80393E-09  8.66146E-08  5.14763E-07  1.80378E-06  4.45571E-06
  2.88000E+03  7.60966E-37  1.00410E-15  3.45663E-11  4.00360E-09  6.34253E-08  3.91748E-07  1.41182E-06  3.56597E-06
  2.92000E+03  9.90623E-38  4.82977E-16  2.13344E-11  2.75297E-09  4.63330E-08  2.97548E-07  1.10314E-06  2.84939E-06
  2.96000E+03  1.25072E-38  2.30491E-16  1.31075E-11  1.88699E-09  3.37653E-08  2.25559E-07  8.60467E-07  2.27323E-06
  3.00000E+03  1.53091E-39  1.09133E-16  8.01619E-12  1.28929E-09  2.45472E-08  1.70653E-07  6.70029E-07  1.81072E-06
  3.04000E+03  1.81591E-40  5.12661E-17  4.87999E-12  8.78101E-10  1.78024E-08  1.28859E-07  5.20845E-07  1.44005E-06
  3.08000E+03  2.08639E-41  2.38928E-17  2.95713E-12  5.96137E-10  1.28796E-08  9.71099E-08  4.04186E-07  1.14346E-06
  3.12000E+03  2.32055E-42  1.10475E-17  1.78369E-12  4.03416E-10  9.29533E-09  7.30397E-08  3.13119E-07  9.06534E-07
  3.16000E+03  2.49431E-43  5.06772E-18  1.07093E-12  2.72121E-10  6.69217E-09  5.48275E-08  2.42156E-07  7.17571E-07
  3.20000E+03  2.52234E-44  2.30628E-18  6.40015E-13  1.82966E-10  4.80624E-09  4.10752E-08  1.86954E-07  5.67099E-07
  3.24000E+03  1.40130E-45  1.04125E-18  3.80721E-13  1.22623E-10  3.44332E-09  3.07115E-08  1.44087E-07  4.47468E-07
  3.28000E+03  0.00000E+00  4.66377E-19  2.25428E-13  8.19164E-11  2.46082E-09  2.29170E-08  1.10857E-07  3.52504E-07
  3.32000E+03  0.00000E+00  2.07231E-19  1.32858E-13  5.45455E-11  1.75432E-09  1.70665E-08  8.51414E-08  2.77236E-07
  3.36000E+03  0.00000E+00  9.13486E-20  7.79372E-14  3.62022E-11  1.24756E-09  1.26839E-08  6.52743E-08  2.17669E-07
  3.40000E+03  0.00000E+00  3.99461E-20  4.55068E-14  2.39494E-11  8.84971E-10  9.40750E-09  4.99513E-08  1.70596E-07
  3.44000E+03  0.00000E+00  1.73288E-20  2.64471E-14  1.57920E-11  6.26192E-10  6.96284E-09  3.81522E-08  1.33449E-07
  3.48000E+03  0.00000E+00  7.45725E-21  1.52984E-14  1.03790E-11  4.41958E-10  5.14232E-09  2.90807E-08  1.04171E-07
  3.52000E+03  0.00000E+00  3.18348E-21  8.80808E-15  6.79896E-12  3.11118E-10  3.78911E-09  2.21165E-08  8.11231E-08
  3.56000E+03  0.00000E+00  1.34813E-21  5.04751E-15  4.43901E-12  2.18423E-10  2.78506E-09  1.67769E-08  6.29964E-08
  3.60000E+03  0.00000E+00  5.66325E-22  2.87891E-15  2.88841E-12  1.52905E-10  2.04126E-09  1.26873E-08  4.87498E-08
  3.64000E+03  0.00000E+00  2.35993E-22  1.63428E-15  1.87286E-12  1.06695E-10  1.49097E-09  9.55710E-09  3.75553E-08
  3.68000E+03  0.00000E+00  9.75499E-23  9.23316E-16  1.20978E-12  7.41619E-11  1.08418E-09  7.16154E-09  2.87559E-08
  3.72000E+03  0.00000E+00  3.99986E-23  5.19081E-16  7.78013E-13  5.12861E-11  7.83476E-10  5.32670E-09  2.18302E-08
  3.76000E+03  0.00000E+00  1.62683E-23  2.90269E-16  4.97447E-13  3.52018E-11  5.60893E-10  3.91832E-09  1.63656E-08
  3.80000E+03  0.00000E+00  6.56267E-24  1.61251E-16  3.15228E-13  2.38700E-11  3.95557E-10  2.83272E-09  1.20351E-08
  3.84000E+03  0.00000E+00  2.62454E-24  8.86580E-17  1.96554E-13  1.58405E-11  2.71881E-10  1.98989E-09  8.58004E-09
  3.88000E+03  0.00000E+00  1.03764E-24  4.76904E-17  1.18509E-13  1.00806E-11  1.78212E-10  1.32800E-09  5.79547E-09
  3.92000E+03  0.00000E+00  3.98819E-25  2.41667E-17  6.59507E-14  5.85199E-12  1.05812E-10  7.99193E-10  3.51898E-09
  3.96000E+03  0.00000E+00  1.33241E-25  9.89911E-18  2.87600E-14  2.62203E-12  4.80853E-11  3.66236E-10  1.62148E-09
  4.00000E+03  0.00000E+00  0.00000E+00  0.00000E+00  0.00000E+00  0.00000E+00  0.00000E+00  0.00000E+00  0.00000E+00
