 Depth 10 30 50 70 90 110 130 150
  0.00000E+00  6.28607E-02  2.87861E-01  5.54017E-01  5.87875E-01  5.10430E-01  4.01265E-01  2.76013E-01  1.40886E-01
  4.00000E+01  4.63321E-02  2.43604E-01  4.88258E-01  5.51092E-01  4.93572E-01  3.99303E-01  2.86184E-01  1.61428E-01
  8.00000E+01  3.36417E-02  2.05131E-01  4.28985E-01  5.13651E-01  4.74668E-01  3.94667E-01  2.93316E-01  1.78692E-01
  1.20000E+02  2.40527E-02  1.71862E-01  3.75774E-01  4.76104E-01  4.54124E-01  3.87682E-01  2.97685E-01  1.92919E-01
  1.60000E+02  1.69257E-02  1.43247E-01  3.28160E-01  4.38938E-01  4.32320E-01  3.78660E-01  2.99558E-01  2.04344E-01
  2.00000E+02  1.17177E-02  1.18772E-01  2.85692E-01  4.02575E-01  4.09611E-01  3.67898E-01  2.99192E-01  2.13196E-01
  2.40000E+02  7.97747E-03  9.79530E-02  2.47940E-01  3.67372E-01  3.86322E-01  3.55678E-01  2.96835E-01  2.19696E-01
  2.80000E+02  5.33886E-03  8.03456E-02  2.14491E-01  3.33619E-01  3.62750E-01  3.42265E-01  2.92722E-01  2.24057E-01
  3.20000E+02  3.51098E-03  6.55403E-02  1.84956E-01  3.01544E-01  3.39161E-01  3.27906E-01  2.87080E-01  2.26486E-01
  3.60000E+02  2.26802E-03  5.31641E-02  1.58966E-01  2.71315E-01  3.15791E-01  3.12830E-01  2.80120E-01  2.27179E-01
  4.00000E+02  1.43865E-03  4.28803E-02  1.36176E-01  2.43044E-01  2.92844E-01  2.97247E-01  2.72043E-01  2.26323E-01
  4.40000E+02  8.95808E-04  3.43867E-02  1.16262E-01  2.16794E-01  2.70497E-01  2.81349E-01  2.63036E-01  2.24099E-01
  4.80000E+02  5.47379E-04  2.74146E-02  9.89240E-02  1.92585E-01  2.48897E-01  2.65310E-01  2.53274E-01  2.20673E-01
  5.20000E+02  3.28132E-04  2.17270E-02  8.38826E-02  1.70401E-01  2.28163E-01  2.49284E-01  2.42919E-01  2.16207E-01
  5.60000E+02  1.92919E-04  1.71164E-02  7.08815E-02  1.50195E-01  2.08389E-01  2.33408E-01  2.32119E-01  2.10848E-01
  6.00000E+02  1.11212E-04  1.34025E-02  5.96854E-02  1.31893E-01  1.89646E-01  2.17800E-01  2.21009E-01  2.04738E-01
  6.40000E+02  6.28452E-05  1.04303E-02  5.00798E-02  1.15405E-01  1.71982E-01  2.02563E-01  2.09711E-01  1.98004E-01
  6.80000E+02  3.48041E-05  8.06691E-03  4.18697E-02  1.00626E-01  1.55426E-01  1.87784E-01  1.98337E-01  1.90768E-01
  7.20000E+02  1.88855E-05  6.20004E-03  3.48790E-02  8.74429E-02  1.39989E-01  1.73533E-01  1.86984E-01  1.83138E-01
  7.60000E+02  1.00386E-05  4.73510E-03  2.89496E-02  7.57366E-02  1.25668E-01  1.59868E-01  1.75739E-01  1.75217E-01
  8.00000E+02  5.22606E-06  3.59324E-03  2.39397E-02  6.53868E-02  1.12444E-01  1.46832E-01  1.64677E-01  1.67095E-01
  8.40000E+02  2.66409E-06  2.70919E-03  1.97233E-02  5.62741E-02  1.00291E-01  1.34458E-01  1.53864E-01  1.58855E-01
  8.80000E+02  1.32959E-06  2.02938E-03  1.61887E-02  4.82825E-02  8.91704E-02  1.22767E-01  1.43353E-01  1.50571E-01
  9.20000E+02  6.49531E-07  1.51020E-03  1.32374E-02  4.13007E-02  7.90386E-02  1.11771E-01  1.33190E-01  1.42308E-01
  9.60000E+02  3.10545E-07  1.11642E-03  1.07829E-02  3.52233E-02  6.98457E-02  1.01471E-01  1.23413E-01  1.34125E-01
  1.00000E+03  1.45285E-07  8.19835E-04  8.74985E-03  2.99520E-02  6.15382E-02  9.18640E-02  1.14051E-01  1.26072E-01
  1.04000E+03  6.65001E-08  5.98003E-04  7.07270E-03  2.53955E-02  5.40600E-02  8.29382E-02  1.05125E-01  1.18192E-01
  1.08000E+03  2.97757E-08  4.33252E-04  5.69479E-03  2.14701E-02  4.73536E-02  7.46771E-02  9.66491E-02  1.10522E-01
  1.12000E+03  1.30400E-08  3.11757E-04  4.56736E-03  1.80994E-02  4.13614E-02  6.70594E-02  8.86337E-02  1.03092E-01
  1.16000E+03  5.58478E-09  2.22798E-04  3.64870E-03  1.52143E-02  3.60265E-02  6.00601E-02  8.10819E-02  9.59286E-02
  1.20000E+03  2.33879E-09  1.58128E-04  2.90324E-03  1.27527E-02  3.12933E-02  5.36515E-02  7.39927E-02  8.90503E-02
  1.24000E+03  9.57583E-10  1.11452E-04  2.30086E-03  1.06589E-02  2.71081E-02  4.78036E-02  6.73611E-02  8.24724E-02
  1.28000E+03  3.83269E-10  7.80067E-05  1.81614E-03  8.88360E-03  2.34197E-02  4.24851E-02  6.11785E-02  7.62055E-02
  1.32000E+03  1.49940E-10  5.42157E-05  1.42775E-03  7.38285E-03  2.01797E-02  3.76636E-02  5.54333E-02  7.02564E-02
  1.36000E+03  5.73281E-11  3.74153E-05  1.11785E-03  6.11811E-03  1.73424E-02  3.33065E-02  5.01115E-02  6.46285E-02
  1.40000E+03  2.14189E-11  2.56384E-05  8.71645E-04  5.05552E-03  1.48656E-02  2.93813E-02  4.51970E-02  5.93218E-02
  1.44000E+03  7.81907E-12  1.74435E-05  6.76873E-04  4.16549E-03  1.27099E-02  2.58558E-02  4.06724E-02  5.43339E-02
  1.48000E+03  2.78862E-12  1.17831E-05  5.23454E-04  3.42225E-03  1.08394E-02  2.26988E-02  3.65189E-02  4.96600E-02
  1.52000E+03  9.71511E-13  7.90244E-06  4.03129E-04  2.80350E-03  9.22091E-03  1.98799E-02  3.27171E-02  4.52933E-02
  1.56000E+03  3.30581E-13  5.26162E-06  3.09169E-04  2.28994E-03  7.82460E-03  1.73702E-02  2.92468E-02  4.12252E-02
  1.60000E+03  1.09858E-13  3.47795E-06  2.36116E-04  1.86501E-03  6.62335E-03  1.51420E-02  2.60879E-02  3.74459E-02
  1.64000E+03  3.56492E-14  2.28223E-06  1.79566E-04  1.51448E-03  5.59278E-03  1.31692E-02  2.32201E-02  3.39445E-02
  1.68000E+03  1.12950E-14  1.48667E-06  1.35983E-04  1.22622E-03  4.71105E-03  1.14272E-02  2.06236E-02  3.07089E-02
  1.72000E+03  3.49369E-15  9.61339E-07  1.02541E-04  9.89896E-04  3.95871E-03  9.89325E-03  1.82788E-02  2.77269E-02
  1.76000E+03  1.05485E-15  6.17071E-07  7.69943E-05  7.96748E-04  3.31849E-03  8.54596E-03  1.61666E-02  2.49853E-02
  1.80000E+03  3.10850E-16  3.93168E-07  5.75649E-05  6.39377E-04  2.77512E-03  7.36572E-03  1.42689E-02  2.24712E-02
  1.84000E+03  8.93943E-17  2.48654E-07  4.28537E-05  5.11557E-04  2.31517E-03  6.33445E-03  1.25679E-02  2.01712E-02
  1.88000E+03  2.50847E-17  1.56090E-07  3.17647E-05  4.08062E-04  1.92683E-03  5.43563E-03  1.10472E-02  1.80721E-02
  1.92000E+03  6.86737E-18  9.72543E-08  2.34433E-05  3.24526E-04  1.59980E-03  4.65420E-03  9.69071E-03  1.61608E-02
  1.96000E+03  1.83398E-18  6.01430E-08  1.72268E-05  2.57310E-04  1.32512E-03  3.97649E-03  8.48370E-03  1.44245E-02
  2.00000E+03  4.77705E-19  3.69143E-08  1.26036E-05  2.03398E-04  1.09498E-03  3.39017E-03  7.41219E-03  1.28508E-02
  2.04000E+03  1.21345E-19  2.24869E-08  9.18087E-06  1.60292E-04  9.02664E-04  2.88414E-03  6.46316E-03  1.14277E-02
  2.08000E+03  3.00550E-20  1.35950E-08  6.65835E-06  1.25936E-04  7.42353E-04  2.44844E-03  5.62454E-03  1.01435E-02
  2.12000E+03  7.25732E-21  8.15707E-09  4.80769E-06  9.86398E-05  6.09060E-04  2.07417E-03  4.88515E-03  8.98716E-03
  2.16000E+03  1.70817E-21  4.85722E-09  3.45611E-06  7.70228E-05  4.98511E-04  1.75343E-03  4.23471E-03  7.94826E-03
  2.20000E+03  3.91839E-22  2.87033E-09  2.47351E-06  5.99577E-05  4.07056E-04  1.47918E-03  3.66377E-03  7.01682E-03
  2.24000E+03  8.75856E-23  1.68328E-09  1.76243E-06  4.65291E-05  3.31585E-04  1.24524E-03  3.16372E-03  6.18346E-03
  2.28000E+03  1.90734E-23  9.79617E-10  1.25018E-06  3.59961E-05  2.69462E-04  1.04613E-03  2.72671E-03  5.43941E-03
  2.32000E+03  4.04588E-24  5.65746E-10  8.82869E-07  2.77609E-05  2.18454E-04  8.77036E-04  2.34559E-03  4.77644E-03
  2.36000E+03  8.35805E-25  3.24225E-10  6.20689E-07  2.13429E-05  1.76677E-04  7.33765E-04  2.01394E-03  4.18691E-03
  2.40000E+03  1.68118E-25  1.84384E-10  4.34412E-07  1.63573E-05  1.42546E-04  6.12640E-04  1.72592E-03  3.66374E-03
  2.44000E+03  3.29195E-26  1.04051E-10  3.02674E-07  1.24970E-05  1.14732E-04  5.10463E-04  1.47634E-03  3.20038E-03
  2.48000E+03  6.27373E-27  5.82645E-11  2.09937E-07  9.51770E-06  9.21227E-05  4.24460E-04  1.26049E-03  2.79080E-03
  2.52000E+03  1.16341E-27  3.23739E-11  1.44957E-07  7.22580E-06  7.37900E-05  3.52228E-04  1.07421E-03  2.42945E-03
  2.56000E+03  2.09881E-28  1.78489E-11  9.96370E-08  5.46846E-06  5.89626E-05  2.91694E-04  9.13777E-04  2.11128E-03
  2.60000E+03  3.68247E-29  9.76444E-12  6.81758E-08  4.12539E-06  4.70002E-05  2.41073E-04  7.75874E-04  1.83166E-03
  2.64000E+03  6.28230E-30  5.30024E-12  4.64369E-08  3.10230E-06  3.73737E-05  1.98833E-04  6.57579E-04  1.58639E-03
  2.68000E+03  1.04182E-30  2.85464E-12  3.14859E-08  2.32551E-06  2.96465E-05  1.63662E-04  5.56305E-04  1.37164E-03
  2.72000E+03  1.67897E-31  1.52548E-12  2.12512E-08  1.73765E-06  2.34595E-05  1.34440E-04  4.69775E-04  1.18398E-03
  2.76000E+03  2.62868E-32  8.08832E-13  1.42779E-08  1.29425E-06  1.85182E-05  1.10212E-04  3.95987E-04  1.02029E-03
  2.80000E+03  3.99709E-33  4.25500E-13  9.54885E-09  9.60899E-07  1.45819E-05  9.01681E-05  3.33187E-04  8.77764E-04
  2.84000E+03  5.90094E-34  2.22088E-13  6.35686E-09  7.11116E-07  1.14541E-05  7.36200E-05  2.79843E-04  7.53900E-04
  2.88000E+03  8.45516E-35  1.15008E-13  4.21245E-09  5.24570E-07  8.97503E-06  5.99874E-05  2.34618E-04  6.46447E-04
  2.92000E+03  1.17542E-35  5.90891E-14  2.77858E-09  3.85713E-07  7.01516E-06  4.87804E-05  1.96350E-04  5.53397E-04
  2.96000E+03  1.58478E-36  3.01199E-14  1.82434E-09  2.82696E-07  5.46971E-06  3.95868E-05  1.64032E-04  4.72965E-04
  3.00000E+03  2.07148E-37  1.52323E-14  1.19228E-09  2.06522E-07  4.25416E-06  3.20609E-05  1.36788E-04  4.03563E-04
  3.04000E+03  2.62391E-38  7.64246E-15  7.75603E-10  1.50384E-07  3.30053E-06  2.59132E-05  1.13867E-04  3.43783E-04
  3.08000E+03  3.21948E-39  3.80414E-15  5.02208E-10  1.09150E-07  2.55430E-06  2.09018E-05  9.46185E-05  2.92381E-04
  3.12000E+03  3.82465E-40  1.87858E-15  3.23674E-10  7.89647E-08  1.97186E-06  1.68253E-05  7.84843E-05  2.48259E-04
  3.16000E+03  4.39699E-41  9.20333E-16  2.07640E-10  5.69406E-08  1.51842E-06  1.35164E-05  6.49857E-05  2.10451E-04
  3.20000E+03  4.88913E-42  4.47303E-16  1.32583E-10  4.09252E-08  1.16633E-06  1.08360E-05  5.37131E-05  1.78108E-04
  3.24000E+03  5.25487E-43  2.15672E-16  8.42631E-11  2.93182E-08  8.93639E-07  8.66949E-06  4.43166E-05  1.50487E-04
  3.28000E+03  5.46506E-44  1.03161E-16  5.33035E-11  2.09342E-08  6.82982E-07  6.92189E-06  3.64982E-05  1.26936E-04
  3.32000E+03  4.20390E-45  4.89514E-17  3.35614E-11  1.48988E-08  5.20667E-07  5.51519E-06  3.00046E-05  1.06887E-04
  3.36000E+03  0.00000E+00  2.30429E-17  2.10324E-11  1.05685E-08  3.95924E-07  4.38523E-06  2.46206E-05  8.98450E-05
  3.40000E+03  0.00000E+00  1.07603E-17  1.31189E-11  7.47212E-09  3.00303E-07  3.47943E-06  2.01643E-05  7.53800E-05
  3.44000E+03  0.00000E+00  4.98458E-18  8.14450E-12  5.26549E-09  2.27193E-07  2.75478E-06  1.64817E-05  6.31179E-05
  3.48000E+03  0.00000E+00  2.29056E-18  5.03254E-12  3.69823E-09  1.71436E-07  2.17620E-06  1.34431E-05  5.27348E-05
  3.52000E+03  0.00000E+00  1.04414E-18  3.09502E-12  2.58882E-09  1.29021E-07  1.71509E-06  1.09392E-05  4.39499E-05
  3.56000E+03  0.00000E+00  4.72148E-19  1.89447E-12  1.80613E-09  9.68327E-08  1.34821E-06  8.87785E-06  3.65207E-05
  3.60000E+03  0.00000E+00  2.11785E-19  1.15414E-12  1.25577E-09  7.24614E-08  1.05671E-06  7.18189E-06  3.02370E-05
  3.64000E+03  0.00000E+00  9.42334E-20  6.99787E-13  8.70011E-10  5.40456E-08  8.25301E-07  5.78639E-06  2.49175E-05
  3.68000E+03  0.00000E+00  4.15914E-20  4.22265E-13  6.00443E-10  4.01507E-08  6.41616E-07  4.63683E-06  2.04048E-05
  3.72000E+03  0.00000E+00  1.82090E-20  2.53544E-13  4.12547E-10  2.96727E-08  4.95627E-07  3.68733E-06  1.65625E-05
  3.76000E+03  0.00000E+00  7.90758E-21  1.51421E-13  2.81784E-10  2.17622E-08  3.79204E-07  2.89918E-06  1.32719E-05
  3.80000E+03  0.00000E+00  3.40593E-21  8.98326E-14  1.90731E-10  1.57645E-08  2.85724E-07  2.23955E-06  1.04287E-05
  3.84000E+03  0.00000E+00  1.45430E-21  5.27413E-14  1.27005E-10  1.11730E-08  2.09756E-07  1.68036E-06  7.94091E-06
  3.88000E+03  0.00000E+00  6.13868E-22  3.02893E-14  8.17537E-11  7.59103E-09  1.46788E-07  1.19728E-06  5.72630E-06
  3.92000E+03  0.00000E+00  2.51865E-22  1.63817E-14  4.85529E-11  4.70254E-09  9.30028E-08  7.68864E-07  3.71011E-06
  3.96000E+03  0.00000E+00  8.97884E-23  7.15814E-15  2.25835E-11  2.24723E-09  4.50757E-08  3.75770E-07  1.82319E-06
  4.00000E+03  0.00000E+00  0.00000E+00  0.00000E+00  0.00000E+00  0.00000E+00  0.00000E+00  0.00000E+00  0.00000E+00
