 Depth 10 30 50 70 90 110 130 150
  0.00000E+00  7.98314E-02  4.35973E-01  9.21205E-01  1.13086E+00  1.10958E+00  9.85694E-01  7.97707E-01  5.64452E-01
  4.00000E+01  5.82163E-02  3.65822E-01  8.06091E-01  1.04338E+00  1.05293E+00  9.56791E-01  7.94064E-01  5.84109E-01
  8.00000E+01  4.18397E-02  3.05477E-01  7.03272E-01  9.58100E-01  9.94932E-01  9.24494E-01  7.85632E-01  5.97946E-01
  1.20000E+02  2.96213E-02  2.53832E-01  6.11763E-01  8.75713E-01  9.36274E-01  8.89430E-01  7.72993E-01  6.06510E-01
  1.60000E+02  2.06489E-02  2.09860E-01  5.30573E-01  7.96789E-01  8.77559E-01  8.52183E-01  7.56702E-01  6.10323E-01
  2.00000E+02  1.41670E-02  1.72620E-01  4.58766E-01  7.21779E-01  8.19332E-01  8.13296E-01  7.37280E-01  6.09885E-01
  2.40000E+02  9.56234E-03  1.41252E-01  3.95459E-01  6.51016E-01  7.62068E-01  7.73264E-01  7.15215E-01  6.05669E-01
  2.80000E+02  6.34718E-03  1.14973E-01  3.39827E-01  5.84728E-01  7.06179E-01  7.32540E-01  6.90964E-01  5.98123E-01
  3.20000E+02  4.14151E-03  9.30811E-02  2.91101E-01  5.23045E-01  6.52016E-01  6.91531E-01  6.64949E-01  5.87670E-01
  3.60000E+02  2.65544E-03  7.49470E-02  2.48565E-01  4.66008E-01  5.99866E-01  6.50604E-01  6.37562E-01  5.74706E-01
  4.00000E+02  1.67248E-03  6.00120E-02  2.11558E-01  4.13586E-01  5.49961E-01  6.10081E-01  6.09161E-01  5.59604E-01
  4.40000E+02  1.03439E-03  4.77836E-02  1.79471E-01  3.65679E-01  5.02481E-01  5.70245E-01  5.80074E-01  5.42707E-01
  4.80000E+02  6.28010E-04  3.78305E-02  1.51746E-01  3.22139E-01  4.57554E-01  5.31340E-01  5.50594E-01  5.24336E-01
  5.20000E+02  3.74174E-04  2.97779E-02  1.27874E-01  2.82773E-01  4.15265E-01  4.93572E-01  5.20987E-01  5.04787E-01
  5.60000E+02  2.18715E-04  2.33026E-02  1.07393E-01  2.47358E-01  3.75658E-01  4.57112E-01  4.91491E-01  4.84330E-01
  6.00000E+02  1.25389E-04  1.81275E-02  8.98831E-02  2.15649E-01  3.38739E-01  4.22099E-01  4.62312E-01  4.63212E-01
  6.40000E+02  7.04856E-05  1.40174E-02  7.49677E-02  1.87387E-01  3.04484E-01  3.88640E-01  4.33633E-01  4.41656E-01
  6.80000E+02  3.88414E-05  1.07737E-02  6.23088E-02  1.62308E-01  2.72844E-01  3.56816E-01  4.05608E-01  4.19866E-01
  7.20000E+02  2.09767E-05  8.22992E-03  5.16047E-02  1.40144E-01  2.43743E-01  3.26681E-01  3.78372E-01  3.98020E-01
  7.60000E+02  1.11001E-05  6.24792E-03  4.25871E-02  1.20636E-01  2.17090E-01  2.98267E-01  3.52033E-01  3.76280E-01
  8.00000E+02  5.75407E-06  4.71364E-03  3.50188E-02  1.03531E-01  1.92777E-01  2.71585E-01  3.26681E-01  3.54786E-01
  8.40000E+02  2.92137E-06  3.53372E-03  2.86910E-02  8.85886E-02  1.70687E-01  2.46626E-01  3.02386E-01  3.33660E-01
  8.80000E+02  1.45237E-06  2.63230E-03  2.34205E-02  7.55823E-02  1.50691E-01  2.23369E-01  2.79201E-01  3.13007E-01
  9.20000E+02  7.06915E-07  1.94825E-03  1.90477E-02  6.43002E-02  1.32660E-01  2.01776E-01  2.57162E-01  2.92918E-01
  9.60000E+02  3.36804E-07  1.43263E-03  1.54336E-02  5.45466E-02  1.16459E-01  1.81800E-01  2.36291E-01  2.73466E-01
  1.00000E+03  1.57048E-07  1.04659E-03  1.24583E-02  4.61422E-02  1.01953E-01  1.63384E-01  2.16598E-01  2.54711E-01
  1.04000E+03  7.16571E-08  7.59551E-04  1.00186E-02  3.89235E-02  8.90111E-02  1.46463E-01  1.98081E-01  2.36701E-01
  1.08000E+03  3.19883E-08  5.47581E-04  8.02597E-03  3.27426E-02  7.75025E-02  1.30967E-01  1.80727E-01  2.19473E-01
  1.12000E+03  1.39689E-08  3.92130E-04  6.40499E-03  2.74668E-02  6.73024E-02  1.16821E-01  1.64517E-01  2.03051E-01
  1.16000E+03  5.96632E-09  2.78922E-04  5.09165E-03  2.29772E-02  5.82911E-02  1.03948E-01  1.49423E-01  1.87451E-01
  1.20000E+03  2.49208E-09  1.97054E-04  4.03187E-03  1.91682E-02  5.03554E-02  9.22703E-02  1.35410E-01  1.72682E-01
  1.24000E+03  1.01782E-09  1.38268E-04  3.18017E-03  1.59463E-02  4.33884E-02  8.17082E-02  1.22440E-01  1.58742E-01
  1.28000E+03  4.06415E-10  9.63534E-05  2.49851E-03  1.32291E-02  3.72903E-02  7.21835E-02  1.10470E-01  1.45626E-01
  1.32000E+03  1.58637E-10  6.66820E-05  1.95518E-03  1.09443E-02  3.19688E-02  6.36192E-02  9.94545E-02  1.33320E-01
  1.36000E+03  6.05223E-11  4.58276E-05  1.52390E-03  9.02893E-03  2.73385E-02  5.59406E-02  8.93450E-02  1.21808E-01
  1.40000E+03  2.25658E-11  3.12756E-05  1.18299E-03  7.42786E-03  2.33212E-02  4.90752E-02  8.00924E-02  1.11067E-01
  1.44000E+03  8.22156E-12  2.11948E-05  9.14640E-04  6.09352E-03  1.98455E-02  4.29540E-02  7.16465E-02  1.01074E-01
  1.48000E+03  2.92665E-12  1.42620E-05  7.04296E-04  4.98477E-03  1.68468E-02  3.75110E-02  6.39572E-02  9.18003E-02
  1.52000E+03  1.01777E-12  9.52893E-06  5.40116E-04  4.06619E-03  1.42668E-02  3.26841E-02  5.69747E-02  8.32161E-02
  1.56000E+03  3.45725E-13  6.32130E-06  4.12510E-04  3.30745E-03  1.20529E-02  2.84148E-02  5.06500E-02  7.52899E-02
  1.60000E+03  1.14701E-13  4.16344E-06  3.13756E-04  2.68258E-03  1.01584E-02  2.46485E-02  4.49355E-02  6.79893E-02
  1.64000E+03  3.71620E-14  2.72250E-06  2.37655E-04  2.16952E-03  8.54131E-03  2.13345E-02  3.97848E-02  6.12809E-02
  1.68000E+03  1.17565E-14  1.76742E-06  1.79265E-04  1.74951E-03  7.16471E-03  1.84259E-02  3.51536E-02  5.51312E-02
  1.72000E+03  3.63117E-15  1.13908E-06  1.34656E-04  1.40673E-03  5.99585E-03  1.58793E-02  3.09995E-02  4.95067E-02
  1.76000E+03  1.09483E-15  7.28790E-07  1.00723E-04  1.12782E-03  5.00591E-03  1.36553E-02  2.72819E-02  4.43742E-02
  1.80000E+03  3.22203E-16  4.62879E-07  7.50243E-05  9.01558E-04  4.16964E-03  1.17178E-02  2.39629E-02  3.97011E-02
  1.84000E+03  9.25403E-17  2.91837E-07  5.56460E-05  7.18574E-04  3.46497E-03  1.00338E-02  2.10064E-02  3.54557E-02
  1.88000E+03  2.59355E-17  1.82645E-07  4.10978E-05  5.71040E-04  2.87268E-03  8.57377E-03  1.83788E-02  3.16072E-02
  1.92000E+03  7.09191E-18  1.13464E-07  3.02237E-05  4.52453E-04  2.37608E-03  7.31083E-03  1.60487E-02  2.81260E-02
  1.96000E+03  1.89179E-18  6.99657E-08  2.21317E-05  3.57428E-04  1.96075E-03  6.22093E-03  1.39872E-02  2.49837E-02
  2.00000E+03  4.92224E-19  4.28227E-08  1.61367E-05  2.81517E-04  1.61426E-03  5.28255E-03  1.21671E-02  2.21532E-02
  2.04000E+03  1.24902E-19  2.60146E-08  1.17149E-05  2.21064E-04  1.32590E-03  4.47646E-03  1.05638E-02  1.96089E-02
  2.08000E+03  3.09046E-20  1.56856E-08  8.46796E-06  1.73071E-04  1.08651E-03  3.78559E-03  9.15438E-03  1.73264E-02
  2.12000E+03  7.45520E-21  9.38687E-09  6.09442E-06  1.35089E-04  8.88267E-04  3.19481E-03  7.91811E-03  1.52831E-02
  2.16000E+03  1.75310E-21  5.57526E-09  4.36708E-06  1.05123E-04  7.24499E-04  2.69073E-03  6.83599E-03  1.34574E-02
  2.20000E+03  4.01781E-22  3.28643E-09  3.11566E-06  8.15553E-05  5.89541E-04  2.26159E-03  5.89078E-03  1.18294E-02
  2.24000E+03  8.97295E-23  1.92261E-09  2.21311E-06  6.30787E-05  4.78600E-04  1.89705E-03  5.06686E-03  1.03805E-02
  2.28000E+03  1.95238E-23  1.11623E-09  1.56510E-06  4.86388E-05  3.87623E-04  1.58806E-03  4.35015E-03  9.09366E-03
  2.32000E+03  4.13807E-24  6.43147E-10  1.10196E-06  3.73895E-05  3.13201E-04  1.32673E-03  3.72797E-03  7.95282E-03
  2.36000E+03  8.54178E-25  3.67746E-10  7.72444E-07  2.86535E-05  2.52472E-04  1.10618E-03  3.18895E-03  6.94338E-03
  2.40000E+03  1.71684E-25  2.08670E-10  5.39062E-07  2.18909E-05  2.03037E-04  9.20442E-04  2.72290E-03  6.05190E-03
  2.44000E+03  3.35931E-26  1.17500E-10  3.74523E-07  1.66726E-05  1.62895E-04  7.64365E-04  2.32076E-03  5.26606E-03
  2.48000E+03  6.39758E-27  6.56562E-11  2.59047E-07  1.26588E-05  1.30379E-04  6.33488E-04  1.97444E-03  4.57465E-03
  2.52000E+03  1.18557E-27  3.64054E-11  1.78376E-07  9.58142E-06  1.04106E-04  5.23974E-04  1.67678E-03  3.96744E-03
  2.56000E+03  2.13737E-28  2.00310E-11  1.22277E-07  7.22951E-06  8.29287E-05  4.32530E-04  1.42145E-03  3.43515E-03
  2.60000E+03  3.74773E-29  1.09365E-11  8.34456E-08  5.43785E-06  6.59015E-05  3.56335E-04  1.20285E-03  2.96939E-03
  2.64000E+03  6.38967E-30  5.92492E-12  5.66896E-08  4.07737E-06  5.22448E-05  2.92979E-04  1.01605E-03  2.56258E-03
  2.68000E+03  1.05899E-30  3.18504E-12  3.83391E-08  3.04766E-06  4.13188E-05  2.40409E-04  8.56746E-04  2.20790E-03
  2.72000E+03  1.70565E-31  1.69889E-12  2.58116E-08  2.27081E-06  3.25990E-05  1.96881E-04  7.21140E-04  1.89923E-03
  2.76000E+03  2.66896E-32  8.99143E-13  1.72988E-08  1.68663E-06  2.56574E-05  1.60913E-04  6.05928E-04  1.63106E-03
  2.80000E+03  4.05613E-33  4.72171E-13  1.15410E-08  1.24877E-06  2.01450E-05  1.31255E-04  5.08227E-04  1.39850E-03
  2.84000E+03  5.98494E-34  2.46020E-13  7.66470E-09  9.21646E-07  1.57786E-05  1.06850E-04  4.25532E-04  1.19717E-03
  2.88000E+03  8.57113E-35  1.27186E-13  5.06714E-09  6.78049E-07  1.23286E-05  8.68103E-05  3.55669E-04  1.02319E-03
  2.92000E+03  1.19095E-35  6.52371E-14  3.33461E-09  4.97246E-07  9.60947E-06  7.03885E-05  2.96756E-04  8.73090E-04
  2.96000E+03  1.60494E-36  3.31998E-14  2.18442E-09  3.63490E-07  7.47177E-06  5.69596E-05  2.47169E-04  7.43823E-04
  3.00000E+03  2.09686E-37  1.67631E-14  1.42441E-09  2.64862E-07  5.79541E-06  4.60008E-05  2.05510E-04  6.32688E-04
  3.04000E+03  2.65485E-38  8.39743E-15  9.24565E-10  1.92376E-07  4.48413E-06  3.70763E-05  1.70575E-04  5.37302E-04
  3.08000E+03  3.25601E-39  4.17356E-15  5.97363E-10  1.39279E-07  3.46102E-06  2.98235E-05  1.41332E-04  4.55572E-04
  3.12000E+03  3.86641E-40  2.05793E-15  3.84181E-10  1.00512E-07  2.66476E-06  2.39415E-05  1.16899E-04  3.85661E-04
  3.16000E+03  4.44310E-41  1.00673E-15  2.45938E-10  7.23012E-08  2.04663E-06  1.91811E-05  9.65212E-05  3.25959E-04
  3.20000E+03  4.93818E-42  4.88591E-16  1.56713E-10  5.18403E-08  1.56800E-06  1.53363E-05  7.95568E-05  2.75058E-04
  3.24000E+03  5.31092E-43  2.35249E-16  9.93967E-11  3.70493E-08  1.19833E-06  1.22375E-05  6.54591E-05  2.31730E-04
  3.28000E+03  5.46506E-44  1.12371E-16  6.27511E-11  2.63926E-08  9.13535E-07  9.74511E-06  5.37646E-05  1.94909E-04
  3.32000E+03  4.20390E-45  5.32499E-17  3.94322E-11  1.87400E-08  6.94690E-07  7.74455E-06  4.40807E-05  1.63664E-04
  3.36000E+03  0.00000E+00  2.50333E-17  2.46637E-11  1.32630E-08  5.26951E-07  6.14206E-06  3.60753E-05  1.37190E-04
  3.40000E+03  0.00000E+00  1.16747E-17  1.53546E-11  9.35603E-09  3.98710E-07  4.86103E-06  2.94687E-05  1.14791E-04
  3.44000E+03  0.00000E+00  5.40130E-18  9.51462E-12  6.57840E-09  3.00915E-07  3.83902E-06  2.40250E-05  9.58620E-05
  3.48000E+03  0.00000E+00  2.47897E-18  5.86831E-12  4.61022E-09  2.26526E-07  3.02523E-06  1.95462E-05  7.98839E-05
  3.52000E+03  0.00000E+00  1.12866E-18  3.60246E-12  3.22025E-09  1.70080E-07  2.37842E-06  1.58661E-05  6.64074E-05
  3.56000E+03  0.00000E+00  5.09756E-19  2.20114E-12  2.24187E-09  1.27353E-07  1.86518E-06  1.28452E-05  5.50460E-05
  3.60000E+03  0.00000E+00  2.28387E-19  1.33861E-12  1.55545E-09  9.50831E-08  1.45848E-06  1.03669E-05  4.54667E-05
  3.64000E+03  0.00000E+00  1.01504E-19  8.10231E-13  1.07541E-09  7.07598E-08  1.13650E-06  8.33360E-06  3.73828E-05
  3.68000E+03  0.00000E+00  4.47501E-20  4.88077E-13  7.40692E-10  5.24536E-08  8.81617E-07  6.66355E-06  3.05469E-05
  3.72000E+03  0.00000E+00  1.95703E-20  2.92570E-13  5.07900E-10  3.86838E-08  6.79599E-07  5.28824E-06  2.47454E-05
  3.76000E+03  0.00000E+00  8.48957E-21  1.74442E-13  3.46251E-10  2.83145E-08  5.18946E-07  4.15011E-06  1.97929E-05
  3.80000E+03  0.00000E+00  3.65273E-21  1.03326E-13  2.33941E-10  2.04733E-08  3.90323E-07  3.20047E-06  1.55276E-05
  3.84000E+03  0.00000E+00  1.55807E-21  6.05715E-14  1.55518E-10  1.44864E-08  2.86099E-07  2.39786E-06  1.18072E-05
  3.88000E+03  0.00000E+00  6.57011E-22  3.47381E-14  9.99629E-11  9.82855E-09  1.99957E-07  1.70649E-06  8.50492E-06
  3.92000E+03  0.00000E+00  2.69320E-22  1.87663E-14  5.92996E-11  6.08221E-09  1.26568E-07  1.09491E-06  5.50591E-06
  3.96000E+03  0.00000E+00  9.59430E-23  8.19371E-15  2.75618E-11  2.90460E-09  6.13071E-08  5.34831E-07  2.70432E-06
  4.00000E+03  0.00000E+00  0.00000E+00  0.00000E+00  0.00000E+00  0.00000E+00  0.00000E+00  0.00000E+00  0.00000E+00
