 Depth 10 30 50 70 90 110 130 150
  0.00000E+00  6.06130E-02  2.81152E-01  5.43214E-01  5.80097E-01  5.05634E-01  3.99124E-01  2.76235E-01  1.43237E-01
  4.00000E+01  4.46048E-02  2.37817E-01  4.78588E-01  5.43470E-01  4.88604E-01  3.96805E-01  2.85929E-01  1.63218E-01
  8.00000E+01  3.23338E-02  2.00163E-01  4.20364E-01  5.06254E-01  4.69595E-01  3.91872E-01  2.92639E-01  1.79971E-01
  1.20000E+02  2.30776E-02  1.67619E-01  3.68112E-01  4.68987E-01  4.49003E-01  3.84645E-01  2.96637E-01  1.93735E-01
  1.60000E+02  1.62103E-02  1.39642E-01  3.21371E-01  4.32145E-01  4.27206E-01  3.75434E-01  2.98188E-01  2.04743E-01
  2.00000E+02  1.12014E-02  1.15724E-01  2.79696E-01  3.96142E-01  4.04550E-01  3.64531E-01  2.97547E-01  2.13221E-01
  2.40000E+02  7.61127E-03  9.53904E-02  2.42661E-01  3.61323E-01  3.81356E-01  3.52213E-01  2.94957E-01  2.19388E-01
  2.80000E+02  5.08364E-03  7.82026E-02  2.09858E-01  3.27970E-01  3.57914E-01  3.38742E-01  2.90652E-01  2.23457E-01
  3.20000E+02  3.33630E-03  6.37580E-02  1.80904E-01  2.96302E-01  3.34485E-01  3.24361E-01  2.84854E-01  2.25630E-01
  3.60000E+02  2.15067E-03  5.16902E-02  1.55434E-01  2.66480E-01  3.11298E-01  3.09295E-01  2.77774E-01  2.26101E-01
  4.00000E+02  1.36130E-03  4.16683E-02  1.33108E-01  2.38610E-01  2.88554E-01  2.93751E-01  2.69608E-01  2.25057E-01
  4.40000E+02  8.45797E-04  3.33958E-02  1.13606E-01  2.12751E-01  2.66423E-01  2.77916E-01  2.60541E-01  2.22675E-01
  4.80000E+02  5.15678E-04  2.66092E-02  9.66316E-02  1.88919E-01  2.45050E-01  2.61961E-01  2.50745E-01  2.19119E-01
  5.20000E+02  3.08436E-04  2.10763E-02  8.19115E-02  1.67093E-01  2.24549E-01  2.46036E-01  2.40379E-01  2.14549E-01
  5.60000E+02  1.80928E-04  1.65938E-02  6.91926E-02  1.47224E-01  2.05011E-01  2.30276E-01  2.29588E-01  2.09110E-01
  6.00000E+02  1.04062E-04  1.29854E-02  5.82435E-02  1.29238E-01  1.86503E-01  2.14796E-01  2.18506E-01  2.02940E-01
  6.40000E+02  5.86694E-05  1.00993E-02  4.88532E-02  1.13042E-01  1.69071E-01  1.99696E-01  2.07252E-01  1.96168E-01
  6.80000E+02  3.24165E-05  7.80603E-03  4.08300E-02  9.85324E-02  1.52742E-01  1.85060E-01  1.95935E-01  1.88910E-01
  7.20000E+02  1.75492E-05  5.99568E-03  3.40010E-02  8.55953E-02  1.37524E-01  1.70957E-01  1.84651E-01  1.81275E-01
  7.60000E+02  9.30666E-06  4.57604E-03  2.82108E-02  7.41126E-02  1.23414E-01  1.57442E-01  1.73484E-01  1.73361E-01
  8.00000E+02  4.83381E-06  3.47023E-03  2.33204E-02  6.39647E-02  1.10391E-01  1.44557E-01  1.62508E-01  1.65260E-01
  8.40000E+02  2.45844E-06  2.61468E-03  1.92062E-02  5.50335E-02  9.84285E-02  1.32333E-01  1.51786E-01  1.57051E-01
  8.80000E+02  1.22413E-06  1.95725E-03  1.57585E-02  4.72039E-02  8.74872E-02  1.20789E-01  1.41372E-01  1.48808E-01
  9.20000E+02  5.96644E-07  1.45551E-03  1.28808E-02  4.03662E-02  7.75229E-02  1.09936E-01  1.31309E-01  1.40593E-01
  9.60000E+02  2.84611E-07  1.07524E-03  1.04885E-02  3.44164E-02  6.84858E-02  9.97757E-02  1.21633E-01  1.32465E-01
  1.00000E+03  1.32852E-07  7.89029E-04  8.50780E-03  2.92575E-02  6.03223E-02  9.03029E-02  1.12372E-01  1.24472E-01
  1.04000E+03  6.06728E-08  5.75118E-04  6.87443E-03  2.47996E-02  5.29765E-02  8.15056E-02  1.03547E-01  1.16656E-01
  1.08000E+03  2.71063E-08  4.16367E-04  5.53302E-03  2.09604E-02  4.63913E-02  7.33667E-02  9.51723E-02  1.09053E-01
  1.12000E+03  1.18449E-08  2.99386E-04  4.43590E-03  1.76648E-02  4.05096E-02  6.58645E-02  8.72554E-02  1.01693E-01
  1.16000E+03  5.06196E-09  2.13797E-04  3.54229E-03  1.48449E-02  3.52749E-02  5.89741E-02  7.97995E-02  9.45999E-02
  1.20000E+03  2.11531E-09  1.51625E-04  2.81746E-03  1.24396E-02  3.06321E-02  5.26674E-02  7.28033E-02  8.77929E-02
  1.24000E+03  8.64251E-10  1.06787E-04  2.23199E-03  1.03943E-02  2.65283E-02  4.69145E-02  6.62612E-02  8.12862E-02
  1.28000E+03  3.45193E-10  7.46841E-05  1.76107E-03  8.66066E-03  2.29128E-02  4.16842E-02  6.01643E-02  7.50900E-02
  1.32000E+03  1.34767E-10  5.18661E-05  1.38389E-03  7.19558E-03  1.97378E-02  3.69442E-02  5.45007E-02  6.92105E-02
  1.36000E+03  5.14226E-11  3.57658E-05  1.08307E-03  5.96126E-03  1.69583E-02  3.26622E-02  4.92564E-02  6.36506E-02
  1.40000E+03  1.91743E-11  2.44886E-05  8.44173E-04  4.92453E-03  1.45327E-02  2.88059E-02  4.44151E-02  5.84100E-02
  1.44000E+03  6.98596E-12  1.66479E-05  6.55266E-04  4.05642E-03  1.24222E-02  2.53433E-02  3.99593E-02  5.34861E-02
  1.48000E+03  2.48671E-12  1.12367E-05  5.06531E-04  3.33170E-03  1.05913E-02  2.22435E-02  3.58703E-02  4.88737E-02
  1.52000E+03  8.64692E-13  7.52987E-06  3.89931E-04  2.72854E-03  9.00771E-03  1.94766E-02  3.21285E-02  4.45659E-02
  1.56000E+03  2.93688E-13  5.00947E-06  2.98919E-04  2.22809E-03  7.64183E-03  1.70138E-02  2.87142E-02  4.05541E-02
  1.60000E+03  9.74195E-14  3.30856E-06  2.28189E-04  1.81411E-03  6.46708E-03  1.48279E-02  2.56071E-02  3.68282E-02
  1.64000E+03  3.15566E-14  2.16928E-06  1.73462E-04  1.47273E-03  5.45951E-03  1.28930E-02  2.27872E-02  3.33772E-02
  1.68000E+03  9.98076E-15  1.41192E-06  1.31303E-04  1.19207E-03  4.59770E-03  1.11851E-02  2.02346E-02  3.01892E-02
  1.72000E+03  3.08188E-15  9.12240E-07  9.89684E-05  9.62042E-04  3.86255E-03  9.68145E-03  1.79302E-02  2.72519E-02
  1.76000E+03  9.28948E-16  5.85064E-07  7.42785E-05  7.74101E-04  3.23712E-03  8.36115E-03  1.58549E-02  2.45522E-02
  1.80000E+03  2.73297E-16  3.72461E-07  5.55095E-05  6.21020E-04  2.70644E-03  7.20485E-03  1.39908E-02  2.20771E-02
  1.84000E+03  7.84680E-17  2.35358E-07  4.13049E-05  4.96722E-04  2.25734E-03  6.19476E-03  1.23204E-02  1.98134E-02
  1.88000E+03  2.19839E-17  1.47619E-07  3.06027E-05  3.96110E-04  1.87826E-03  5.31461E-03  1.08274E-02  1.77480E-02
  1.92000E+03  6.00918E-18  9.18975E-08  2.25753E-05  3.14926E-04  1.55911E-03  4.54960E-03  9.49597E-03  1.58678E-02
  1.96000E+03  1.60237E-18  5.67817E-08  1.65813E-05  2.49623E-04  1.29111E-03  3.88630E-03  8.31154E-03  1.41603E-02
  2.00000E+03  4.16759E-19  3.48213E-08  1.21257E-05  1.97261E-04  1.06663E-03  3.31258E-03  7.26032E-03  1.26130E-02
  2.04000E+03  1.05711E-19  2.11936E-08  8.82866E-06  1.55408E-04  8.79089E-04  2.81754E-03  6.32948E-03  1.12140E-02
  2.08000E+03  2.61456E-20  1.28021E-08  6.39989E-06  1.22061E-04  7.22796E-04  2.39140E-03  5.50712E-03  9.95192E-03
  2.12000E+03  6.30461E-21  7.67468E-09  4.61888E-06  9.55756E-05  5.92876E-04  2.02543E-03  4.78223E-03  8.81580E-03
  2.16000E+03  1.48193E-21  4.56602E-09  3.31880E-06  7.46069E-05  4.85151E-04  1.71187E-03  4.14469E-03  7.79526E-03
  2.20000E+03  3.39493E-22  2.69591E-09  2.37410E-06  5.80589E-05  3.96053E-04  1.44384E-03  3.58520E-03  6.88049E-03
  2.24000E+03  7.57873E-23  1.57962E-09  1.69078E-06  4.50414E-05  3.22547E-04  1.21523E-03  3.09529E-03  6.06222E-03
  2.28000E+03  1.64834E-23  9.18490E-10  1.19878E-06  3.48342E-05  2.62055E-04  1.02071E-03  2.66722E-03  5.33178E-03
  2.32000E+03  3.49219E-24  5.29983E-10  8.46157E-07  2.68562E-05  2.12399E-04  8.55555E-04  2.29399E-03  4.68109E-03
  2.36000E+03  7.20559E-25  3.03465E-10  5.94588E-07  2.06408E-05  1.71739E-04  7.15649E-04  1.96926E-03  4.10260E-03
  2.40000E+03  1.44768E-25  1.72428E-10  4.15939E-07  1.58141E-05  1.38529E-04  5.97394E-04  1.68732E-03  3.58934E-03
  2.44000E+03  2.83149E-26  9.72188E-11  2.89660E-07  1.20781E-05  1.11473E-04  4.97660E-04  1.44305E-03  3.13484E-03
  2.48000E+03  5.39020E-27  5.43916E-11  2.00810E-07  9.19568E-06  8.94840E-05  4.13731E-04  1.23185E-03  2.73317E-03
  2.52000E+03  9.98486E-28  3.01957E-11  1.38586E-07  6.97905E-06  7.16592E-05  3.43256E-04  1.04961E-03  2.37888E-03
  2.56000E+03  1.79938E-28  1.66335E-11  9.52103E-08  5.27998E-06  5.72461E-05  2.84207E-04  8.92685E-04  2.06697E-03
  2.60000E+03  3.15385E-29  9.09163E-12  6.51141E-08  3.98190E-06  4.56209E-05  2.34839E-04  7.57829E-04  1.79292E-03
  2.64000E+03  5.37507E-30  4.93075E-12  4.43291E-08  2.99340E-06  3.62681E-05  1.93653E-04  6.42169E-04  1.55257E-03
  2.68000E+03  8.90502E-31  2.65333E-12  3.00415E-08  2.24313E-06  2.87625E-05  1.59367E-04  5.43171E-04  1.34218E-03
  2.72000E+03  1.43374E-31  1.41668E-12  2.02660E-08  1.67554E-06  2.27544E-05  1.30885E-04  4.58602E-04  1.15835E-03
  2.76000E+03  2.24265E-32  7.50494E-13  1.36090E-08  1.24756E-06  1.79572E-05  1.07277E-04  3.86500E-04  9.98035E-04
  2.80000E+03  3.40703E-33  3.94470E-13  9.09683E-09  9.25924E-07  1.41367E-05  8.77488E-05  3.25147E-04  8.58479E-04
  2.84000E+03  5.02540E-34  2.05715E-13  6.05282E-09  6.85001E-07  1.11016E-05  7.16305E-05  2.73042E-04  7.37214E-04
  2.88000E+03  7.19448E-35  1.06438E-13  4.00891E-09  5.05134E-07  8.69666E-06  5.83546E-05  2.28876E-04  6.32036E-04
  2.92000E+03  9.99325E-36  5.46389E-14  2.64296E-09  3.71295E-07  6.79589E-06  4.74432E-05  1.91511E-04  5.40973E-04
  2.96000E+03  1.34627E-36  2.78277E-14  1.73439E-09  2.72035E-07  5.29741E-06  3.84939E-05  1.59961E-04  4.62272E-04
  3.00000E+03  1.75833E-37  1.40610E-14  1.13291E-09  1.98665E-07  4.11911E-06  3.11695E-05  1.33370E-04  3.94375E-04
  3.04000E+03  2.22554E-38  7.04883E-15  7.36592E-10  1.44613E-07  3.19495E-06  2.51876E-05  1.11003E-04  3.35902E-04
  3.08000E+03  2.72865E-39  3.50568E-15  4.76698E-10  1.04925E-07  2.47196E-06  2.03125E-05  9.22221E-05  2.85632E-04
  3.12000E+03  3.23921E-40  1.72972E-15  3.07072E-10  7.58814E-08  1.90781E-06  1.63477E-05  7.64832E-05  2.42490E-04
  3.16000E+03  3.72143E-41  8.46695E-16  1.96886E-10  5.46981E-08  1.46873E-06  1.31300E-05  6.33178E-05  2.05529E-04
  3.20000E+03  4.13523E-42  4.11168E-16  1.25650E-10  3.92996E-08  1.12787E-06  1.05242E-05  5.23254E-05  1.73915E-04
  3.24000E+03  4.44212E-43  1.98083E-16  7.98146E-11  2.81437E-08  8.63949E-07  8.41825E-06  4.31642E-05  1.46921E-04
  3.28000E+03  4.62428E-44  9.46689E-17  5.04627E-11  2.00885E-08  6.60119E-07  6.71994E-06  3.55430E-05  1.23908E-04
  3.32000E+03  4.20390E-45  4.48845E-17  3.17559E-11  1.42918E-08  5.03108E-07  5.35319E-06  2.92143E-05  1.04321E-04
  3.36000E+03  0.00000E+00  2.11110E-17  1.98903E-11  1.01343E-08  3.82472E-07  4.25555E-06  2.39680E-05  8.76751E-05
  3.40000E+03  0.00000E+00  9.85007E-18  1.23999E-11  7.16256E-09  2.90024E-07  3.37585E-06  1.96264E-05  7.35482E-05
  3.44000E+03  0.00000E+00  4.55917E-18  7.69405E-12  5.04554E-09  2.19359E-07  2.67223E-06  1.60394E-05  6.15748E-05
  3.48000E+03  0.00000E+00  2.09336E-18  4.75167E-12  3.54246E-09  1.65482E-07  2.11055E-06  1.30801E-05  5.14379E-05
  3.52000E+03  0.00000E+00  9.53471E-19  2.92072E-12  2.47888E-09  1.24507E-07  1.66301E-06  1.06420E-05  4.28628E-05
  3.56000E+03  0.00000E+00  4.30799E-19  1.78683E-12  1.72881E-09  9.34203E-08  1.30701E-06  8.63523E-06  3.56122E-05
  3.60000E+03  0.00000E+00  1.93082E-19  1.08798E-12  1.20157E-09  6.98895E-08  1.02421E-06  6.98449E-06  2.94808E-05
  3.64000E+03  0.00000E+00  8.58425E-20  6.59317E-13  8.32162E-10  5.21138E-08  7.99765E-07  5.62647E-06  2.42910E-05
  3.68000E+03  0.00000E+00  3.78577E-20  3.97632E-13  5.74113E-10  3.87056E-08  6.21644E-07  4.50800E-06  1.98893E-05
  3.72000E+03  0.00000E+00  1.65612E-20  2.38626E-13  3.94316E-10  2.85976E-08  4.80111E-07  3.58436E-06  1.61422E-05
  3.76000E+03  0.00000E+00  7.18631E-21  1.42436E-13  2.69238E-10  2.09687E-08  3.67269E-07  2.81785E-06  1.29336E-05
  3.80000E+03  0.00000E+00  3.09284E-21  8.44576E-14  1.82177E-10  1.51863E-08  2.76688E-07  2.17646E-06  1.01619E-05
  3.84000E+03  0.00000E+00  1.31958E-21  4.95605E-14  1.21271E-10  1.07610E-08  2.03093E-07  1.63285E-06  7.73714E-06
  3.88000E+03  0.00000E+00  5.56578E-22  2.84493E-14  7.80415E-11  7.30987E-09  1.42109E-07  1.16333E-06  5.57898E-06
  3.92000E+03  0.00000E+00  2.28199E-22  1.53806E-14  4.63382E-11  4.52777E-09  9.00305E-08  7.47017E-07  3.61449E-06
  3.96000E+03  0.00000E+00  8.13067E-23  6.71886E-15  2.15503E-11  2.16353E-09  4.36327E-08  3.65078E-07  1.77614E-06
  4.00000E+03  0.00000E+00  0.00000E+00  0.00000E+00  0.00000E+00  0.00000E+00  0.00000E+00  0.00000E+00  0.00000E+00
