 Depth 10 30 50 70 90 110 130 150
  0.00000E+00  7.04610E-02  3.47920E-01  6.94575E-01  7.81773E-01  7.10318E-01  5.84105E-01  4.27986E-01  2.52668E-01
  4.00000E+01  5.16807E-02  2.93389E-01  6.10417E-01  7.28180E-01  6.81841E-01  5.75608E-01  4.36327E-01  2.75718E-01
  8.00000E+01  3.73487E-02  2.46189E-01  5.34831E-01  6.74640E-01  6.51253E-01  5.63928E-01  4.40829E-01  2.94481E-01
  1.20000E+02  2.65821E-02  2.05548E-01  4.67201E-01  6.21800E-01  6.19079E-01  5.49505E-01  4.41875E-01  3.09301E-01
  1.60000E+02  1.86242E-02  1.70740E-01  4.06886E-01  5.70218E-01  5.85804E-01  5.32757E-01  4.39834E-01  3.20509E-01
  2.00000E+02  1.28396E-02  1.41090E-01  3.53266E-01  5.20364E-01  5.51873E-01  5.14079E-01  4.35059E-01  3.28424E-01
  2.40000E+02  8.70627E-03  1.15972E-01  3.05756E-01  4.72620E-01  5.17688E-01  4.93841E-01  4.27887E-01  3.33356E-01
  2.80000E+02  5.80427E-03  9.48142E-02  2.63797E-01  4.27287E-01  4.83610E-01  4.72385E-01  4.18636E-01  3.35599E-01
  3.20000E+02  3.80304E-03  7.70931E-02  2.26867E-01  3.84581E-01  4.49956E-01  4.50031E-01  4.07608E-01  3.35436E-01
  3.60000E+02  2.44809E-03  6.23368E-02  1.94473E-01  3.44651E-01  4.17001E-01  4.27067E-01  3.95083E-01  3.33137E-01
  4.00000E+02  1.54768E-03  5.01216E-02  1.66156E-01  3.07574E-01  3.84981E-01  4.03759E-01  3.81327E-01  3.28954E-01
  4.40000E+02  9.60624E-04  4.00702E-02  1.41490E-01  2.73375E-01  3.54090E-01  3.80343E-01  3.66583E-01  3.23130E-01
  4.80000E+02  5.85201E-04  3.18493E-02  1.20080E-01  2.42024E-01  3.24485E-01  3.57031E-01  3.51077E-01  3.15888E-01
  5.20000E+02  3.49789E-04  2.51668E-02  1.01562E-01  2.13455E-01  2.96290E-01  3.34008E-01  3.35015E-01  3.07442E-01
  5.60000E+02  2.05085E-04  1.97686E-02  8.56044E-02  1.87564E-01  2.69595E-01  3.11435E-01  3.18584E-01  2.97988E-01
  6.00000E+02  1.17915E-04  1.54351E-02  7.19029E-02  1.64225E-01  2.44461E-01  2.89451E-01  3.01955E-01  2.87707E-01
  6.40000E+02  6.64662E-05  1.19784E-02  6.01819E-02  1.43291E-01  2.20920E-01  2.68169E-01  2.85280E-01  2.76769E-01
  6.80000E+02  3.67218E-05  9.23879E-03  5.01927E-02  1.24604E-01  1.98984E-01  2.47685E-01  2.68692E-01  2.65327E-01
  7.20000E+02  1.98810E-05  7.08160E-03  4.17115E-02  1.07999E-01  1.78643E-01  2.28073E-01  2.52310E-01  2.53521E-01
  7.60000E+02  1.05450E-05  5.39410E-03  3.45378E-02  9.33066E-02  1.59867E-01  2.09391E-01  2.36237E-01  2.41480E-01
  8.00000E+02  5.47841E-06  4.08274E-03  2.84935E-02  8.03608E-02  1.42615E-01  1.91679E-01  2.20560E-01  2.29318E-01
  8.40000E+02  2.78728E-06  3.07046E-03  2.34203E-02  6.89989E-02  1.26831E-01  1.74961E-01  2.05354E-01  2.17136E-01
  8.80000E+02  1.38848E-06  2.29430E-03  1.91789E-02  5.90652E-02  1.12451E-01  1.59251E-01  1.90678E-01  2.05025E-01
  9.20000E+02  6.77103E-07  1.70321E-03  1.56468E-02  5.04118E-02  9.94027E-02  1.44549E-01  1.76581E-01  1.93065E-01
  9.60000E+02  3.23182E-07  1.25612E-03  1.27170E-02  4.29004E-02  8.76102E-02  1.30845E-01  1.63102E-01  1.81323E-01
  1.00000E+03  1.50955E-07  9.20275E-04  1.02964E-02  3.64026E-02  7.69929E-02  1.18120E-01  1.50267E-01  1.69860E-01
  1.04000E+03  6.89893E-08  6.69741E-04  8.30464E-03  3.08005E-02  6.74692E-02  1.06349E-01  1.38094E-01  1.58725E-01
  1.08000E+03  3.08452E-08  4.84147E-04  6.67230E-03  2.59863E-02  5.89574E-02  9.54990E-02  1.26595E-01  1.47958E-01
  1.12000E+03  1.34896E-08  3.47623E-04  5.33997E-03  2.18625E-02  5.13768E-02  8.55334E-02  1.15770E-01  1.37593E-01
  1.16000E+03  5.76968E-09  2.47902E-04  4.25696E-03  1.83412E-02  4.46486E-02  7.64113E-02  1.05618E-01  1.27656E-01
  1.20000E+03  2.41317E-09  1.75580E-04  3.38022E-03  1.53436E-02  3.86970E-02  6.80891E-02  9.61278E-02  1.18165E-01
  1.24000E+03  9.86842E-10  1.23501E-04  2.67342E-03  1.27998E-02  3.34496E-02  6.05213E-02  8.72863E-02  1.09133E-01
  1.28000E+03  3.94525E-10  8.62684E-05  2.10597E-03  1.06475E-02  2.88378E-02  5.36614E-02  7.90752E-02  1.00569E-01
  1.32000E+03  1.54174E-10  5.98414E-05  1.65231E-03  8.83218E-03  2.47974E-02  4.74625E-02  7.14733E-02  9.24756E-02
  1.36000E+03  5.88846E-11  4.12194E-05  1.29115E-03  7.30558E-03  2.12683E-02  4.18780E-02  6.44566E-02  8.48511E-02
  1.40000E+03  2.19783E-11  2.81928E-05  1.00484E-03  6.02567E-03  1.81952E-02  3.68620E-02  5.79992E-02  7.76906E-02
  1.44000E+03  8.01557E-12  1.91466E-05  7.78823E-04  4.95583E-03  1.55270E-02  3.23697E-02  5.20736E-02  7.09859E-02
  1.48000E+03  2.85607E-12  1.29108E-05  6.01172E-04  4.06428E-03  1.32171E-02  2.83581E-02  4.66512E-02  6.47262E-02
  1.52000E+03  9.94131E-13  8.64371E-06  4.62130E-04  3.32354E-03  1.12230E-02  2.47858E-02  4.17031E-02  5.88984E-02
  1.56000E+03  3.37993E-13  5.74545E-06  3.53776E-04  2.70996E-03  9.50637E-03  2.16136E-02  3.71999E-02  5.34874E-02
  1.60000E+03  1.12230E-13  3.79149E-06  2.69701E-04  2.20326E-03  8.03272E-03  1.88043E-02  3.31125E-02  4.84767E-02
  1.64000E+03  3.63908E-14  2.48396E-06  2.04747E-04  1.78610E-03  6.77108E-03  1.63231E-02  2.94121E-02  4.38489E-02
  1.68000E+03  1.15214E-14  1.61553E-06  1.54784E-04  1.44369E-03  5.69385E-03  1.41375E-02  2.60707E-02  3.95854E-02
  1.72000E+03  3.56117E-15  1.04305E-06  1.16519E-04  1.16349E-03  4.77653E-03  1.22173E-02  2.30610E-02  3.56673E-02
  1.76000E+03  1.07449E-15  6.68515E-07  8.73433E-05  9.34922E-04  3.99743E-03  1.05346E-02  2.03569E-02  3.20754E-02
  1.80000E+03  3.16430E-16  4.25319E-07  6.51944E-05  7.49031E-04  3.33744E-03  9.06368E-03  1.79332E-02  2.87904E-02
  1.84000E+03  9.09415E-17  2.68601E-07  4.84545E-05  5.98319E-04  2.77981E-03  7.78121E-03  1.57662E-02  2.57932E-02
  1.88000E+03  2.55034E-17  1.68374E-07  3.58587E-05  4.76507E-04  2.30987E-03  6.66577E-03  1.38331E-02  2.30647E-02
  1.92000E+03  6.97793E-18  1.04764E-07  2.64230E-05  3.78359E-04  1.91483E-03  5.69798E-03  1.21129E-02  2.05866E-02
  1.96000E+03  1.86246E-18  6.47002E-08  1.93862E-05  2.99524E-04  1.58361E-03  4.86031E-03  1.05856E-02  1.83409E-02
  2.00000E+03  4.84861E-19  3.96593E-08  1.41619E-05  2.36401E-04  1.30659E-03  4.13701E-03  9.23263E-03  1.63103E-02
  2.04000E+03  1.23099E-19  2.41280E-08  1.03005E-05  1.86016E-04  1.07548E-03  3.51393E-03  8.03688E-03  1.44782E-02
  2.08000E+03  3.04742E-20  1.45689E-08  7.45926E-06  1.45925E-04  8.83159E-04  2.97844E-03  6.98241E-03  1.28287E-02
  2.12000E+03  7.35499E-21  8.73071E-09  5.37814E-06  1.14126E-04  7.23517E-04  2.51928E-03  6.05459E-03  1.13467E-02
  2.16000E+03  1.73035E-21  5.19257E-09  3.86065E-06  8.89841E-05  5.91331E-04  2.12649E-03  5.23998E-03  1.00181E-02
  2.20000E+03  3.96751E-22  3.06490E-09  2.75914E-06  6.91680E-05  4.82151E-04  1.79123E-03  4.52633E-03  8.82933E-03
  2.24000E+03  8.86452E-23  1.79533E-09  1.96321E-06  5.35993E-05  3.92198E-04  1.50573E-03  3.90247E-03  7.76797E-03
  2.28000E+03  1.92961E-23  1.04365E-09  1.39071E-06  4.14068E-05  3.18270E-04  1.26313E-03  3.35825E-03  6.82223E-03
  2.32000E+03  4.09148E-24  6.02068E-10  9.80783E-07  3.18888E-05  2.57662E-04  1.05746E-03  2.88450E-03  5.98121E-03
  2.36000E+03  8.44896E-25  3.44671E-10  6.88612E-07  2.44824E-05  2.08100E-04  8.83466E-04  2.47296E-03  5.23479E-03
  2.40000E+03  1.69883E-25  1.95806E-10  4.81322E-07  1.87378E-05  1.67669E-04  7.36605E-04  2.11620E-03  4.57364E-03
  2.44000E+03  3.32531E-26  1.10383E-10  3.34927E-07  1.42963E-05  1.34771E-04  6.12911E-04  1.80756E-03  3.98914E-03
  2.48000E+03  6.33508E-27  6.17484E-11  2.32015E-07  1.08734E-05  1.08067E-04  5.08957E-04  1.54110E-03  3.47342E-03
  2.52000E+03  1.17439E-27  3.42760E-11  1.60002E-07  8.24416E-06  8.64470E-05  4.21781E-04  1.31151E-03  3.01924E-03
  2.56000E+03  2.11793E-28  1.88795E-11  1.09844E-07  6.23099E-06  6.89856E-05  3.48831E-04  1.11409E-03  2.62003E-03
  2.60000E+03  3.71483E-29  1.03185E-11  7.50691E-08  4.69458E-06  5.49184E-05  2.87918E-04  9.44665E-04  2.26978E-03
  2.64000E+03  6.33555E-30  5.59584E-12  5.10716E-08  3.52583E-06  4.36140E-05  2.37163E-04  7.99557E-04  1.96306E-03
  2.68000E+03  1.05034E-30  3.01113E-12  3.45879E-08  2.63966E-06  3.45525E-05  1.94963E-04  6.75519E-04  1.69497E-03
  2.72000E+03  1.69221E-31  1.60769E-12  2.33181E-08  1.96994E-06  2.73072E-05  1.59949E-04  5.69697E-04  1.46106E-03
  2.76000E+03  2.64867E-32  8.51684E-13  1.56488E-08  1.46545E-06  2.15286E-05  1.30960E-04  4.79593E-04  1.25736E-03
  2.80000E+03  4.02640E-33  4.47665E-13  1.04540E-08  1.08669E-06  1.69314E-05  1.07010E-04  4.03018E-04  1.08027E-03
  2.84000E+03  5.94266E-34  2.33464E-13  6.95184E-09  8.03243E-07  1.32834E-05  8.72636E-05  3.38066E-04  9.26609E-04
  2.88000E+03  8.51277E-35  1.20801E-13  4.60174E-09  5.91828E-07  1.03958E-05  7.10182E-05  2.83078E-04  7.93506E-04
  2.92000E+03  1.18313E-35  6.20162E-14  3.03214E-09  4.34658E-07  8.11593E-06  5.76809E-05  2.36614E-04  6.78416E-04
  2.96000E+03  1.59480E-36  3.15875E-14  1.98874E-09  3.18200E-07  6.32047E-06  4.67542E-05  1.97427E-04  5.79079E-04
  3.00000E+03  2.08409E-37  1.59623E-14  1.29839E-09  2.32194E-07  4.91008E-06  3.78210E-05  1.64439E-04  4.93486E-04
  3.04000E+03  2.63929E-38  8.00276E-15  8.43768E-10  1.68887E-07  3.80498E-06  3.05331E-05  1.36721E-04  4.19866E-04
  3.08000E+03  3.23765E-39  3.98057E-15  5.45800E-10  1.22444E-07  2.94130E-06  2.45997E-05  1.13475E-04  3.56651E-04
  3.12000E+03  3.84543E-40  1.96430E-15  3.51423E-10  8.84841E-08  2.26803E-06  1.97794E-05  9.40160E-05  3.02465E-04
  3.16000E+03  4.42012E-41  9.61655E-16  2.25223E-10  6.37356E-08  1.74452E-06  1.58714E-05  7.77563E-05  2.56097E-04
  3.20000E+03  4.91435E-42  4.67065E-16  1.43673E-10  4.57598E-08  1.33851E-06  1.27098E-05  6.41951E-05  2.16484E-04
  3.24000E+03  5.28290E-43  2.25049E-16  9.12256E-11  3.27468E-08  1.02442E-06  1.01573E-05  5.29051E-05  1.82698E-04
  3.28000E+03  5.46506E-44  1.07575E-16  5.76545E-11  2.33579E-08  7.82080E-07  8.10080E-06  4.35229E-05  1.53929E-04
  3.32000E+03  4.20390E-45  5.10130E-17  3.62678E-11  1.66065E-08  5.95568E-07  6.44745E-06  3.57399E-05  1.29470E-04
  3.36000E+03  0.00000E+00  2.39981E-17  2.27081E-11  1.17678E-08  4.52395E-07  5.12094E-06  2.92948E-05  1.08706E-04
  3.40000E+03  0.00000E+00  1.11994E-17  1.41516E-11  8.31166E-09  3.42771E-07  4.05882E-06  2.39666E-05  9.11046E-05
  3.44000E+03  0.00000E+00  5.18483E-18  8.77797E-12  5.85126E-09  2.59049E-07  3.21010E-06  1.95688E-05  7.62024E-05
  3.48000E+03  0.00000E+00  2.38115E-18  5.41932E-12  4.10559E-09  1.95272E-07  2.53323E-06  1.59444E-05  6.35996E-05
  3.52000E+03  0.00000E+00  1.08480E-18  3.33007E-12  2.87118E-09  1.46809E-07  1.99440E-06  1.29612E-05  5.29502E-05
  3.56000E+03  0.00000E+00  4.90253E-19  2.03666E-12  2.00120E-09  1.10071E-07  1.56618E-06  1.05083E-05  4.39555E-05
  3.60000E+03  0.00000E+00  2.19782E-19  1.23975E-12  1.39008E-09  8.22859E-08  1.22633E-06  8.49255E-06  3.63575E-05
  3.64000E+03  0.00000E+00  9.77375E-20  7.51084E-13  9.62165E-10  6.13133E-08  9.56851E-07  6.83593E-06  2.99335E-05
  3.68000E+03  0.00000E+00  4.31146E-20  4.52859E-13  6.63435E-10  4.55065E-08  7.43191E-07  5.47293E-06  2.44910E-05
  3.72000E+03  0.00000E+00  1.88658E-20  2.71701E-13  4.55419E-10  3.36000E-08  5.73580E-07  4.34853E-06  1.98632E-05
  3.76000E+03  0.00000E+00  8.18853E-21  1.62141E-13  3.10798E-10  2.46209E-08  4.38480E-07  3.41638E-06  1.59049E-05
  3.80000E+03  0.00000E+00  3.52514E-21  9.61208E-14  2.10197E-10  1.78210E-08  3.30137E-07  2.63723E-06  1.24895E-05
  3.84000E+03  0.00000E+00  1.50444E-21  5.63932E-14  1.39861E-10  1.26214E-08  2.42199E-07  1.97754E-06  9.50476E-06
  3.88000E+03  0.00000E+00  6.34727E-22  3.23656E-14  8.99704E-11  8.56985E-09  1.69399E-07  1.40833E-06  6.85091E-06
  3.92000E+03  0.00000E+00  2.60308E-22  1.74953E-14  5.34052E-11  5.30644E-09  1.07285E-07  9.04068E-07  4.43728E-06
  3.96000E+03  0.00000E+00  9.27664E-23  7.64194E-15  2.48321E-11  2.53507E-09  5.19845E-08  4.41749E-07  2.18009E-06
  4.00000E+03  0.00000E+00  0.00000E+00  0.00000E+00  0.00000E+00  0.00000E+00  0.00000E+00  0.00000E+00  0.00000E+00
