 Depth 10 30 50 70 90 110 130 150
  0.00000E+00  1.15486E-01  5.47000E-01  1.03849E+00  1.07333E+00  8.92677E-01  6.70479E-01  4.30746E-01  1.81206E-01
  4.00000E+01  4.20916E-02  3.18207E-01  6.92535E-01  8.67208E-01  8.02235E-01  6.62693E-01  4.88294E-01  2.93550E-01
  8.00000E+01  1.35399E-02  1.76055E-01  4.47951E-01  6.62003E-01  6.83087E-01  6.14183E-01  4.98619E-01  3.54574E-01
  1.20000E+02  3.85987E-03  9.25128E-02  2.80763E-01  4.80882E-01  5.55046E-01  5.41173E-01  4.75486E-01  3.76318E-01
  1.60000E+02  9.80556E-04  4.61305E-02  1.70365E-01  3.34448E-01  4.32517E-01  4.57005E-01  4.30877E-01  3.69605E-01
  2.00000E+02  2.23338E-04  2.18178E-02  1.00009E-01  2.23859E-01  3.24423E-01  3.71782E-01  3.74662E-01  3.43773E-01
  2.40000E+02  4.58890E-05  9.78694E-03  5.67636E-02  1.44803E-01  2.34943E-01  2.92404E-01  3.14483E-01  3.06533E-01
  2.80000E+02  8.55583E-06  4.16492E-03  3.11381E-02  9.07978E-02  1.64685E-01  2.22918E-01  2.55827E-01  2.63944E-01
  3.20000E+02  1.45549E-06  1.68234E-03  1.65039E-02  5.53091E-02  1.11981E-01  1.65069E-01  2.02256E-01  2.20497E-01
  3.60000E+02  2.27060E-07  6.45486E-04  8.45070E-03  3.27741E-02  7.40035E-02  1.18925E-01  1.55724E-01  1.79281E-01
  4.00000E+02  3.26328E-08  2.35452E-04  4.18016E-03  1.89070E-02  4.76091E-02  8.34803E-02  1.16950E-01  1.42198E-01
  4.40000E+02  4.33877E-09  8.17319E-05  1.99764E-03  1.06234E-02  2.98575E-02  5.71652E-02  8.57812E-02  1.10210E-01
  4.80000E+02  5.35701E-10  2.70281E-05  9.22428E-04  5.81487E-03  1.82741E-02  3.82285E-02  6.15169E-02  8.35774E-02
  5.20000E+02  6.16329E-11  8.52432E-06  4.11657E-04  3.10104E-03  1.09253E-02  2.49901E-02  4.31720E-02  6.20800E-02
  5.60000E+02  6.62809E-12  2.56695E-06  1.77604E-04  1.61138E-03  6.38487E-03  1.59824E-02  2.96728E-02  4.52049E-02
  6.00000E+02  6.68159E-13  7.38901E-07  7.41019E-05  8.15917E-04  3.64950E-03  1.00077E-02  1.99880E-02  3.22931E-02
  6.40000E+02  6.33002E-14  2.03546E-07  2.99111E-05  4.02614E-04  2.04105E-03  6.13948E-03  1.32041E-02  2.26462E-02
  6.80000E+02  5.64916E-15  5.37198E-08  1.16854E-05  1.93632E-04  1.11725E-03  3.69213E-03  8.55902E-03  1.55986E-02
  7.20000E+02  4.75936E-16  1.35982E-08  4.42031E-06  9.07765E-05  5.98716E-04  2.17762E-03  5.44673E-03  1.05583E-02
  7.60000E+02  3.79273E-17  3.30498E-09  1.61980E-06  4.14905E-05  3.14158E-04  1.26016E-03  3.40444E-03  7.02605E-03
  8.00000E+02  2.86405E-18  7.72059E-10  5.75277E-07  1.84920E-05  1.61434E-04  7.15749E-04  2.09091E-03  4.59851E-03
  8.40000E+02  2.05283E-19  1.73526E-10  1.98112E-07  8.03841E-06  8.12498E-05  3.99128E-04  1.26231E-03  2.96122E-03
  8.80000E+02  1.39873E-20  3.75604E-11  6.61878E-08  3.40881E-06  4.00572E-05  2.18568E-04  7.49353E-04  1.87680E-03
  9.20000E+02  9.07266E-22  7.83711E-12  2.14632E-08  1.41054E-06  1.93476E-05  1.17563E-04  4.37545E-04  1.17111E-03
  9.60000E+02  5.60951E-23  1.57773E-12  6.75885E-09  5.69673E-07  9.15614E-06  6.21220E-05  2.51357E-04  7.19665E-04
  1.00000E+03  3.31000E-24  3.06716E-13  2.06791E-09  2.24613E-07  4.24616E-06  3.22532E-05  1.42100E-04  4.35644E-04
  1.04000E+03  1.86609E-25  5.76268E-14  6.15009E-10  8.64825E-08  1.92992E-06  1.64556E-05  7.90713E-05  2.59839E-04
  1.08000E+03  1.00621E-26  1.04724E-14  1.77883E-10  3.25255E-08  8.59808E-07  8.25125E-06  4.33158E-05  1.52737E-04
  1.12000E+03  5.19417E-28  1.84216E-15  5.00605E-11  1.19520E-08  3.75535E-07  4.06670E-06  2.33640E-05  8.84995E-05
  1.16000E+03  2.56926E-29  3.13899E-16  1.37142E-11  4.29241E-09  1.60825E-07  1.97028E-06  1.24103E-05  5.05557E-05
  1.20000E+03  1.21878E-30  5.18486E-17  3.65898E-12  1.50704E-09  6.75429E-08  9.38485E-07  6.49251E-06  2.84778E-05
  1.24000E+03  5.54897E-32  8.30729E-18  9.51173E-13  5.17412E-10  2.78230E-08  4.39525E-07  3.34569E-06  1.58203E-05
  1.28000E+03  2.42651E-33  1.29193E-18  2.41024E-13  1.73762E-10  1.12434E-08  2.02417E-07  1.69844E-06  8.66870E-06
  1.32000E+03  1.01983E-34  1.95137E-19  5.95596E-14  5.70959E-11  4.45799E-09  9.16774E-08  8.49473E-07  4.68577E-06
  1.36000E+03  4.12223E-36  2.86432E-20  1.43587E-14  1.83614E-11  1.73462E-09  4.08396E-08  4.18627E-07  2.49888E-06
  1.40000E+03  1.60341E-37  4.08819E-21  3.37855E-15  5.78067E-12  6.62475E-10  1.78958E-08  2.03294E-07  1.31491E-06
  1.44000E+03  6.00498E-39  5.67681E-22  7.76197E-16  1.78214E-12  2.48379E-10  7.71483E-09  9.72924E-08  6.82765E-07
  1.48000E+03  2.16645E-40  7.67309E-23  1.74184E-16  5.38165E-13  9.14360E-11  3.27231E-09  4.58913E-08  3.49877E-07
  1.52000E+03  7.53478E-42  1.01006E-23  3.81950E-17  1.59226E-13  3.30565E-11  1.36581E-09  2.13362E-08  1.76956E-07
  1.56000E+03  2.52234E-43  1.29551E-24  8.18701E-18  4.61695E-14  1.17385E-11  5.61031E-10  9.77862E-09  8.83402E-08
  1.60000E+03  7.00649E-45  1.61979E-25  1.71602E-18  1.31235E-14  4.09510E-12  2.26828E-10  4.41825E-09  4.35339E-08
  1.64000E+03  0.00000E+00  1.97511E-26  3.51845E-19  3.65773E-15  1.40375E-12  9.02769E-11  1.96822E-09  2.11791E-08
  1.68000E+03  0.00000E+00  2.34978E-27  7.05927E-20  9.99886E-16  4.72901E-13  3.53736E-11  8.64541E-10  1.01726E-08
  1.72000E+03  0.00000E+00  2.72863E-28  1.38641E-20  2.68147E-16  1.56596E-13  1.36477E-11  3.74479E-10  4.82425E-09
  1.76000E+03  0.00000E+00  3.09398E-29  2.66616E-21  7.05648E-17  5.09800E-14  5.18532E-12  1.59969E-10  2.25910E-09
  1.80000E+03  0.00000E+00  3.42699E-30  5.02204E-22  1.82263E-17  1.63194E-14  1.94035E-12  6.73993E-11  1.04467E-09
  1.84000E+03  0.00000E+00  3.70929E-31  9.26846E-23  4.62176E-18  5.13776E-15  7.15205E-13  2.80106E-11  4.77081E-10
  1.88000E+03  0.00000E+00  3.92471E-32  1.67647E-23  1.15084E-18  1.59104E-15  2.59706E-13  1.14836E-11  2.15182E-10
  1.92000E+03  0.00000E+00  4.06079E-33  2.97285E-24  2.81464E-19  4.84732E-16  9.29160E-14  4.64479E-12  9.58629E-11
  1.96000E+03  0.00000E+00  4.11004E-34  5.16961E-25  6.76278E-20  1.45315E-16  3.27576E-14  1.85363E-12  4.21851E-11
  2.00000E+03  0.00000E+00  4.07055E-35  8.81802E-26  1.59668E-20  4.28726E-17  1.13815E-14  7.29951E-13  1.83384E-11
  2.04000E+03  0.00000E+00  3.94608E-36  1.47580E-26  3.70504E-21  1.24504E-17  3.89773E-15  2.83673E-13  7.87570E-12
  2.08000E+03  0.00000E+00  3.74554E-37  2.42404E-27  8.45168E-22  3.55953E-18  1.31583E-15  1.08802E-13  3.34175E-12
  2.12000E+03  0.00000E+00  3.48197E-38  3.90857E-28  1.89565E-22  1.00202E-18  4.37948E-16  4.11900E-14  1.40103E-12
  2.16000E+03  0.00000E+00  3.17117E-39  6.18825E-29  4.18141E-23  2.77784E-19  1.43724E-16  1.53931E-14  5.80420E-13
  2.20000E+03  0.00000E+00  2.83017E-40  9.62261E-30  9.07250E-24  7.58495E-20  4.65134E-17  5.67909E-15  2.37623E-13
  2.24000E+03  0.00000E+00  2.47553E-41  1.46992E-30  1.93666E-24  2.04023E-20  1.48464E-17  2.06868E-15  9.61435E-14
  2.28000E+03  0.00000E+00  2.12016E-42  2.20633E-31  4.06801E-25  5.40699E-21  4.67421E-18  7.44062E-16  3.84474E-14
  2.32000E+03  0.00000E+00  1.75162E-43  3.25474E-32  8.41001E-26  1.41204E-21  1.45176E-18  2.64283E-16  1.51972E-14
  2.36000E+03  0.00000E+00  1.26117E-44  4.71983E-33  1.71149E-26  3.63427E-22  4.44869E-19  9.27070E-17  5.93799E-15
  2.40000E+03  0.00000E+00  0.00000E+00  6.72961E-34  3.42921E-27  9.21998E-23  1.34515E-19  3.21205E-17  2.29366E-15
  2.44000E+03  0.00000E+00  0.00000E+00  9.43618E-35  6.76598E-28  2.30595E-23  4.01388E-20  1.09930E-17  8.75916E-16
  2.48000E+03  0.00000E+00  0.00000E+00  1.30146E-35  1.31480E-28  5.68638E-24  1.18212E-20  3.71671E-18  3.30730E-16
  2.52000E+03  0.00000E+00  0.00000E+00  1.76596E-36  2.51681E-29  1.38278E-24  3.43645E-21  1.24150E-18  1.23479E-16
  2.56000E+03  0.00000E+00  0.00000E+00  2.35790E-37  4.74653E-30  3.31632E-25  9.86192E-22  4.09751E-19  4.55885E-17
  2.60000E+03  0.00000E+00  0.00000E+00  3.09844E-38  8.82080E-31  7.84525E-26  2.79424E-22  1.33635E-19  1.66452E-17
  2.64000E+03  0.00000E+00  0.00000E+00  4.00789E-39  1.61552E-31  1.83090E-26  7.81747E-23  4.30709E-20  6.01076E-18
  2.68000E+03  0.00000E+00  0.00000E+00  5.10403E-40  2.91646E-32  4.21582E-27  2.15981E-23  1.37200E-20  2.14687E-18
  2.72000E+03  0.00000E+00  0.00000E+00  6.40043E-41  5.19046E-33  9.57898E-28  5.89328E-24  4.31982E-21  7.58490E-19
  2.76000E+03  0.00000E+00  0.00000E+00  7.90052E-42  9.10805E-34  2.14797E-28  1.58832E-24  1.34450E-21  2.65091E-19
  2.80000E+03  0.00000E+00  0.00000E+00  9.58488E-43  1.57608E-34  4.75408E-29  4.22870E-25  4.13688E-22  9.16579E-20
  2.84000E+03  0.00000E+00  0.00000E+00  1.12104E-43  2.68982E-35  1.03869E-29  1.11226E-25  1.25847E-22  3.13551E-20
  2.88000E+03  0.00000E+00  0.00000E+00  1.26117E-44  4.52818E-36  2.24046E-30  2.89054E-26  3.78537E-23  1.06130E-20
  2.92000E+03  0.00000E+00  0.00000E+00  0.00000E+00  7.52034E-37  4.77171E-31  7.42288E-27  1.12591E-23  3.55463E-21
  2.96000E+03  0.00000E+00  0.00000E+00  0.00000E+00  1.23232E-37  1.00357E-31  1.88377E-27  3.31184E-24  1.17816E-21
  3.00000E+03  0.00000E+00  0.00000E+00  0.00000E+00  1.99268E-38  2.08451E-32  4.72488E-28  9.63470E-25  3.86456E-22
  3.04000E+03  0.00000E+00  0.00000E+00  0.00000E+00  3.18006E-39  4.27656E-33  1.17139E-28  2.77235E-25  1.25461E-22
  3.08000E+03  0.00000E+00  0.00000E+00  0.00000E+00  5.00925E-40  8.66701E-34  2.87078E-29  7.89102E-26  4.03150E-23
  3.12000E+03  0.00000E+00  0.00000E+00  0.00000E+00  7.78926E-41  1.73530E-34  6.95554E-30  2.22193E-26  1.28232E-23
  3.16000E+03  0.00000E+00  0.00000E+00  0.00000E+00  1.19573E-41  3.43285E-35  1.66622E-30  6.18975E-27  4.03770E-24
  3.20000E+03  0.00000E+00  0.00000E+00  0.00000E+00  1.81048E-42  6.71055E-36  3.94681E-31  1.70607E-27  1.25865E-24
  3.24000E+03  0.00000E+00  0.00000E+00  0.00000E+00  2.69049E-43  1.29637E-36  9.24507E-32  4.65301E-28  3.88452E-25
  3.28000E+03  0.00000E+00  0.00000E+00  0.00000E+00  3.92364E-44  2.47521E-37  2.14173E-32  1.25580E-28  1.18703E-25
  3.32000E+03  0.00000E+00  0.00000E+00  0.00000E+00  0.00000E+00  4.67143E-38  4.90734E-33  3.35418E-29  3.59177E-26
  3.36000E+03  0.00000E+00  0.00000E+00  0.00000E+00  0.00000E+00  8.71538E-39  1.11223E-33  8.86684E-30  1.07623E-26
  3.40000E+03  0.00000E+00  0.00000E+00  0.00000E+00  0.00000E+00  1.60755E-39  2.49371E-34  2.32005E-30  3.19356E-27
  3.44000E+03  0.00000E+00  0.00000E+00  0.00000E+00  0.00000E+00  2.93170E-40  5.53144E-35  6.00905E-31  9.38540E-28
  3.48000E+03  0.00000E+00  0.00000E+00  0.00000E+00  0.00000E+00  5.28654E-41  1.21396E-35  1.54072E-31  2.73189E-28
  3.52000E+03  0.00000E+00  0.00000E+00  0.00000E+00  0.00000E+00  9.42794E-42  2.63625E-36  3.91099E-32  7.87649E-29
  3.56000E+03  0.00000E+00  0.00000E+00  0.00000E+00  0.00000E+00  1.66194E-42  5.66519E-37  9.82927E-33  2.24952E-29
  3.60000E+03  0.00000E+00  0.00000E+00  0.00000E+00  0.00000E+00  2.88667E-43  1.20483E-37  2.44603E-33  6.36445E-30
  3.64000E+03  0.00000E+00  0.00000E+00  0.00000E+00  0.00000E+00  5.04467E-44  2.53601E-38  6.02747E-34  1.78391E-30
  3.68000E+03  0.00000E+00  0.00000E+00  0.00000E+00  0.00000E+00  2.80260E-45  5.28358E-39  1.47087E-34  4.95394E-31
  3.72000E+03  0.00000E+00  0.00000E+00  0.00000E+00  0.00000E+00  0.00000E+00  1.08965E-39  3.55473E-35  1.36308E-31
  3.76000E+03  0.00000E+00  0.00000E+00  0.00000E+00  0.00000E+00  0.00000E+00  2.22467E-40  8.50872E-36  3.71632E-32
  3.80000E+03  0.00000E+00  0.00000E+00  0.00000E+00  0.00000E+00  0.00000E+00  4.49649E-41  2.01731E-36  1.00403E-32
  3.84000E+03  0.00000E+00  0.00000E+00  0.00000E+00  0.00000E+00  0.00000E+00  8.99774E-42  4.73763E-37  2.68810E-33
  3.88000E+03  0.00000E+00  0.00000E+00  0.00000E+00  0.00000E+00  0.00000E+00  1.78245E-42  1.10207E-37  7.13062E-34
  3.92000E+03  0.00000E+00  0.00000E+00  0.00000E+00  0.00000E+00  0.00000E+00  3.50325E-43  2.53387E-38  1.86753E-34
  3.96000E+03  0.00000E+00  0.00000E+00  0.00000E+00  0.00000E+00  0.00000E+00  6.72623E-44  5.50679E-39  4.56567E-35
  4.00000E+03  0.00000E+00  0.00000E+00  0.00000E+00  0.00000E+00  0.00000E+00  0.00000E+00  0.00000E+00  0.00000E+00
