 Depth 10 30 50 70 90 110 130 150
  0.00000E+00  5.87482E-02  2.52244E-01  4.69126E-01  4.68434E-01  3.85954E-01  2.86078E-01  1.78798E-01  6.76289E-02
  4.00000E+01  4.05527E-02  1.98887E-01  3.83833E-01  4.07135E-01  3.44508E-01  2.61891E-01  1.70657E-01  7.48667E-02
  8.00000E+01  2.75834E-02  1.56108E-01  3.13221E-01  3.52113E-01  3.06197E-01  2.38492E-01  1.61245E-01  7.89190E-02
  1.20000E+02  1.84783E-02  1.21961E-01  2.54942E-01  3.03049E-01  2.71021E-01  2.16128E-01  1.51040E-01  8.04823E-02
  1.60000E+02  1.21857E-02  9.48293E-02  2.06962E-01  2.59579E-01  2.38922E-01  1.94973E-01  1.40423E-01  8.01309E-02
  2.00000E+02  7.90717E-03  7.33741E-02  1.67560E-01  2.21306E-01  2.09800E-01  1.75138E-01  1.29690E-01  7.83356E-02
  2.40000E+02  5.04638E-03  5.64899E-02  1.35287E-01  1.87813E-01  1.83522E-01  1.56685E-01  1.19070E-01  7.54803E-02
  2.80000E+02  3.16626E-03  4.32693E-02  1.08924E-01  1.58676E-01  1.59935E-01  1.39637E-01  1.08734E-01  7.18757E-02
  3.20000E+02  1.95231E-03  3.29704E-02  8.74472E-02  1.33474E-01  1.38867E-01  1.23985E-01  9.88111E-02  6.77716E-02
  3.60000E+02  1.18255E-03  2.49895E-02  7.00001E-02  1.11797E-01  1.20139E-01  1.09697E-01  8.93888E-02  6.33669E-02
  4.00000E+02  7.03414E-04  1.88381E-02  5.58672E-02  9.32529E-02  1.03569E-01  9.67240E-02  8.05261E-02  5.88181E-02
  4.40000E+02  4.10742E-04  1.41227E-02  4.44527E-02  7.74720E-02  8.89723E-02  8.50020E-02  7.22575E-02  5.42466E-02
  4.80000E+02  2.35374E-04  1.05284E-02  3.52614E-02  6.41104E-02  7.61703E-02  7.44598E-02  6.45981E-02  4.97450E-02
  5.20000E+02  1.32326E-04  7.80425E-03  2.78828E-02  5.28525E-02  6.49895E-02  6.50200E-02  5.75481E-02  4.53823E-02
  5.60000E+02  7.29631E-05  5.75153E-03  2.19780E-02  4.34116E-02  5.52649E-02  5.66027E-02  5.10962E-02  4.12082E-02
  6.00000E+02  3.94473E-05  4.21388E-03  1.72676E-02  3.55304E-02  4.68409E-02  4.91270E-02  4.52226E-02  3.72570E-02
  6.40000E+02  2.09062E-05  3.06897E-03  1.35222E-02  2.89798E-02  3.95722E-02  4.25130E-02  3.99012E-02  3.35503E-02
  6.80000E+02  1.08585E-05  2.22168E-03  1.05540E-02  2.35579E-02  3.33246E-02  3.66829E-02  3.51015E-02  3.01001E-02
  7.20000E+02  5.52587E-06  1.59850E-03  8.20947E-03  1.90884E-02  2.79749E-02  3.15622E-02  3.07905E-02  2.69105E-02
  7.60000E+02  2.75470E-06  1.14302E-03  6.36394E-03  1.54181E-02  2.34110E-02  2.70802E-02  2.69337E-02  2.39795E-02
  8.00000E+02  1.34493E-06  8.12229E-04  4.91619E-03  1.24153E-02  1.95317E-02  2.31705E-02  2.34961E-02  2.13011E-02
  8.40000E+02  6.42970E-07  5.73525E-04  3.78448E-03  9.96739E-03  1.62461E-02  1.97712E-02  2.04429E-02  1.88654E-02
  8.80000E+02  3.00931E-07  4.02391E-04  2.90296E-03  7.97871E-03  1.34729E-02  1.68252E-02  1.77405E-02  1.66605E-02
  9.20000E+02  1.37863E-07  2.80504E-04  2.21878E-03  6.36847E-03  1.11403E-02  1.42801E-02  1.53563E-02  1.46730E-02
  9.60000E+02  6.18108E-08  1.94266E-04  1.68969E-03  5.06886E-03  9.18497E-03  1.20882E-02  1.32595E-02  1.28884E-02
  1.00000E+03  2.71170E-08  1.33659E-04  1.28206E-03  4.02323E-03  7.55125E-03  1.02062E-02  1.14210E-02  1.12920E-02
  1.04000E+03  1.16389E-08  9.13513E-05  9.69166E-04  3.18450E-03  6.19069E-03  8.59499E-03  9.81375E-03  9.86871E-03
  1.08000E+03  4.88666E-09  6.20192E-05  7.29899E-04  2.51375E-03  5.06122E-03  7.21977E-03  8.41272E-03  8.60404E-03
  1.12000E+03  2.00667E-09  4.18223E-05  5.47628E-04  1.97890E-03  4.12654E-03  6.04934E-03  7.19486E-03  7.48380E-03
  1.16000E+03  8.05834E-10  2.80117E-05  4.09311E-04  1.55365E-03  3.35542E-03  5.05604E-03  6.13912E-03  6.49446E-03
  1.20000E+03  3.16417E-10  1.86337E-05  3.04756E-04  1.21649E-03  2.72116E-03  4.21541E-03  5.22637E-03  5.62324E-03
  1.24000E+03  1.21468E-10  1.23102E-05  2.26031E-04  9.49930E-04  2.20102E-03  3.50598E-03  4.43931E-03  4.85818E-03
  1.28000E+03  4.55822E-11  8.07643E-06  1.66988E-04  7.39781E-04  1.77570E-03  2.90888E-03  3.76238E-03  4.18812E-03
  1.32000E+03  1.67188E-11  5.26191E-06  1.22884E-04  5.74565E-04  1.42891E-03  2.40770E-03  3.18164E-03  3.60281E-03
  1.36000E+03  5.99294E-12  3.40422E-06  9.00706E-05  4.45036E-04  1.14696E-03  1.98814E-03  2.68468E-03  3.09281E-03
  1.40000E+03  2.09916E-12  2.18689E-06  6.57563E-05  3.43769E-04  9.18341E-04  1.63784E-03  2.26044E-03  2.64953E-03
  1.44000E+03  7.18401E-13  1.39493E-06  4.78130E-05  2.64818E-04  7.33483E-04  1.34611E-03  1.89916E-03  2.26517E-03
  1.48000E+03  2.40190E-13  8.83440E-07  3.46256E-05  2.03438E-04  5.84406E-04  1.10379E-03  1.59224E-03  1.93268E-03
  1.52000E+03  7.84435E-14  5.55505E-07  2.49736E-05  1.55853E-04  4.64504E-04  9.03027E-04  1.33211E-03  1.64572E-03
  1.56000E+03  2.50220E-14  3.46792E-07  1.79385E-05  1.19066E-04  3.68317E-04  7.37103E-04  1.11215E-03  1.39862E-03
  1.60000E+03  7.79466E-15  2.14934E-07  1.28323E-05  9.07070E-05  2.91353E-04  6.00313E-04  9.26581E-04  1.18631E-03
  1.64000E+03  2.37100E-15  1.32246E-07  9.14160E-06  6.89083E-05  2.29928E-04  4.87819E-04  7.70390E-04  1.00429E-03
  1.68000E+03  7.04160E-16  8.07776E-08  6.48533E-06  5.22000E-05  1.81027E-04  3.95530E-04  6.39220E-04  8.48588E-04
  1.72000E+03  2.04157E-16  4.89793E-08  4.58168E-06  3.94304E-05  1.42194E-04  3.19997E-04  5.29308E-04  7.15669E-04
  1.76000E+03  5.77774E-17  2.94807E-08  3.22322E-06  2.96993E-05  1.11431E-04  2.58326E-04  4.37413E-04  6.02440E-04
  1.80000E+03  1.59586E-17  1.76138E-08  2.25798E-06  2.23053E-05  8.71222E-05  2.08091E-04  3.60750E-04  5.06184E-04
  1.84000E+03  4.30153E-18  1.04460E-08  1.57509E-06  1.67037E-05  6.79590E-05  1.67265E-04  2.96932E-04  4.24524E-04
  1.88000E+03  1.13131E-18  6.14909E-09  1.09406E-06  1.24724E-05  5.28889E-05  1.34163E-04  2.43922E-04  3.55387E-04
  1.92000E+03  2.90278E-19  3.59278E-09  7.56683E-07  9.28569E-06  4.10661E-05  1.07385E-04  1.99983E-04  2.96969E-04
  1.96000E+03  7.26543E-20  2.08352E-09  5.21098E-07  6.89287E-06  3.18130E-05  8.57717E-05  1.63639E-04  2.47706E-04
  2.00000E+03  1.77362E-20  1.19922E-09  3.57314E-07  5.10154E-06  2.45883E-05  6.83656E-05  1.33642E-04  2.06245E-04
  2.04000E+03  4.22231E-21  6.85061E-10  2.43948E-07  3.76453E-06  1.89607E-05  5.43790E-05  1.08933E-04  1.71418E-04
  2.08000E+03  9.80085E-22  3.88397E-10  1.65827E-07  2.76964E-06  1.45876E-05  4.31647E-05  8.86234E-05  1.42220E-04
  2.12000E+03  2.21786E-22  2.18540E-10  1.12232E-07  2.03158E-06  1.11973E-05  3.41930E-05  7.19630E-05  1.17787E-04
  2.16000E+03  4.89207E-23  1.22035E-10  7.56264E-08  1.48571E-06  8.57520E-06  2.70308E-05  5.83243E-05  9.73815E-05
  2.20000E+03  1.05164E-23  6.76281E-11  5.07366E-08  1.08323E-06  6.55199E-06  2.13256E-05  4.71817E-05  8.03709E-05
  2.24000E+03  2.20283E-24  3.71923E-11  3.38885E-08  7.87392E-07  4.99457E-06  1.67905E-05  3.80965E-05  6.62169E-05
  2.28000E+03  4.49530E-25  2.02980E-11  2.25353E-08  5.70604E-07  3.79855E-06  1.31933E-05  3.07035E-05  5.44617E-05
  2.32000E+03  8.93551E-26  1.09931E-11  1.49192E-08  4.12240E-07  2.88223E-06  1.03460E-05  2.46995E-05  4.47167E-05
  2.36000E+03  1.72974E-26  5.90804E-12  9.83314E-09  2.96914E-07  2.18187E-06  8.09695E-06  1.98330E-05  3.66528E-05
  2.40000E+03  3.26026E-27  3.15079E-12  6.45210E-09  2.13193E-07  1.64785E-06  6.32422E-06  1.58962E-05  2.99922E-05
  2.44000E+03  5.98201E-28  1.66740E-12  4.21468E-09  1.52606E-07  1.24162E-06  4.92979E-06  1.27177E-05  2.45006E-05
  2.48000E+03  1.06824E-28  8.75579E-13  2.74081E-09  1.08898E-07  9.33339E-07  3.83521E-06  1.01562E-05  1.99809E-05
  2.52000E+03  1.85618E-29  4.56228E-13  1.77435E-09  7.74674E-08  6.99952E-07  2.97777E-06  8.09605E-06  1.62678E-05
  2.56000E+03  3.13760E-30  2.35880E-13  1.14350E-09  5.49364E-08  5.23688E-07  2.30746E-06  6.44218E-06  1.32226E-05
  2.60000E+03  5.15817E-31  1.21009E-13  7.33623E-10  3.88365E-08  3.90884E-07  1.78451E-06  5.11699E-06  1.07297E-05
  2.64000E+03  8.24519E-32  6.15967E-14  4.68531E-10  2.73688E-08  2.91066E-07  1.37737E-06  4.05715E-06  8.69237E-06
  2.68000E+03  1.28114E-32  3.11100E-14  2.97872E-10  1.92266E-08  2.16222E-07  1.06102E-06  3.21112E-06  7.03035E-06
  2.72000E+03  1.93446E-33  1.55898E-14  1.88514E-10  1.34641E-08  1.60240E-07  8.15723E-07  2.53701E-06  5.67681E-06
  2.76000E+03  2.83769E-34  7.75132E-15  1.18761E-10  9.39885E-09  1.18468E-07  6.25903E-07  2.00088E-06  4.57640E-06
  2.80000E+03  4.04274E-35  3.82382E-15  7.44761E-11  6.54022E-09  8.73752E-08  4.79309E-07  1.57527E-06  3.68331E-06
  2.84000E+03  5.59180E-36  1.87154E-15  4.64911E-11  4.53656E-09  6.42876E-08  3.66327E-07  1.23802E-06  2.95972E-06
  2.88000E+03  7.50666E-37  9.08824E-16  2.88887E-11  3.13671E-09  4.71864E-08  2.79426E-07  9.71271E-07  2.37444E-06
  2.92000E+03  9.77700E-38  4.37855E-16  1.78685E-11  2.16188E-09  3.45504E-08  2.12720E-07  7.60667E-07  1.90184E-06
  2.96000E+03  1.23500E-38  2.09289E-16  1.10013E-11  1.48523E-09  2.52367E-08  1.61619E-07  5.94693E-07  1.52087E-06
  3.00000E+03  1.51237E-39  9.92482E-17  6.74210E-12  1.01709E-09  1.83888E-08  1.22552E-07  4.64126E-07  1.21426E-06
  3.04000E+03  1.79476E-40  4.66934E-17  4.11279E-12  6.94268E-10  1.33664E-08  9.27444E-08  3.61598E-07  9.67926E-07
  3.08000E+03  2.06313E-41  2.17941E-17  2.49727E-12  4.72379E-10  9.69192E-09  7.00479E-08  2.81230E-07  7.70334E-07
  3.12000E+03  2.29533E-42  1.00918E-17  1.50931E-12  3.20367E-10  7.01033E-09  5.28008E-08  2.18346E-07  6.12101E-07
  3.16000E+03  2.46629E-43  4.63594E-18  9.07965E-13  2.16569E-10  5.05821E-09  3.97212E-08  1.69229E-07  4.85594E-07
  3.20000E+03  2.52234E-44  2.11274E-18  5.43674E-13  1.45926E-10  3.64069E-09  2.98222E-08  1.30934E-07  3.84615E-07
  3.24000E+03  1.40130E-45  9.55178E-19  3.24027E-13  9.80069E-11  2.61393E-09  2.23454E-08  1.01128E-07  3.04142E-07
  3.28000E+03  0.00000E+00  4.28402E-19  1.92219E-13  6.56089E-11  1.87209E-09  1.67096E-08  7.79699E-08  2.40112E-07
  3.32000E+03  0.00000E+00  1.90608E-19  1.13495E-13  4.37772E-11  1.33745E-09  1.24699E-08  6.00085E-08  1.89245E-07
  3.36000E+03  0.00000E+00  8.41298E-20  6.66998E-14  2.91147E-11  9.53113E-10  9.28708E-09  4.61013E-08  1.48896E-07
  3.40000E+03  0.00000E+00  3.68361E-20  3.90152E-14  1.92996E-11  6.77514E-10  6.90235E-09  3.53514E-08  1.16937E-07
  3.44000E+03  0.00000E+00  1.59995E-20  2.27144E-14  1.27514E-11  4.80389E-10  5.11914E-09  2.70556E-08  9.16599E-08
  3.48000E+03  0.00000E+00  6.89360E-21  1.31622E-14  8.39718E-12  3.39746E-10  3.78833E-09  2.06636E-08  7.16933E-08
  3.52000E+03  0.00000E+00  2.94637E-21  7.59112E-15  5.51147E-12  2.39649E-10  2.79701E-09  1.57459E-08  5.59399E-08
  3.56000E+03  0.00000E+00  1.24919E-21  4.35747E-15  3.60535E-12  1.68584E-10  2.05990E-09  1.19673E-08  4.35227E-08
  3.60000E+03  0.00000E+00  5.25364E-22  2.48948E-15  2.35042E-12  1.18247E-10  1.51268E-09  9.06697E-09  3.37417E-08
  3.64000E+03  0.00000E+00  2.19171E-22  1.41553E-15  1.52689E-12  8.26706E-11  1.10696E-09  6.84233E-09  2.60392E-08
  3.68000E+03  0.00000E+00  9.06967E-23  8.01021E-16  9.88111E-13  5.75715E-11  8.06411E-10  5.13609E-09  1.99711E-08
  3.72000E+03  0.00000E+00  3.72289E-23  4.51043E-16  6.36602E-13  3.98856E-11  5.83759E-10  3.82641E-09  1.51847E-08
  3.76000E+03  0.00000E+00  1.51580E-23  2.52614E-16  4.07741E-13  2.74241E-11  4.18595E-10  2.81893E-09  1.13997E-08
  3.80000E+03  0.00000E+00  6.12115E-24  1.40546E-16  2.58809E-13  1.86259E-11  2.95642E-10  2.04067E-09  8.39376E-09
  3.84000E+03  0.00000E+00  2.45047E-24  7.73852E-17  1.61620E-13  1.23782E-11  2.03469E-10  1.43518E-09  5.99046E-09
  3.88000E+03  0.00000E+00  9.69776E-25  4.16813E-17  9.75751E-14  7.88681E-12  1.33513E-10  9.58711E-10  4.04982E-09
  3.92000E+03  0.00000E+00  3.73072E-25  2.11447E-17  5.43576E-14  4.58267E-12  7.93358E-11  5.77359E-10  2.46059E-09
  3.96000E+03  0.00000E+00  1.24726E-25  8.66771E-18  2.37204E-14  2.05450E-12  3.60714E-11  2.64693E-10  1.13424E-09
  4.00000E+03  0.00000E+00  0.00000E+00  0.00000E+00  0.00000E+00  0.00000E+00  0.00000E+00  0.00000E+00  0.00000E+00
