 Depth 10 30 50 70 90 110 130 150
  0.00000E+00  4.46685E-02  1.55679E-01  2.66954E-01  2.27966E-01  1.72693E-01  1.17390E-01  6.20872E-02  6.78421E-03
  4.00000E+01  2.09802E-02  7.84095E-02  1.36137E-01  1.19332E-01  9.06864E-02  6.20126E-02  3.33386E-02  4.66451E-03
  8.00000E+01  9.77620E-03  3.94578E-02  6.93894E-02  6.24571E-02  4.76146E-02  3.27476E-02  1.78804E-02  3.01319E-03
  1.20000E+02  4.51611E-03  1.98381E-02  3.53569E-02  3.26842E-02  2.49960E-02  1.72876E-02  9.57914E-03  1.87065E-03
  1.60000E+02  2.06664E-03  9.96433E-03  1.80103E-02  1.71007E-02  1.31200E-02  9.12334E-03  5.12656E-03  1.12978E-03
  2.00000E+02  9.36124E-04  4.99976E-03  9.17129E-03  8.94541E-03  6.88544E-03  4.81325E-03  2.74096E-03  6.68673E-04
  2.40000E+02  4.19408E-04  2.50598E-03  4.66869E-03  4.67824E-03  3.61298E-03  2.53860E-03  1.46414E-03  3.89679E-04
  2.80000E+02  1.85713E-04  1.25459E-03  2.37581E-03  2.44593E-03  1.89556E-03  1.33852E-03  7.81426E-04  2.24328E-04
  3.20000E+02  8.12118E-05  6.27323E-04  1.20857E-03  1.27840E-03  9.94369E-04  7.05564E-04  4.16715E-04  1.27866E-04
  3.60000E+02  3.50467E-05  3.13264E-04  6.14571E-04  6.67923E-04  5.21551E-04  3.71819E-04  2.22053E-04  7.22879E-05
  4.00000E+02  1.49147E-05  1.56216E-04  3.12396E-04  3.48819E-04  2.73518E-04  1.95890E-04  1.18238E-04  4.05866E-05
  4.40000E+02  6.25495E-06  7.77844E-05  1.58732E-04  1.82080E-04  1.43422E-04  1.03178E-04  6.29159E-05  2.26542E-05
  4.80000E+02  2.58338E-06  3.86699E-05  8.06201E-05  9.49904E-05  7.51944E-05  5.43315E-05  3.34563E-05  1.25810E-05
  5.20000E+02  1.05011E-06  1.91921E-05  4.09292E-05  4.95250E-05  3.94181E-05  2.86032E-05  1.77797E-05  6.95607E-06
  5.60000E+02  4.19861E-07  9.50810E-06  2.07696E-05  2.58026E-05  2.06608E-05  1.50549E-05  9.44308E-06  3.83113E-06
  6.00000E+02  1.65029E-07  4.70151E-06  1.05346E-05  1.34328E-05  1.08277E-05  7.92221E-06  5.01253E-06  2.10279E-06
  6.40000E+02  6.37338E-08  2.32007E-06  5.34062E-06  6.98710E-06  5.67367E-06  4.16792E-06  2.65929E-06  1.15062E-06
  6.80000E+02  2.41725E-08  1.14243E-06  2.70610E-06  3.63101E-06  2.97254E-06  2.19231E-06  1.41011E-06  6.27876E-07
  7.20000E+02  8.99941E-09  5.61267E-07  1.37045E-06  1.88507E-06  1.55714E-06  1.15291E-06  7.47349E-07  3.41770E-07
  7.60000E+02  3.28747E-09  2.75080E-07  6.93649E-07  9.77620E-07  8.15560E-07  6.06180E-07  3.95904E-07  1.85616E-07
  8.00000E+02  1.17786E-09  1.34474E-07  3.50881E-07  5.06445E-07  4.27084E-07  3.18657E-07  2.09634E-07  1.00601E-07
  8.40000E+02  4.13755E-10  6.55606E-08  1.77384E-07  2.62056E-07  2.23611E-07  1.67480E-07  1.10954E-07  5.44221E-08
  8.80000E+02  1.42450E-10  3.18721E-08  8.96166E-08  1.35438E-07  1.17056E-07  8.80082E-08  5.87011E-08  2.93898E-08
  9.20000E+02  4.80520E-11  1.54481E-08  4.52449E-08  6.99134E-08  6.12639E-08  4.62386E-08  3.10438E-08  1.58462E-08
  9.60000E+02  1.58766E-11  7.46398E-09  2.28268E-08  3.60452E-08  3.20569E-08  2.42890E-08  1.64111E-08  8.53129E-09
  1.00000E+03  5.13663E-12  3.59441E-09  1.15079E-08  1.85610E-08  1.67702E-08  1.27567E-08  8.67241E-09  4.58681E-09
  1.04000E+03  1.62689E-12  1.72496E-09  5.79710E-09  9.54608E-09  8.77088E-09  6.69876E-09  4.58129E-09  2.46295E-09
  1.08000E+03  5.04306E-13  8.24811E-10  2.91790E-09  4.90374E-09  4.58594E-09  3.51704E-09  2.41928E-09  1.32095E-09
  1.12000E+03  1.52961E-13  3.92905E-10  1.46743E-09  2.51605E-09  2.39709E-09  1.84624E-09  1.27715E-09  7.07678E-10
  1.16000E+03  4.53864E-14  1.86427E-10  7.37319E-10  1.28949E-09  1.25256E-09  9.69013E-10  6.74000E-10  3.78735E-10
  1.20000E+03  1.31716E-14  8.80946E-11  3.70120E-10  6.60142E-10  6.54269E-10  5.08511E-10  3.55585E-10  2.02494E-10
  1.24000E+03  3.73796E-15  4.14517E-11  1.85609E-10  3.37599E-10  3.41624E-10  2.66810E-10  1.87542E-10  1.08166E-10
  1.28000E+03  1.03713E-15  1.94187E-11  9.29834E-11  1.72476E-10  1.78304E-10  1.39970E-10  9.88846E-11  5.77293E-11
  1.32000E+03  2.81293E-16  9.05566E-12  4.65305E-11  8.80329E-11  9.30200E-11  7.34170E-11  5.21240E-11  3.07856E-11
  1.36000E+03  7.45656E-17  4.20314E-12  2.32581E-11  4.48920E-11  4.85046E-11  3.85026E-11  2.74682E-11  1.64046E-11
  1.40000E+03  1.93152E-17  1.94143E-12  1.16115E-11  2.28729E-11  2.52792E-11  2.01889E-11  1.44714E-11  8.73509E-12
  1.44000E+03  4.88851E-18  8.92274E-13  5.78973E-12  1.16446E-11  1.31675E-11  1.05843E-11  7.62218E-12  4.64803E-12
  1.48000E+03  1.20865E-18  4.07987E-13  2.88308E-12  5.92371E-12  6.85464E-12  5.54807E-12  4.01368E-12  2.47165E-12
  1.52000E+03  2.91885E-19  1.85570E-13  1.43370E-12  3.01125E-12  3.56611E-12  2.90768E-12  2.11301E-12  1.31351E-12
  1.56000E+03  6.88407E-20  8.39504E-14  7.11922E-13  1.52966E-12  1.85403E-12  1.52361E-12  1.11214E-12  6.97624E-13
  1.60000E+03  1.58540E-20  3.77694E-14  3.52983E-13  7.76520E-13  9.63244E-13  7.98222E-13  5.85224E-13  3.70309E-13
  1.64000E+03  3.56479E-21  1.68968E-14  1.74741E-13  3.93936E-13  5.00079E-13  4.18110E-13  3.07884E-13  1.96460E-13
  1.68000E+03  7.82474E-22  7.51566E-15  8.63619E-14  1.99719E-13  2.59425E-13  2.18964E-13  1.61942E-13  1.04174E-13
  1.72000E+03  1.67644E-22  3.32335E-15  4.26097E-14  1.01190E-13  1.34475E-13  1.14648E-13  8.51614E-14  5.52115E-14
  1.76000E+03  3.50530E-23  1.46079E-15  2.09857E-14  5.12370E-14  6.96489E-14  6.00158E-14  4.47751E-14  2.92480E-14
  1.80000E+03  7.15199E-24  6.38192E-16  1.03165E-14  2.59271E-14  3.60432E-14  3.14099E-14  2.35366E-14  1.54870E-14
  1.84000E+03  1.42374E-24  2.77094E-16  5.06186E-15  1.31113E-14  1.86362E-14  1.64348E-14  1.23699E-14  8.19688E-15
  1.88000E+03  2.76487E-25  1.19556E-16  2.47867E-15  6.62601E-15  9.62743E-15  8.59710E-15  6.49986E-15  4.33661E-15
  1.92000E+03  5.23721E-26  5.12563E-17  1.21124E-15  3.34633E-15  4.96905E-15  4.49597E-15  3.41477E-15  2.29339E-15
  1.96000E+03  9.67483E-27  2.18330E-17  5.90624E-16  1.68884E-15  2.56238E-15  2.35057E-15  1.79365E-15  1.21238E-15
  2.00000E+03  1.74277E-27  9.23916E-18  2.87361E-16  8.51724E-16  1.32013E-15  1.22855E-15  9.41960E-16  6.40678E-16
  2.04000E+03  3.06075E-28  3.88393E-18  1.39493E-16  4.29231E-16  6.79498E-16  6.41906E-16  4.94595E-16  3.38443E-16
  2.08000E+03  5.24008E-29  1.62179E-18  6.75533E-17  2.16150E-16  3.49430E-16  3.35278E-16  2.59650E-16  1.78724E-16
  2.12000E+03  8.74385E-30  6.72625E-19  3.26349E-17  1.08762E-16  1.79528E-16  1.75059E-16  1.36285E-16  9.43486E-17
  2.16000E+03  1.42184E-30  2.77060E-19  1.57263E-17  5.46817E-17  9.21525E-17  9.13689E-17  7.15205E-17  4.97909E-17
  2.20000E+03  2.25275E-31  1.13336E-19  7.55875E-18  2.74687E-17  4.72592E-17  4.76694E-17  3.75262E-17  2.62682E-17
  2.24000E+03  3.47704E-32  4.60392E-20  3.62341E-18  1.37865E-17  2.42144E-17  2.48598E-17  1.96861E-17  1.38542E-17
  2.28000E+03  5.22716E-33  1.85706E-20  1.73221E-18  6.91303E-18  1.23958E-17  1.29587E-17  1.03254E-17  7.30475E-18
  2.32000E+03  7.65246E-34  7.43771E-21  8.25788E-19  3.46314E-18  6.34009E-18  6.75185E-18  5.41469E-18  3.85042E-18
  2.36000E+03  1.09077E-34  2.95761E-21  3.92546E-19  1.73318E-18  3.23996E-18  3.51618E-18  2.83896E-18  2.02906E-18
  2.40000E+03  1.51346E-35  1.16764E-21  1.86053E-19  8.66500E-19  1.65431E-18  1.83019E-18  1.48820E-18  1.06897E-18
  2.44000E+03  2.04376E-36  4.57638E-22  8.79183E-20  4.32744E-19  8.43975E-19  9.52112E-19  7.79975E-19  5.63021E-19
  2.48000E+03  2.68544E-37  1.78057E-22  4.14180E-20  2.15881E-19  4.30217E-19  4.95036E-19  4.08707E-19  2.96467E-19
  2.52000E+03  3.43263E-38  6.87697E-23  1.94508E-20  1.07572E-19  2.19128E-19  2.57236E-19  2.14119E-19  1.56071E-19
  2.56000E+03  4.26742E-39  2.63645E-23  9.10540E-21  5.35386E-20  1.11523E-19  1.33587E-19  1.12152E-19  8.21421E-20
  2.60000E+03  5.15850E-40  1.00325E-23  4.24860E-21  2.66135E-20  5.67143E-20  6.93309E-20  5.87303E-20  4.32225E-20
  2.64000E+03  6.06188E-41  3.78917E-24  1.97584E-21  1.32125E-20  2.88197E-20  3.59590E-20  3.07482E-20  2.27382E-20
  2.68000E+03  6.92382E-42  1.42040E-24  9.15782E-22  6.55079E-21  1.46339E-20  1.86380E-20  1.60944E-20  1.19593E-20
  2.72000E+03  7.67912E-43  5.28437E-25  4.23002E-22  3.24350E-21  7.42519E-21  9.65371E-21  8.42219E-21  6.28871E-21
  2.76000E+03  8.12753E-44  1.95108E-25  1.94705E-22  1.60370E-21  3.76474E-21  4.99672E-21  4.40620E-21  3.30617E-21
  2.80000E+03  7.00649E-45  7.14894E-26  8.93051E-23  7.91783E-22  1.90741E-21  2.58443E-21  2.30456E-21  1.73780E-21
  2.84000E+03  0.00000E+00  2.59944E-26  4.08145E-23  3.90337E-22  9.65688E-22  1.33576E-21  1.20501E-21  9.13236E-22
  2.88000E+03  0.00000E+00  9.37940E-27  1.85853E-23  1.92135E-22  4.88555E-22  6.89868E-22  6.29893E-22  4.79820E-22
  2.92000E+03  0.00000E+00  3.35826E-27  8.43185E-24  9.44245E-23  2.46986E-22  3.56023E-22  3.29164E-22  2.52050E-22
  2.96000E+03  0.00000E+00  1.19313E-27  3.81112E-24  4.63295E-23  1.24771E-22  1.83593E-22  1.71957E-22  1.32376E-22
  3.00000E+03  0.00000E+00  4.20609E-28  1.71608E-24  2.26936E-23  6.29842E-23  9.46020E-23  8.98015E-23  6.95097E-23
  3.04000E+03  0.00000E+00  1.47123E-28  7.69768E-25  1.10970E-23  3.17706E-23  4.87085E-23  4.68810E-23  3.64918E-23
  3.08000E+03  0.00000E+00  5.10597E-29  3.43955E-25  5.41676E-24  1.60136E-23  2.50593E-23  2.44654E-23  1.91540E-23
  3.12000E+03  0.00000E+00  1.75818E-29  1.53089E-25  2.63932E-24  8.06521E-24  1.28822E-23  1.27628E-23  1.00517E-23
  3.16000E+03  0.00000E+00  6.00658E-30  6.78684E-26  1.28363E-24  4.05883E-24  6.61705E-24  6.65528E-24  5.27389E-24
  3.20000E+03  0.00000E+00  2.03591E-30  2.99681E-26  6.23111E-25  2.04097E-24  3.39622E-24  3.46904E-24  2.76653E-24
  3.24000E+03  0.00000E+00  6.84614E-31  1.31795E-26  3.01891E-25  1.02545E-24  1.74173E-24  1.80745E-24  1.45095E-24
  3.28000E+03  0.00000E+00  2.28393E-31  5.77267E-27  1.45974E-25  5.14789E-25  8.92530E-25  9.41304E-25  7.60818E-25
  3.32000E+03  0.00000E+00  7.55892E-32  2.51810E-27  7.04404E-26  2.58206E-25  4.57003E-25  4.89996E-25  3.98856E-25
  3.36000E+03  0.00000E+00  2.48181E-32  1.09389E-27  3.39213E-26  1.29395E-25  2.33815E-25  2.54945E-25  2.09053E-25
  3.40000E+03  0.00000E+00  8.08351E-33  4.73223E-28  1.63008E-26  6.47849E-26  1.19531E-25  1.32581E-25  1.09546E-25
  3.44000E+03  0.00000E+00  2.61184E-33  2.03862E-28  7.81648E-27  3.24056E-26  6.10582E-26  6.89102E-26  5.73894E-26
  3.48000E+03  0.00000E+00  8.37148E-34  8.74519E-29  3.73993E-27  1.61935E-26  3.11644E-26  3.57966E-26  3.00569E-26
  3.52000E+03  0.00000E+00  2.66169E-34  3.73556E-29  1.78544E-27  8.08392E-27  1.58933E-26  1.85836E-26  1.57367E-26
  3.56000E+03  0.00000E+00  8.39471E-35  1.58884E-29  8.50427E-28  4.03118E-27  8.09823E-27  9.64075E-27  8.23565E-27
  3.60000E+03  0.00000E+00  2.62627E-35  6.72872E-30  4.04117E-28  2.00784E-27  4.12231E-27  4.99706E-27  4.30744E-27
  3.64000E+03  0.00000E+00  8.14993E-36  2.83723E-30  1.91562E-28  9.98690E-28  2.09590E-27  2.58710E-27  2.25078E-27
  3.68000E+03  0.00000E+00  2.50865E-36  1.19109E-30  9.05634E-29  4.95878E-28  1.06386E-27  1.33709E-27  1.17426E-27
  3.72000E+03  0.00000E+00  7.65935E-37  4.97767E-31  4.26817E-29  2.45601E-28  5.38615E-28  6.89093E-28  6.10919E-28
  3.76000E+03  0.00000E+00  2.31952E-37  2.07012E-31  2.00318E-29  1.21141E-28  2.71474E-28  3.53365E-28  3.16213E-28
  3.80000E+03  0.00000E+00  6.96672E-38  8.55864E-32  9.33894E-30  5.92972E-29  1.35677E-28  1.79517E-28  1.62088E-28
  3.84000E+03  0.00000E+00  2.07448E-38  3.50636E-32  4.29825E-30  2.85808E-29  6.66699E-29  8.95381E-29  8.15146E-29
  3.88000E+03  0.00000E+00  6.10934E-39  1.40869E-32  1.92236E-30  1.33201E-29  3.15997E-29  4.29856E-29  3.94138E-29
  3.92000E+03  0.00000E+00  1.75233E-39  5.35443E-33  7.99172E-31  5.72401E-30  1.37606E-29  1.89057E-29  1.74313E-29
  3.96000E+03  0.00000E+00  4.39500E-40  1.65692E-33  2.62802E-31  1.92360E-30  4.66407E-30  6.44864E-30  5.96685E-30
  4.00000E+03  0.00000E+00  0.00000E+00  0.00000E+00  0.00000E+00  0.00000E+00  0.00000E+00  0.00000E+00  0.00000E+00
