 Depth 10 30 50 70 90 110 130 150
  0.00000E+00  4.90336E-02  1.74579E-01  3.00599E-01  2.58993E-01  1.96418E-01  1.33791E-01  7.11642E-02  8.53687E-03
  4.00000E+01  2.29839E-02  8.79033E-02  1.53276E-01  1.35565E-01  1.03140E-01  7.06684E-02  3.81968E-02  5.72515E-03
  8.00000E+01  1.06872E-02  4.42219E-02  7.81171E-02  7.09485E-02  5.41502E-02  3.73143E-02  2.04781E-02  3.64188E-03
  1.20000E+02  4.92602E-03  2.22262E-02  3.97999E-02  3.71248E-02  2.84254E-02  1.96963E-02  1.09669E-02  2.23745E-03
  1.60000E+02  2.24905E-03  1.11600E-02  2.02714E-02  1.94223E-02  1.49193E-02  1.03934E-02  5.86725E-03  1.34114E-03
  2.00000E+02  1.01635E-03  5.59773E-03  1.03215E-02  1.01588E-02  7.82932E-03  5.48272E-03  3.13598E-03  7.89239E-04
  2.40000E+02  4.54259E-04  2.80462E-03  5.25361E-03  5.31214E-03  4.10806E-03  2.89141E-03  1.67465E-03  4.57883E-04
  2.80000E+02  2.00654E-04  1.40354E-03  2.67314E-03  2.77697E-03  2.15520E-03  1.52440E-03  8.93522E-04  2.62643E-04
  3.20000E+02  8.75299E-05  7.01501E-04  1.35965E-03  1.45118E-03  1.13051E-03  8.03470E-04  4.76366E-04  1.49262E-04
  3.60000E+02  3.76802E-05  3.50148E-04  6.91309E-04  7.58060E-04  5.92930E-04  4.23375E-04  2.53775E-04  8.41748E-05
  4.00000E+02  1.59960E-05  1.74525E-04  3.51356E-04  3.95811E-04  3.10936E-04  2.23033E-04  1.35097E-04  4.71612E-05
  4.40000E+02  6.69209E-06  8.68573E-05  1.78503E-04  2.06561E-04  1.63034E-04  1.17464E-04  7.18704E-05  2.62764E-05
  4.80000E+02  2.75727E-06  4.31574E-05  9.06485E-05  1.07735E-04  8.54728E-05  6.18495E-05  3.82097E-05  1.45696E-05
  5.20000E+02  1.11814E-06  2.14072E-05  4.60135E-05  5.61539E-05  4.48040E-05  3.25586E-05  2.03016E-05  8.04450E-06
  5.60000E+02  4.46025E-07  1.05992E-05  2.33459E-05  2.92474E-05  2.34825E-05  1.71355E-05  1.07804E-05  4.42520E-06
  6.00000E+02  1.74916E-07  5.23774E-06  1.18393E-05  1.52212E-05  1.23058E-05  9.01636E-06  5.72133E-06  2.42623E-06
  6.40000E+02  6.74029E-08  2.58299E-06  6.00107E-06  7.91460E-06  6.44786E-06  4.74322E-06  3.03479E-06  1.32631E-06
  6.80000E+02  2.55093E-08  1.27102E-06  3.04021E-06  4.11151E-06  3.37796E-06  2.49473E-06  1.60894E-06  7.23113E-07
  7.20000E+02  9.47739E-09  6.23988E-07  1.53936E-06  2.13372E-06  1.76940E-06  1.31186E-06  8.52592E-07  3.93299E-07
  7.60000E+02  3.45513E-09  3.05589E-07  7.78990E-07  1.10614E-06  9.26676E-07  6.89707E-07  4.51586E-07  2.13447E-07
  8.00000E+02  1.23553E-09  1.49270E-07  3.93971E-07  5.72794E-07  4.85238E-07  3.62542E-07  2.39082E-07  1.15609E-07
  8.40000E+02  4.33203E-10  7.27146E-08  1.99125E-07  2.96268E-07  2.54041E-07  1.90533E-07  1.26522E-07  6.25029E-08
  8.80000E+02  1.48878E-10  3.53198E-08  1.00578E-07  1.53057E-07  1.32974E-07  1.00116E-07  6.69282E-08  3.37349E-08
  9.20000E+02  5.01334E-11  1.71041E-08  5.07670E-08  7.89766E-08  6.95893E-08  5.25967E-08  3.53900E-08  1.81796E-08
  9.60000E+02  1.65368E-11  8.25651E-09  2.56065E-08  4.07017E-08  3.64099E-08  2.76272E-08  1.87063E-08  9.78288E-09
  1.00000E+03  5.34170E-12  3.97231E-09  1.29060E-08  2.09506E-08  1.90455E-08  1.45091E-08  9.88408E-09  5.25739E-09
  1.04000E+03  1.68926E-12  1.90446E-09  6.49963E-09  1.07710E-08  9.95976E-09  7.61852E-09  5.22075E-09  2.82186E-09
  1.08000E+03  5.22871E-13  9.09734E-10  3.27060E-09  5.53095E-09  5.20694E-09  3.99971E-09  2.75665E-09  1.51286E-09
  1.12000E+03  1.58369E-13  4.32915E-10  1.64432E-09  2.83687E-09  2.72133E-09  2.09950E-09  1.45509E-09  8.10198E-10
  1.16000E+03  4.69280E-14  2.05196E-10  8.25945E-10  1.45342E-09  1.42179E-09  1.10187E-09  7.67824E-10  4.33455E-10
  1.20000E+03  1.36014E-14  9.68606E-11  4.14476E-10  7.43830E-10  7.42554E-10  5.78199E-10  4.05043E-10  2.31677E-10
  1.24000E+03  3.85518E-15  4.55269E-11  2.07784E-10  3.80283E-10  3.87659E-10  3.03357E-10  2.13606E-10  1.23718E-10
  1.28000E+03  1.06839E-15  2.13043E-11  1.04056E-10  1.94228E-10  2.02295E-10  1.59133E-10  1.12616E-10  6.60106E-11
  1.32000E+03  2.89445E-16  9.92386E-12  5.20522E-11  9.91085E-11  1.05517E-10  8.34639E-11  5.93568E-11  3.51925E-11
  1.36000E+03  7.66433E-17  4.60091E-12  2.60082E-11  5.05271E-11  5.50100E-11  4.37689E-11  3.12769E-11  1.87481E-11
  1.40000E+03  1.98329E-17  2.12272E-12  1.29793E-11  2.57379E-11  2.86636E-11  2.29489E-11  1.64765E-11  9.98057E-12
  1.44000E+03  5.01453E-18  9.74473E-13  6.46909E-12  1.31001E-11  1.49271E-11  1.20306E-11  8.67756E-12  5.30956E-12
  1.48000E+03  1.23863E-18  4.45055E-13  3.21999E-12  6.66269E-12  7.76883E-12  6.30577E-12  4.56904E-12  2.82281E-12
  1.52000E+03  2.98853E-19  2.02194E-13  1.60052E-12  3.38618E-12  4.04073E-12  3.30456E-12  2.40519E-12  1.49982E-12
  1.56000E+03  7.04224E-20  9.13643E-14  7.94395E-13  1.71977E-12  2.10026E-12  1.73146E-12  1.26583E-12  7.96420E-13
  1.60000E+03  1.62047E-20  4.10567E-14  3.93686E-13  8.72848E-13  1.09088E-12  9.07048E-13  6.66044E-13  4.22673E-13
  1.64000E+03  3.64072E-21  1.83460E-14  1.94793E-13  4.42715E-13  5.66190E-13  4.75078E-13  3.50378E-13  2.24200E-13
  1.68000E+03  7.98526E-22  8.15068E-15  9.62230E-14  2.24405E-13  2.93638E-13  2.48779E-13  1.84280E-13  1.18863E-13
  1.72000E+03  1.70956E-22  3.59995E-15  4.74499E-14  1.13675E-13  1.52166E-13  1.30248E-13  9.69013E-14  6.29865E-14
  1.76000E+03  3.57204E-23  1.58052E-15  2.33567E-14  5.75467E-14  7.87888E-14  6.81762E-14  5.09440E-14  3.33615E-14
  1.80000E+03  7.28319E-24  6.89702E-16  1.14756E-14  2.91139E-14  4.07609E-14  3.56775E-14  2.67775E-14  1.76625E-14
  1.84000E+03  1.44891E-24  2.99114E-16  5.62731E-15  1.47197E-14  2.10692E-14  1.86659E-14  1.40722E-14  9.34697E-15
  1.88000E+03  2.81198E-25  1.28910E-16  2.75392E-15  7.43727E-15  1.08810E-14  9.76323E-15  7.39389E-15  4.94438E-15
  1.92000E+03  5.32324E-26  5.52034E-17  1.34492E-15  3.75521E-15  5.61435E-15  5.10526E-15  3.88420E-15  2.61446E-15
  1.96000E+03  9.82805E-27  2.34878E-17  6.55398E-16  1.89475E-15  2.89426E-15  2.66881E-15  2.04009E-15  1.38194E-15
  2.00000E+03  1.76939E-27  9.92833E-18  3.18672E-16  9.55346E-16  1.49066E-15  1.39471E-15  1.07131E-15  7.30189E-16
  2.04000E+03  3.10582E-28  4.16902E-18  1.54590E-16  4.81334E-16  7.67041E-16  7.28631E-16  5.62478E-16  3.85682E-16
  2.08000E+03  5.31450E-29  1.73893E-18  7.48145E-17  2.42326E-16  3.94331E-16  3.80525E-16  2.95268E-16  2.03646E-16
  2.12000E+03  8.86362E-30  7.20428E-19  3.61182E-17  1.21901E-16  2.02537E-16  1.98655E-16  1.54970E-16  1.07493E-16
  2.16000E+03  1.44063E-30  2.96433E-19  1.73928E-17  6.12708E-17  1.03933E-16  1.03669E-16  8.13211E-17  5.67218E-17
  2.20000E+03  2.28146E-31  1.21133E-19  8.35379E-18  3.07700E-17  5.32851E-17  5.40781E-17  4.26657E-17  2.99216E-17
  2.24000E+03  3.51979E-32  4.91550E-20  4.00166E-18  1.54389E-17  2.72942E-17  2.81973E-17  2.23808E-17  1.57795E-17
  2.28000E+03  5.28916E-33  1.98071E-20  1.91164E-18  7.73926E-18  1.39685E-17  1.46959E-17  1.17380E-17  8.31907E-18
  2.32000E+03  7.74002E-34  7.92486E-21  9.10654E-19  3.87584E-18  7.14254E-18  7.65560E-18  6.15504E-18  4.38468E-18
  2.36000E+03  1.10281E-34  3.14818E-21  4.32564E-19  1.93909E-18  3.64907E-18  3.98608E-18  3.22690E-18  2.31038E-18
  2.40000E+03  1.52958E-35  1.24165E-21  2.04866E-19  9.69121E-19  1.86271E-18  2.07437E-18  1.69144E-18  1.21707E-18
  2.44000E+03  2.06476E-36  4.86172E-22  9.67343E-20  4.83828E-19  9.50052E-19  1.07892E-18  8.86429E-19  6.40970E-19
  2.48000E+03  2.71205E-37  1.88978E-22  4.55361E-20  2.41279E-19  4.84168E-19  5.60850E-19  4.64454E-19  3.37484E-19
  2.52000E+03  3.46544E-38  7.29189E-23  2.13682E-20  1.20183E-19  2.46546E-19  2.91372E-19  2.43305E-19  1.77649E-19
  2.56000E+03  4.30677E-39  2.79293E-23  9.99516E-21  5.97929E-20  1.25447E-19  1.51281E-19  1.27429E-19  9.34915E-20
  2.60000E+03  5.20437E-40  1.06182E-23  4.66010E-21  2.97109E-20  6.37802E-20  7.84958E-20  6.67247E-20  4.91906E-20
  2.64000E+03  6.11344E-41  4.00680E-24  2.16550E-21  1.47443E-20  3.24027E-20  4.07029E-20  3.49306E-20  2.58758E-20
  2.68000E+03  6.97987E-42  1.50066E-24  1.00289E-21  7.30729E-21  1.64494E-20  2.10918E-20  1.82819E-20  1.36085E-20
  2.72000E+03  7.73517E-43  5.57811E-25  4.62869E-22  3.61654E-21  8.34446E-21  1.09220E-20  9.56599E-21  7.15542E-21
  2.76000E+03  8.26766E-44  2.05778E-25  2.12886E-22  1.78738E-21  4.22986E-21  5.65179E-21  5.00410E-21  3.76155E-21
  2.80000E+03  7.00649E-45  7.53357E-26  9.75660E-23  8.82078E-22  2.14258E-21  2.92251E-21  2.61700E-21  1.97701E-21
  2.84000E+03  0.00000E+00  2.73704E-26  4.45542E-23  4.34655E-22  1.08450E-21  1.51011E-21  1.36823E-21  1.03887E-21
  2.88000E+03  0.00000E+00  9.86789E-27  2.02720E-23  2.13850E-22  5.48537E-22  7.79716E-22  7.15134E-22  5.45792E-22
  2.92000E+03  0.00000E+00  3.53035E-27  9.18972E-24  1.05047E-22  2.77246E-22  4.02287E-22  3.73664E-22  2.86685E-22
  2.96000E+03  0.00000E+00  1.25329E-27  4.15034E-24  5.15166E-23  1.40024E-22  2.07397E-22  1.95180E-22  1.50556E-22
  3.00000E+03  0.00000E+00  4.41478E-28  1.86734E-24  2.52221E-23  7.06675E-23  1.06840E-22  1.01916E-22  7.90500E-23
  3.04000E+03  0.00000E+00  1.54306E-28  8.36949E-25  1.23272E-23  3.56376E-23  5.49950E-23  5.31983E-23  4.14975E-23
  3.08000E+03  0.00000E+00  5.35129E-29  3.73676E-25  6.01422E-24  1.79583E-23  2.82861E-23  2.77583E-23  2.17799E-23
  3.12000E+03  0.00000E+00  1.84131E-29  1.66185E-25  2.92891E-24  9.04243E-24  1.45372E-23  1.44785E-23  1.14289E-23
  3.16000E+03  0.00000E+00  6.28609E-30  7.36164E-26  1.42373E-24  4.54946E-24  7.46523E-24  7.54881E-24  5.99603E-24
  3.20000E+03  0.00000E+00  2.12915E-30  3.24806E-26  6.90750E-25  2.28709E-24  3.83056E-24  3.93417E-24  3.14512E-24
  3.24000E+03  0.00000E+00  7.15475E-31  1.42734E-26  3.34481E-25  1.14881E-24  1.96398E-24  2.04947E-24  1.64939E-24
  3.28000E+03  0.00000E+00  2.38527E-31  6.24690E-27  1.61643E-25  5.76558E-25  1.00616E-24  1.06717E-24  8.64802E-25
  3.32000E+03  0.00000E+00  7.88905E-32  2.72285E-27  7.79586E-26  2.89108E-25  5.15054E-25  5.55418E-25  4.53335E-25
  3.36000E+03  0.00000E+00  2.58851E-32  1.18193E-27  3.75207E-26  1.44840E-25  2.63448E-25  2.88932E-25  2.37588E-25
  3.40000E+03  0.00000E+00  8.42563E-33  5.10917E-28  1.80202E-26  7.24964E-26  1.34647E-25  1.50228E-25  1.24489E-25
  3.44000E+03  0.00000E+00  2.72067E-33  2.19933E-28  8.63603E-27  3.62521E-26  6.87624E-26  7.80679E-26  6.52122E-26
  3.48000E+03  0.00000E+00  8.71490E-34  9.42748E-29  4.12968E-27  1.81102E-26  3.50880E-26  4.05459E-26  3.41511E-26
  3.52000E+03  0.00000E+00  2.76920E-34  4.02398E-29  1.97036E-27  9.03788E-27  1.78899E-26  2.10450E-26  1.78787E-26
  3.56000E+03  0.00000E+00  8.72857E-35  1.71025E-29  9.37953E-28  4.50546E-27  9.11340E-27  1.09155E-26  9.35581E-27
  3.60000E+03  0.00000E+00  2.72912E-35  7.23752E-30  4.45445E-28  2.24333E-27  4.63796E-27  5.65665E-27  4.89286E-27
  3.64000E+03  0.00000E+00  8.46422E-36  3.04954E-30  2.11027E-28  1.11545E-27  2.35751E-27  2.92798E-27  2.55644E-27
  3.68000E+03  0.00000E+00  2.60392E-36  1.27929E-30  9.97066E-29  5.53669E-28  1.19637E-27  1.51295E-27  1.33360E-27
  3.72000E+03  0.00000E+00  7.94581E-37  5.34242E-31  4.69629E-29  2.74132E-28  6.05569E-28  7.79569E-28  6.93752E-28
  3.76000E+03  0.00000E+00  2.40496E-37  2.22023E-31  2.20282E-29  1.35168E-28  3.05154E-28  3.99681E-28  3.59054E-28
  3.80000E+03  0.00000E+00  7.21948E-38  9.17290E-32  1.02638E-29  6.61419E-29  1.52478E-28  2.03008E-28  1.84031E-28
  3.84000E+03  0.00000E+00  2.14862E-38  3.75550E-32  4.72139E-30  3.18703E-29  7.49119E-29  1.01237E-28  9.25425E-29
  3.88000E+03  0.00000E+00  6.32447E-39  1.50785E-32  2.11060E-30  1.48493E-29  3.55005E-29  4.85949E-29  4.47428E-29
  3.92000E+03  0.00000E+00  1.81319E-39  5.72836E-33  8.77086E-31  6.37977E-30  1.54574E-29  2.13703E-29  1.97871E-29
  3.96000E+03  0.00000E+00  4.54598E-40  1.77200E-33  2.88350E-31  2.14368E-30  5.23875E-30  7.28876E-30  6.77300E-30
  4.00000E+03  0.00000E+00  0.00000E+00  0.00000E+00  0.00000E+00  0.00000E+00  0.00000E+00  0.00000E+00  0.00000E+00
