 Depth 10 30 50 70 90 110 130 150
  0.00000E+00  7.74796E-02  4.29110E-01  9.09595E-01  1.12118E+00  1.10175E+00  9.80040E-01  7.94432E-01  5.63679E-01
  4.00000E+01  5.64012E-02  3.59908E-01  7.95748E-01  1.03412E+00  1.04523E+00  9.51031E-01  7.90485E-01  5.82862E-01
  8.00000E+01  4.04601E-02  3.00405E-01  6.94093E-01  9.49292E-01  9.87411E-01  9.18681E-01  7.81806E-01  5.96286E-01
  1.20000E+02  2.85893E-02  2.49502E-01  6.03638E-01  8.67386E-01  9.28966E-01  8.83611E-01  7.68975E-01  6.04493E-01
  1.60000E+02  1.98896E-02  2.06182E-01  5.23402E-01  7.88962E-01  8.70497E-01  8.46402E-01  7.52539E-01  6.08003E-01
  2.00000E+02  1.36177E-02  1.69511E-01  4.52454E-01  7.14463E-01  8.12542E-01  8.07589E-01  7.33017E-01  6.07309E-01
  2.40000E+02  9.17195E-03  1.38636E-01  3.89921E-01  6.44214E-01  7.55573E-01  7.67664E-01  7.10892E-01  6.02883E-01
  2.80000E+02  6.07469E-03  1.12784E-01  3.34982E-01  5.78438E-01  6.99995E-01  7.27075E-01  6.86616E-01  5.95169E-01
  3.20000E+02  3.95480E-03  9.12594E-02  2.86874E-01  5.17258E-01  6.46154E-01  6.86226E-01  6.60610E-01  5.84585E-01
  3.60000E+02  2.52991E-03  7.34390E-02  2.44889E-01  4.60711E-01  5.94334E-01  6.45477E-01  6.33260E-01  5.71526E-01
  4.00000E+02  1.58970E-03  5.87706E-02  2.08371E-01  4.08760E-01  5.44763E-01  6.05150E-01  6.04922E-01  5.56359E-01
  4.40000E+02  9.80860E-04  4.67673E-02  1.76717E-01  3.61305E-01  4.97616E-01  5.65522E-01  5.75918E-01  5.39427E-01
  4.80000E+02  5.94080E-04  3.70033E-02  1.49374E-01  3.18192E-01  4.53020E-01  5.26835E-01  5.46540E-01  5.21046E-01
  5.20000E+02  3.53100E-04  2.91086E-02  1.25838E-01  2.79227E-01  4.11056E-01  4.89291E-01  5.17053E-01  5.01509E-01
  5.60000E+02  2.05892E-04  2.27642E-02  1.05650E-01  2.44187E-01  3.71764E-01  4.53060E-01  4.87687E-01  4.81084E-01
  6.00000E+02  1.17747E-04  1.76972E-02  8.83969E-02  2.12825E-01  3.35151E-01  4.18277E-01  4.58651E-01  4.60016E-01
  6.40000E+02  6.60269E-05  1.36755E-02  7.37045E-02  1.84883E-01  3.01191E-01  3.85048E-01  4.30122E-01  4.38526E-01
  6.80000E+02  3.62945E-05  1.05036E-02  6.12390E-02  1.60095E-01  2.69831E-01  3.53452E-01  4.02254E-01  4.16813E-01
  7.20000E+02  1.95528E-05  8.01804E-03  5.07017E-02  1.38197E-01  2.40997E-01  3.23540E-01  3.75178E-01  3.95056E-01
  7.60000E+02  1.03211E-05  6.08273E-03  4.18276E-02  1.18929E-01  2.14595E-01  2.95344E-01  3.49003E-01  3.73413E-01
  8.00000E+02  5.33707E-06  4.58568E-03  3.43824E-02  1.02039E-01  1.90519E-01  2.68873E-01  3.23815E-01  3.52024E-01
  8.40000E+02  2.70302E-06  3.43525E-03  2.81596E-02  8.72899E-02  1.68649E-01  2.44119E-01  2.99684E-01  3.31009E-01
  8.80000E+02  1.34055E-06  2.55703E-03  2.29784E-02  7.44553E-02  1.48859E-01  2.21057E-01  2.76660E-01  3.10471E-01
  9.20000E+02  6.50910E-07  1.89109E-03  1.86812E-02  6.33255E-02  1.31018E-01  1.99651E-01  2.54781E-01  2.90499E-01
  9.60000E+02  3.09377E-07  1.38952E-03  1.51310E-02  5.37063E-02  1.14992E-01  1.79852E-01  2.34065E-01  2.71166E-01
  1.00000E+03  1.43916E-07  1.01430E-03  1.22094E-02  4.54199E-02  1.00647E-01  1.61604E-01  2.14524E-01  2.52531E-01
  1.04000E+03  6.55114E-08  7.35529E-04  9.81467E-03  3.83046E-02  8.78508E-02  1.44840E-01  1.96153E-01  2.34641E-01
  1.08000E+03  2.91769E-08  5.29834E-04  7.85950E-03  3.22139E-02  7.64753E-02  1.29492E-01  1.78940E-01  2.17530E-01
  1.12000E+03  1.27119E-08  3.79111E-04  6.26964E-03  2.70164E-02  6.63958E-02  1.15484E-01  1.62865E-01  2.01225E-01
  1.16000E+03  5.41716E-09  2.69438E-04  4.98203E-03  2.25947E-02  5.74935E-02  1.02740E-01  1.47899E-01  1.85739E-01
  1.20000E+03  2.25765E-09  1.90194E-04  3.94344E-03  1.88442E-02  4.96555E-02  9.11814E-02  1.34008E-01  1.71080E-01
  1.24000E+03  9.20042E-10  1.33341E-04  3.10912E-03  1.56727E-02  4.27760E-02  8.07292E-02  1.21154E-01  1.57248E-01
  1.28000E+03  3.66577E-10  9.28409E-05  2.44165E-03  1.29988E-02  3.67561E-02  7.13056E-02  1.09293E-01  1.44235E-01
  1.32000E+03  1.42782E-10  6.41957E-05  1.90986E-03  1.07510E-02  3.15041E-02  6.28341E-02  9.83790E-02  1.32028E-01
  1.36000E+03  5.43592E-11  4.40805E-05  1.48793E-03  8.86704E-03  2.69353E-02  5.52401E-02  8.83652E-02  1.20611E-01
  1.40000E+03  2.02261E-11  3.00569E-05  1.15456E-03  7.29272E-03  2.29723E-02  4.84519E-02  7.92018E-02  1.09961E-01
  1.44000E+03  7.35421E-12  2.03508E-05  8.92262E-04  5.98103E-03  1.95444E-02  4.24007E-02  7.08390E-02  1.00054E-01
  1.48000E+03  2.61270E-12  1.36819E-05  6.86754E-04  4.89139E-03  1.65877E-02  3.70211E-02  6.32266E-02  9.08614E-02
  1.52000E+03  9.06813E-13  9.13314E-06  5.26421E-04  3.98891E-03  1.40443E-02  3.22513E-02  5.63152E-02  8.23539E-02
  1.56000E+03  3.07446E-13  6.05327E-06  4.01866E-04  3.24367E-03  1.18625E-02  2.80335E-02  5.00560E-02  7.44998E-02
  1.60000E+03  1.01810E-13  3.98328E-06  3.05516E-04  2.63010E-03  9.99568E-03  2.43133E-02  4.44016E-02  6.72667E-02
  1.64000E+03  3.29249E-14  2.60232E-06  2.31305E-04  2.12646E-03  8.40271E-03  2.10406E-02  3.93061E-02  6.06215E-02
  1.68000E+03  1.03973E-14  1.68785E-06  1.74391E-04  1.71429E-03  7.04693E-03  1.81687E-02  3.47253E-02  5.45307E-02
  1.72000E+03  3.20569E-15  1.08680E-06  1.30932E-04  1.37800E-03  5.89601E-03  1.56549E-02  3.06170E-02  4.89609E-02
  1.76000E+03  9.64879E-16  6.94693E-07  9.78901E-05  1.10446E-03  4.92149E-03  1.34599E-02  2.69412E-02  4.38791E-02
  1.80000E+03  2.83478E-16  4.40813E-07  7.28782E-05  8.82616E-04  4.09843E-03  1.15480E-02  2.36599E-02  3.92529E-02
  1.84000E+03  8.12834E-17  2.77666E-07  5.40274E-05  7.03262E-04  3.40505E-03  9.88662E-03  2.07376E-02  3.50508E-02
  1.88000E+03  2.27438E-17  1.73614E-07  3.98824E-05  5.58700E-04  2.82238E-03  8.44645E-03  1.81408E-02  3.12421E-02
  1.92000E+03  6.20932E-18  1.07753E-07  2.93151E-05  4.42538E-04  2.33396E-03  7.20095E-03  1.58385E-02  2.77974E-02
  1.96000E+03  1.65380E-18  6.63813E-08  2.14555E-05  3.49485E-04  1.92557E-03  6.12632E-03  1.38018E-02  2.46885E-02
  2.00000E+03  4.29651E-19  4.05906E-08  1.56356E-05  2.75174E-04  1.58494E-03  5.20126E-03  1.20040E-02  2.18886E-02
  2.04000E+03  1.08863E-19  2.46353E-08  1.13452E-05  2.16014E-04  1.30153E-03  4.40677E-03  1.04206E-02  1.93720E-02
  2.08000E+03  2.68973E-20  1.48400E-08  8.19650E-06  1.69062E-04  1.06630E-03  3.72598E-03  9.02887E-03  1.71149E-02
  2.12000E+03  6.47936E-21  8.87242E-09  5.89596E-06  1.31916E-04  8.71543E-04  3.14392E-03  7.80834E-03  1.50944E-02
  2.16000E+03  1.52153E-21  5.26471E-09  4.22264E-06  1.02620E-04  7.10695E-04  2.64739E-03  6.74017E-03  1.32895E-02
  2.20000E+03  3.48242E-22  3.10044E-09  3.01101E-06  7.95875E-05  5.78175E-04  2.22475E-03  5.80731E-03  1.16802E-02
  2.24000E+03  7.76708E-23  1.81208E-09  2.13763E-06  6.15360E-05  4.69263E-04  1.86580E-03  4.99429E-03  1.02483E-02
  2.28000E+03  1.68784E-23  1.05107E-09  1.51092E-06  4.74333E-05  3.79972E-04  1.56162E-03  4.28717E-03  8.97661E-03
  2.32000E+03  3.57292E-24  6.05028E-10  1.06324E-06  3.64503E-05  3.06947E-04  1.30439E-03  3.67343E-03  7.84940E-03
  2.36000E+03  7.36623E-25  3.45622E-10  7.44893E-07  2.79242E-05  2.47371E-04  1.08735E-03  3.14180E-03  6.85217E-03
  2.40000E+03  1.47881E-25  1.95931E-10  5.19552E-07  2.13263E-05  1.98888E-04  9.04612E-04  2.68222E-03  5.97159E-03
  2.44000E+03  2.89021E-26  1.10223E-10  3.60769E-07  1.62370E-05  1.59527E-04  7.51079E-04  2.28573E-03  5.19548E-03
  2.48000E+03  5.49800E-27  6.15318E-11  2.49397E-07  1.23237E-05  1.27653E-04  6.22360E-04  1.94433E-03  4.51273E-03
  2.52000E+03  1.01774E-27  3.40864E-11  1.71636E-07  9.32449E-06  1.01904E-04  5.14673E-04  1.65095E-03  3.91320E-03
  2.56000E+03  1.83285E-28  1.87373E-11  1.17591E-07  7.03314E-06  8.11544E-05  4.24772E-04  1.39933E-03  3.38773E-03
  2.60000E+03  3.21041E-29  1.02206E-11  8.02029E-08  5.28825E-06  6.44754E-05  3.49877E-04  1.18394E-03  2.92800E-03
  2.64000E+03  5.46801E-30  5.53190E-12  5.44561E-08  3.96377E-06  5.11015E-05  2.87614E-04  9.99928E-04  2.52652E-03
  2.68000E+03  9.05346E-31  2.97098E-12  3.68078E-08  2.96167E-06  4.04043E-05  2.35962E-04  8.43016E-04  2.17654E-03
  2.72000E+03  1.45678E-31  1.58324E-12  2.47667E-08  2.20593E-06  3.18694E-05  1.93201E-04  7.09470E-04  1.87199E-03
  2.76000E+03  2.27738E-32  8.37155E-13  1.65891E-08  1.63784E-06  2.50767E-05  1.57875E-04  5.96028E-04  1.60745E-03
  2.80000E+03  3.45787E-33  4.39211E-13  1.10613E-08  1.21220E-06  1.96840E-05  1.28752E-04  4.99843E-04  1.37807E-03
  2.84000E+03  5.09765E-34  2.28635E-13  7.34186E-09  8.94320E-07  1.54136E-05  1.04792E-04  4.18445E-04  1.17952E-03
  2.88000E+03  7.29411E-35  1.18089E-13  4.85093E-09  6.57700E-07  1.20402E-05  8.51213E-05  3.49689E-04  1.00796E-03
  2.92000E+03  1.01265E-35  6.05156E-14  3.19049E-09  4.82142E-07  9.38220E-06  6.90055E-05  2.91720E-04  8.59982E-04
  2.96000E+03  1.36355E-36  3.07688E-14  2.08881E-09  3.52315E-07  7.29313E-06  5.58293E-05  2.42936E-04  7.32555E-04
  3.00000E+03  1.78006E-37  1.55215E-14  1.36128E-09  2.56621E-07  5.65533E-06  4.50789E-05  2.01957E-04  6.23017E-04
  3.04000E+03  2.25201E-38  7.76838E-15  8.83076E-10  1.86320E-07  4.37457E-06  3.63260E-05  1.67598E-04  5.29016E-04
  3.08000E+03  2.75987E-39  3.85742E-15  5.70227E-10  1.34842E-07  3.37554E-06  2.92141E-05  1.38843E-04  4.48485E-04
  3.12000E+03  3.27485E-40  1.90033E-15  3.66516E-10  9.72725E-08  2.59825E-06  2.34475E-05  1.14821E-04  3.79609E-04
  3.16000E+03  3.76052E-41  9.28796E-16  2.34493E-10  6.99439E-08  1.99500E-06  1.87814E-05  9.47905E-05  3.20799E-04
  3.20000E+03  4.17587E-42  4.50367E-16  1.49333E-10  5.01306E-08  1.52803E-06  1.50137E-05  7.81174E-05  2.70666E-04
  3.24000E+03  4.47014E-43  2.16652E-16  9.46606E-11  3.58134E-08  1.16745E-06  1.19776E-05  6.42642E-05  2.27999E-04
  3.28000E+03  4.62428E-44  1.03396E-16  5.97262E-11  2.55022E-08  8.89749E-07  9.53614E-06  5.27744E-05  1.91743E-04
  3.32000E+03  4.20390E-45  4.89535E-17  3.75094E-11  1.81006E-08  6.76413E-07  7.57690E-06  4.32616E-05  1.60983E-04
  3.36000E+03  0.00000E+00  2.29933E-17  2.34473E-11  1.28054E-08  5.12943E-07  6.00784E-06  3.53991E-05  1.34925E-04
  3.40000E+03  0.00000E+00  1.07139E-17  1.45888E-11  9.02965E-09  3.88001E-07  4.75381E-06  2.89115E-05  1.12879E-04
  3.44000E+03  0.00000E+00  4.95250E-18  9.03474E-12  6.34639E-09  2.92750E-07  3.75355E-06  2.35669E-05  9.42530E-05
  3.48000E+03  0.00000E+00  2.27102E-18  5.56906E-12  4.44585E-09  2.20316E-07  2.95725E-06  1.91703E-05  7.85323E-05
  3.52000E+03  0.00000E+00  1.03309E-18  3.41675E-12  3.10419E-09  1.65371E-07  2.32448E-06  1.55584E-05  6.52751E-05
  3.56000E+03  0.00000E+00  4.66194E-19  2.08644E-12  2.16020E-09  1.23791E-07  1.82249E-06  1.25940E-05  5.41003E-05
  3.60000E+03  0.00000E+00  2.08692E-19  1.26811E-12  1.49818E-09  9.23975E-08  1.42481E-06  1.01626E-05  4.46798E-05
  3.64000E+03  0.00000E+00  9.26721E-20  7.67105E-13  1.03540E-09  6.87417E-08  1.11003E-06  8.16806E-06  3.67312E-05
  3.68000E+03  0.00000E+00  4.08219E-20  4.61826E-13  7.12848E-10  5.09433E-08  8.60909E-07  6.53020E-06  3.00109E-05
  3.72000E+03  0.00000E+00  1.78375E-20  2.76672E-13  4.88613E-10  3.75597E-08  6.63507E-07  5.18167E-06  2.43085E-05
  3.76000E+03  0.00000E+00  7.73142E-21  1.64867E-13  3.32972E-10  2.74845E-08  5.06565E-07  4.06593E-06  1.94414E-05
  3.80000E+03  0.00000E+00  3.32378E-21  9.75980E-14  2.24886E-10  1.98682E-08  3.80947E-07  3.13517E-06  1.52505E-05
  3.84000E+03  0.00000E+00  1.41659E-21  5.71821E-14  1.49446E-10  1.40551E-08  2.79185E-07  2.34869E-06  1.15956E-05
  3.88000E+03  0.00000E+00  5.96875E-22  3.27775E-14  9.60307E-11  9.53415E-09  1.95100E-07  1.67135E-06  8.35196E-06
  3.92000E+03  0.00000E+00  2.44487E-22  1.76996E-14  5.69532E-11  5.89918E-09  1.23482E-07  1.07230E-06  5.40664E-06
  3.96000E+03  0.00000E+00  8.70464E-23  7.72567E-15  2.64671E-11  2.81694E-09  5.98092E-08  5.23766E-07  2.65548E-06
  4.00000E+03  0.00000E+00  0.00000E+00  0.00000E+00  0.00000E+00  0.00000E+00  0.00000E+00  0.00000E+00  0.00000E+00
