 Depth 10 30 50 70 90 110 130 150
  0.00000E+00  6.81406E-02  3.40843E-01  6.82763E-01  7.72405E-01  7.03726E-01  5.80313E-01  4.26888E-01  2.54130E-01
  4.00000E+01  4.98963E-02  2.87299E-01  5.99879E-01  7.19132E-01  6.75198E-01  5.71523E-01  4.34763E-01  2.76584E-01
  8.00000E+01  3.59967E-02  2.40972E-01  5.25464E-01  6.65967E-01  6.44624E-01  5.59615E-01  4.38862E-01  2.94812E-01
  1.20000E+02  2.55736E-02  2.01101E-01  4.58901E-01  6.13545E-01  6.12522E-01  5.45024E-01  4.39565E-01  3.09153E-01
  1.60000E+02  1.78838E-02  1.66968E-01  3.99553E-01  5.62415E-01  5.79367E-01  5.28162E-01  4.37235E-01  3.19937E-01
  2.00000E+02  1.23051E-02  1.37906E-01  3.46808E-01  5.13037E-01  5.45600E-01  5.09420E-01  4.32223E-01  3.27480E-01
  2.40000E+02  8.32705E-03  1.13300E-01  3.00084E-01  4.65783E-01  5.11615E-01  4.89161E-01  4.24861E-01  3.32088E-01
  2.80000E+02  5.53993E-03  9.25822E-02  2.58833E-01  4.20943E-01  4.77766E-01  4.67725E-01  4.15464E-01  3.34052E-01
  3.20000E+02  3.62211E-03  7.52391E-02  2.22535E-01  3.78730E-01  4.44365E-01  4.45425E-01  4.04330E-01  3.33652E-01
  3.60000E+02  2.32653E-03  6.08051E-02  1.90705E-01  3.39283E-01  4.11682E-01  4.22547E-01  3.91736E-01  3.31155E-01
  4.00000E+02  1.46757E-03  4.88632E-02  1.62890E-01  3.02677E-01  3.79946E-01  3.99350E-01  3.77943E-01  3.26811E-01
  4.40000E+02  9.08837E-04  3.90422E-02  1.38668E-01  2.68928E-01  3.49347E-01  3.76067E-01  3.63191E-01  3.20858E-01
  4.80000E+02  5.52382E-04  3.10143E-02  1.17649E-01  2.38008E-01  3.20040E-01  3.52906E-01  3.47703E-01  3.13519E-01
  5.20000E+02  3.29405E-04  2.44926E-02  9.94764E-02  2.09844E-01  2.92142E-01  3.30048E-01  3.31682E-01  3.05003E-01
  5.60000E+02  1.92681E-04  1.92274E-02  8.38203E-02  1.84332E-01  2.65741E-01  3.07653E-01  3.15312E-01  2.95503E-01
  6.00000E+02  1.10521E-04  1.50032E-02  7.03821E-02  1.61345E-01  2.40896E-01  2.85853E-01  2.98762E-01  2.85200E-01
  6.40000E+02  6.21507E-05  1.16359E-02  5.88903E-02  1.40736E-01  2.17636E-01  2.64762E-01  2.82178E-01  2.74260E-01
  6.80000E+02  3.42557E-05  8.96890E-03  4.90995E-02  1.22346E-01  1.95971E-01  2.44472E-01  2.65695E-01  2.62833E-01
  7.20000E+02  1.85016E-05  6.87023E-03  4.07895E-02  1.06011E-01  1.75888E-01  2.25056E-01  2.49427E-01  2.51059E-01
  7.60000E+02  9.78990E-06  5.22961E-03  3.37631E-02  9.15628E-02  1.57359E-01  2.06567E-01  2.33475E-01  2.39062E-01
  8.00000E+02  5.07403E-06  3.95555E-03  2.78449E-02  7.88371E-02  1.40339E-01  1.89045E-01  2.17925E-01  2.26956E-01
  8.40000E+02  2.57541E-06  2.97275E-03  2.28793E-02  6.76722E-02  1.24774E-01  1.72514E-01  2.02849E-01  2.14840E-01
  8.80000E+02  1.27991E-06  2.21973E-03  1.87293E-02  5.79139E-02  1.10598E-01  1.56986E-01  1.88306E-01  2.02803E-01
  9.20000E+02  6.22689E-07  1.64667E-03  1.52745E-02  4.94161E-02  9.77401E-02  1.42458E-01  1.74343E-01  1.90924E-01
  9.60000E+02  2.96517E-07  1.21354E-03  1.24099E-02  4.20420E-02  8.61229E-02  1.28922E-01  1.60997E-01  1.79268E-01
  1.00000E+03  1.38179E-07  8.88427E-04  1.00441E-02  3.56650E-02  7.56668E-02  1.16357E-01  1.48294E-01  1.67895E-01
  1.04000E+03  6.30062E-08  6.46081E-04  8.09814E-03  3.01686E-02  6.62907E-02  1.04737E-01  1.36251E-01  1.56852E-01
  1.08000E+03  2.81062E-08  4.66690E-04  6.50394E-03  2.54467E-02  5.79134E-02  9.40304E-02  1.24877E-01  1.46179E-01
  1.12000E+03  1.22642E-08  3.34832E-04  5.20324E-03  2.14030E-02  5.04548E-02  8.41991E-02  1.14175E-01  1.35909E-01
  1.16000E+03  5.23396E-09  2.38595E-04  4.14635E-03  1.79510E-02  4.38368E-02  7.52026E-02  1.04141E-01  1.26066E-01
  1.20000E+03  2.18432E-09  1.68855E-04  3.29111E-03  1.50133E-02  3.79844E-02  6.69973E-02  9.47635E-02  1.16669E-01
  1.24000E+03  8.91333E-10  1.18677E-04  2.60190E-03  1.25210E-02  3.28259E-02  5.95380E-02  8.60297E-02  1.07730E-01
  1.28000E+03  3.55585E-10  8.28323E-05  2.04881E-03  1.04129E-02  2.82936E-02  5.27782E-02  7.79210E-02  9.92559E-02
  1.32000E+03  1.38666E-10  5.74113E-05  1.60681E-03  8.63532E-03  2.43238E-02  4.66714E-02  7.04160E-02  9.12500E-02
  1.36000E+03  5.28527E-11  3.95132E-05  1.25508E-03  7.14086E-03  2.08574E-02  4.11713E-02  6.34906E-02  8.37103E-02
  1.40000E+03  1.96870E-11  2.70035E-05  9.76358E-04  5.88824E-03  1.78396E-02  3.62323E-02  5.71188E-02  7.66315E-02
  1.44000E+03  7.16565E-12  1.83237E-05  7.56432E-04  4.84151E-03  1.52201E-02  3.18102E-02  5.12732E-02  7.00051E-02
  1.48000E+03  2.54824E-12  1.23455E-05  5.83639E-04  3.96945E-03  1.29529E-02  2.78622E-02  4.59255E-02  6.38202E-02
  1.52000E+03  8.85282E-13  8.25829E-06  4.48460E-04  3.24511E-03  1.09962E-02  2.43474E-02  4.10465E-02  5.80633E-02
  1.56000E+03  3.00419E-13  5.48460E-06  3.43162E-04  2.64529E-03  9.31224E-03  2.12270E-02  3.66074E-02  5.27196E-02
  1.60000E+03  9.95690E-14  3.61625E-06  2.61494E-04  2.15008E-03  7.86695E-03  1.84643E-02  3.25790E-02  4.77724E-02
  1.64000E+03  3.22270E-14  2.36711E-06  1.98429E-04  1.74250E-03  6.62988E-03  1.60248E-02  2.89329E-02  4.32042E-02
  1.68000E+03  1.01850E-14  1.53820E-06  1.49940E-04  1.40805E-03  5.57389E-03  1.38763E-02  2.56413E-02  3.89966E-02
  1.72000E+03  3.14263E-15  9.92262E-07  1.12822E-04  1.13445E-03  4.67487E-03  1.19892E-02  2.26771E-02  3.51308E-02
  1.76000E+03  9.46591E-16  6.35405E-07  8.45332E-05  9.11321E-04  3.91149E-03  1.03359E-02  2.00144E-02  3.15876E-02
  1.80000E+03  2.78299E-16  4.03899E-07  6.30679E-05  7.29912E-04  3.26498E-03  8.89101E-03  1.76283E-02  2.83478E-02
  1.84000E+03  7.98522E-17  2.54848E-07  4.68523E-05  5.82876E-04  2.71886E-03  7.63149E-03  1.54954E-02  2.53924E-02
  1.88000E+03  2.23578E-17  1.59612E-07  3.46567E-05  4.64071E-04  2.25873E-03  6.53626E-03  1.35931E-02  2.27026E-02
  1.92000E+03  6.10770E-18  9.92239E-08  2.55253E-05  3.68375E-04  1.87203E-03  5.58619E-03  1.19006E-02  2.02601E-02
  1.96000E+03  1.62770E-18  6.12241E-08  1.87187E-05  2.91534E-04  1.54786E-03  4.76405E-03  1.03983E-02  1.80471E-02
  2.00000E+03  4.23112E-19  3.74950E-08  1.36676E-05  2.30025E-04  1.27681E-03  4.05430E-03  9.06770E-03  1.60465E-02
  2.04000E+03  1.07265E-19  2.27909E-08  9.93618E-06  1.80944E-04  1.05074E-03  3.44302E-03  7.89195E-03  1.42417E-02
  2.08000E+03  2.65164E-20  1.37491E-08  7.19196E-06  1.41903E-04  8.62650E-04  2.91778E-03  6.85532E-03  1.26171E-02
  2.12000E+03  6.39085E-21  8.23205E-09  5.18288E-06  1.10946E-04  7.06557E-04  2.46751E-03  5.94337E-03  1.11578E-02
  2.16000E+03  1.50148E-21  4.89158E-09  3.71864E-06  8.64772E-05  5.77340E-04  2.08240E-03  5.14285E-03  9.84975E-03
  2.20000E+03  3.43815E-22  2.88464E-09  2.65633E-06  6.71982E-05  4.70637E-04  1.75376E-03  4.44168E-03  8.67964E-03
  2.24000E+03  7.67181E-23  1.68821E-09  1.88912E-06  5.20565E-05  3.82745E-04  1.47395E-03  3.82884E-03  7.63508E-03
  2.28000E+03  1.66787E-23  9.80499E-10  1.33755E-06  4.02021E-05  3.10528E-04  1.23624E-03  3.29433E-03  6.70449E-03
  2.32000E+03  3.53212E-24  5.65124E-10  9.42815E-07  3.09511E-05  2.51337E-04  1.03475E-03  2.82912E-03  5.87708E-03
  2.36000E+03  7.28506E-25  3.23229E-10  6.61618E-07  2.37548E-05  2.02944E-04  8.64335E-04  2.42508E-03  5.14287E-03
  2.40000E+03  1.46308E-25  1.83459E-10  4.62217E-07  1.81749E-05  1.63478E-04  7.20518E-04  2.07488E-03  4.49264E-03
  2.44000E+03  2.86056E-26  1.03329E-10  3.21468E-07  1.38623E-05  1.31371E-04  5.99413E-04  1.77198E-03  3.91791E-03
  2.48000E+03  5.44359E-27  5.77502E-11  2.22576E-07  1.05399E-05  1.05317E-04  4.97655E-04  1.51051E-03  3.41088E-03
  2.52000E+03  1.00803E-27  3.20278E-11  1.53413E-07  7.98861E-06  8.42267E-05  4.12337E-04  1.28526E-03  2.96443E-03
  2.56000E+03  1.81597E-28  1.76252E-11  1.05265E-07  6.03583E-06  6.71978E-05  3.40956E-04  1.09161E-03  2.57208E-03
  2.60000E+03  3.18189E-29  9.62433E-12  7.19025E-08  4.54601E-06  5.34824E-05  2.81365E-04  9.25457E-04  2.22791E-03
  2.64000E+03  5.42116E-30  5.21469E-12  4.88915E-08  3.41309E-06  4.24633E-05  2.31722E-04  7.83171E-04  1.92656E-03
  2.68000E+03  8.97865E-31  2.80351E-12  3.30940E-08  2.55438E-06  3.36328E-05  1.90453E-04  6.61566E-04  1.66321E-03
  2.72000E+03  1.44517E-31  1.49550E-12  2.22991E-08  1.90564E-06  2.65739E-05  1.56220E-04  5.57839E-04  1.43347E-03
  2.76000E+03  2.25989E-32  7.91544E-13  1.49570E-08  1.41714E-06  2.09454E-05  1.27882E-04  4.69533E-04  1.23343E-03
  2.80000E+03  3.43227E-33  4.15682E-13  9.98652E-09  1.05050E-06  1.64687E-05  1.04475E-04  3.94500E-04  1.05956E-03
  2.84000E+03  5.06128E-34  2.16591E-13  6.63737E-09  7.76220E-07  1.29171E-05  8.51801E-05  3.30867E-04  9.08711E-04
  2.88000E+03  7.24396E-35  1.11972E-13  4.39122E-09  5.71717E-07  1.01067E-05  6.93093E-05  2.77005E-04  7.78065E-04
  2.92000E+03  1.00595E-35  5.74324E-14  2.89187E-09  4.19740E-07  7.88824E-06  5.62821E-05  2.31500E-04  6.65118E-04
  2.96000E+03  1.35486E-36  2.92269E-14  1.89571E-09  3.07170E-07  6.14161E-06  4.56115E-05  1.93128E-04  5.67645E-04
  3.00000E+03  1.76913E-37  1.47564E-14  1.23697E-09  2.24066E-07  4.76992E-06  3.68895E-05  1.60832E-04  4.83672E-04
  3.04000E+03  2.23870E-38  7.39171E-15  8.03421E-10  1.62917E-07  3.69543E-06  2.97752E-05  1.33700E-04  4.11456E-04
  3.08000E+03  2.74418E-39  3.67342E-15  5.19416E-10  1.18073E-07  2.85589E-06  2.39845E-05  1.10950E-04  3.49457E-04
  3.12000E+03  3.25693E-40  1.81115E-15  3.34253E-10  8.52947E-08  2.20160E-06  1.92809E-05  9.19086E-05  2.96321E-04
  3.16000E+03  3.74091E-41  8.85908E-16  2.14101E-10  6.14160E-08  1.69299E-06  1.54684E-05  7.60009E-05  2.50858E-04
  3.20000E+03  4.15625E-42  4.29904E-16  1.36503E-10  4.40783E-08  1.29863E-06  1.23846E-05  6.27356E-05  2.12025E-04
  3.24000E+03  4.45613E-43  2.06965E-16  8.66252E-11  3.15320E-08  9.93648E-07  9.89538E-06  5.16938E-05  1.78910E-04
  3.28000E+03  4.62428E-44  9.88461E-17  5.47168E-11  2.24831E-08  7.58385E-07  7.89037E-06  4.25194E-05  1.50716E-04
  3.32000E+03  4.20390E-45  4.68335E-17  3.44008E-11  1.59786E-08  5.77372E-07  6.27872E-06  3.49102E-05  1.26749E-04
  3.36000E+03  0.00000E+00  2.20132E-17  2.15272E-11  1.13187E-08  4.38457E-07  4.98591E-06  2.86100E-05  1.06407E-04
  3.40000E+03  0.00000E+00  1.02644E-17  1.34082E-11  7.99149E-09  3.32122E-07  3.95100E-06  2.34025E-05  8.91646E-05
  3.44000E+03  0.00000E+00  4.74795E-18  8.31224E-12  5.62376E-09  2.50935E-07  3.12420E-06  1.91051E-05  7.45693E-05
  3.48000E+03  0.00000E+00  2.17868E-18  5.12893E-12  3.94449E-09  1.89105E-07  2.46494E-06  1.55640E-05  6.22280E-05
  3.52000E+03  0.00000E+00  9.91731E-19  3.14988E-12  2.75748E-09  1.42134E-07  1.94025E-06  1.26500E-05  5.18013E-05
  3.56000E+03  0.00000E+00  4.47819E-19  1.92538E-12  1.92123E-09  1.06538E-07  1.52335E-06  1.02543E-05  4.29960E-05
  3.60000E+03  0.00000E+00  2.00592E-19  1.17135E-12  1.33403E-09  7.96231E-08  1.19255E-06  8.28601E-06  3.55592E-05
  3.64000E+03  0.00000E+00  8.91304E-20  7.09253E-13  9.23019E-10  5.93133E-08  9.30315E-07  6.66867E-06  2.92726E-05
  3.68000E+03  0.00000E+00  3.92856E-20  4.27398E-13  6.36203E-10  4.40106E-08  7.22442E-07  5.33824E-06  2.39474E-05
  3.72000E+03  0.00000E+00  1.71763E-20  2.56283E-13  4.36563E-10  3.24871E-08  5.57463E-07  4.24092E-06  1.94201E-05
  3.76000E+03  0.00000E+00  7.44918E-21  1.52855E-13  2.97822E-10  2.37996E-08  4.26086E-07  3.33141E-06  1.55486E-05
  3.80000E+03  0.00000E+00  3.20427E-21  9.05665E-14  2.01350E-10  1.72225E-08  3.20754E-07  2.57133E-06  1.22085E-05
  3.84000E+03  0.00000E+00  1.36641E-21  5.31065E-14  1.33931E-10  1.21950E-08  2.35283E-07  1.92794E-06  9.29023E-06
  3.88000E+03  0.00000E+00  5.76042E-22  3.04645E-14  8.61310E-11  8.27887E-09  1.64543E-07  1.37289E-06  6.69586E-06
  3.92000E+03  0.00000E+00  2.36070E-22  1.64610E-14  5.11146E-11  5.12557E-09  1.04200E-07  8.81262E-07  4.33666E-06
  3.96000E+03  0.00000E+00  8.40813E-23  7.18812E-15  2.37636E-11  2.44846E-09  5.04870E-08  4.30590E-07  2.13059E-06
  4.00000E+03  0.00000E+00  0.00000E+00  0.00000E+00  0.00000E+00  0.00000E+00  0.00000E+00  0.00000E+00  0.00000E+00
