 Depth 10 30 50 70 90 110 130 150
  0.00000E+00  5.42730E-02  1.98645E-01  3.43910E-01  2.99770E-01  2.27688E-01  1.55501E-01  8.33132E-02  1.11253E-02
  4.00000E+01  2.53775E-02  9.99831E-02  1.75333E-01  1.56895E-01  1.19551E-01  8.21229E-02  4.46942E-02  7.26548E-03
  8.00000E+01  1.17701E-02  5.02787E-02  8.93467E-02  8.21026E-02  6.27620E-02  4.33561E-02  2.39497E-02  4.54334E-03
  1.20000E+02  5.41085E-03  2.52597E-02  4.55151E-02  4.29561E-02  3.29438E-02  2.28822E-02  1.28202E-02  2.75816E-03
  1.60000E+02  2.46372E-03  1.26775E-02  2.31790E-02  2.24699E-02  1.72896E-02  1.20729E-02  6.85582E-03  1.63876E-03
  2.00000E+02  1.11029E-03  6.35583E-03  1.18002E-02  1.17509E-02  9.07260E-03  6.36786E-03  3.66287E-03  9.57880E-04
  2.40000E+02  4.94856E-04  3.18286E-03  6.00535E-03  6.14358E-03  4.76010E-03  3.35777E-03  1.95526E-03  5.52751E-04
  2.80000E+02  2.17970E-04  1.59197E-03  3.05515E-03  3.21094E-03  2.49711E-03  1.77006E-03  1.04287E-03  3.15684E-04
  3.20000E+02  9.48153E-05  7.95237E-04  1.55370E-03  1.67757E-03  1.30978E-03  9.32839E-04  5.55800E-04  1.78760E-04
  3.60000E+02  4.07017E-05  3.96700E-04  7.89837E-04  8.76088E-04  6.86907E-04  4.91487E-04  2.95997E-04  1.00505E-04
  4.00000E+02  1.72306E-05  1.97604E-04  4.01361E-04  4.57304E-04  3.60195E-04  2.58885E-04  1.57526E-04  5.61653E-05
  4.40000E+02  7.18878E-06  9.82785E-05  2.03870E-04  2.38575E-04  1.88850E-04  1.36331E-04  8.37777E-05  3.12233E-05
  4.80000E+02  2.95392E-06  4.87984E-05  1.03511E-04  1.24388E-04  9.90003E-05  7.17764E-05  4.45278E-05  1.72789E-05
  5.20000E+02  1.19472E-06  2.41876E-05  5.25317E-05  6.48088E-05  5.18914E-05  3.77804E-05  2.36524E-05  9.52408E-06
  5.60000E+02  4.75345E-07  1.19666E-05  2.66475E-05  3.37414E-05  2.71953E-05  1.98817E-05  1.25565E-05  5.23116E-06
  6.00000E+02  1.85947E-07  5.90869E-06  1.35107E-05  1.75522E-05  1.42504E-05  1.04604E-05  6.66236E-06  2.86423E-06
  6.40000E+02  7.14799E-08  2.91140E-06  6.84669E-06  9.12247E-06  7.46619E-06  5.50235E-06  3.53314E-06  1.56384E-06
  6.80000E+02  2.69887E-08  1.43135E-06  3.46779E-06  4.73670E-06  3.91114E-06  2.89374E-06  1.87274E-06  8.51680E-07
  7.20000E+02  1.00043E-08  7.02054E-07  1.75543E-06  2.45694E-06  2.04851E-06  1.52154E-06  9.92172E-07  4.62764E-07
  7.60000E+02  3.63925E-09  3.43489E-07  8.88098E-07  1.27305E-06  1.07275E-06  7.99878E-07  5.25411E-07  2.50918E-07
  8.00000E+02  1.29863E-09  1.67616E-07  4.49030E-07  6.58885E-07  5.61675E-07  4.20417E-07  2.78113E-07  1.35791E-07
  8.40000E+02  4.54408E-10  8.15666E-08  2.26889E-07  3.40620E-07  2.94028E-07  2.20931E-07  1.47150E-07  7.33582E-08
  8.80000E+02  1.55863E-10  3.95770E-08  1.14568E-07  1.75879E-07  1.53888E-07  1.16079E-07  7.78264E-08  3.95659E-08
  9.20000E+02  5.23879E-11  1.91444E-08  5.78107E-08  9.07059E-08  8.05239E-08  6.09781E-08  4.11457E-08  2.13080E-08
  9.60000E+02  1.72497E-11  9.23089E-09  2.91498E-08  4.67230E-08  4.21254E-08  3.20271E-08  2.17450E-08  1.14594E-08
  1.00000E+03  5.56250E-12  4.43589E-09  1.46869E-08  2.40382E-08  2.20320E-08  1.68185E-08  1.14879E-08  6.15492E-09
  1.04000E+03  1.75622E-12  2.12416E-09  7.39393E-09  1.23525E-08  1.15198E-08  8.83050E-09  6.06696E-09  3.30187E-09
  1.08000E+03  5.42749E-13  1.01343E-09  3.71924E-09  6.34017E-09  6.02150E-09  4.63564E-09  3.20300E-09  1.76933E-09
  1.12000E+03  1.64145E-13  4.81656E-10  1.86916E-09  3.25051E-09  3.14648E-09  2.43312E-09  1.69045E-09  9.47116E-10
  1.16000E+03  4.85701E-14  2.28007E-10  9.38505E-10  1.66465E-09  1.64359E-09  1.27687E-09  8.91898E-10  5.06487E-10
  1.20000E+03  1.40582E-14  1.07488E-10  4.70763E-10  8.51597E-10  8.58215E-10  6.69978E-10  4.70432E-10  2.70602E-10
  1.24000E+03  3.97947E-15  5.04554E-11  2.35898E-10  4.35216E-10  4.47941E-10  3.51483E-10  2.48058E-10  1.44449E-10
  1.28000E+03  1.10147E-15  2.35791E-11  1.18081E-10  2.22207E-10  2.33697E-10  1.84365E-10  1.30764E-10  7.70441E-11
  1.32000E+03  2.98050E-16  1.09686E-11  5.90403E-11  1.13347E-10  1.21865E-10  9.66900E-11  6.89137E-11  4.10608E-11
  1.36000E+03  7.88323E-17  5.07837E-12  2.94852E-11  5.77678E-11  6.35156E-11  5.07007E-11  3.63085E-11  2.18673E-11
  1.40000E+03  2.03772E-17  2.33980E-12  1.47070E-11  2.94173E-11  3.30861E-11  2.65812E-11  1.91250E-11  1.16375E-11
  1.44000E+03  5.14680E-18  1.07265E-12  7.32626E-12  1.49686E-11  1.72250E-11  1.39336E-11  1.00713E-11  6.18923E-12
  1.48000E+03  1.27004E-18  4.89217E-13  3.64463E-12  7.61086E-12  8.96200E-12  7.30259E-12  5.30233E-12  3.28957E-12
  1.52000E+03  3.06140E-19  2.21950E-13  1.81055E-12  3.86702E-12  4.65980E-12  3.82661E-12  2.79091E-12  1.74736E-12
  1.56000E+03  7.20740E-20  1.00152E-13  8.98104E-13  1.96346E-12  2.42121E-12  2.00480E-12  1.46868E-12  9.27635E-13
  1.60000E+03  1.65703E-20  4.49438E-14  4.44809E-13  9.96272E-13  1.25715E-12  1.05014E-12  7.72704E-13  4.92193E-13
  1.64000E+03  3.71976E-21  2.00552E-14  2.19949E-13  5.05186E-13  6.52250E-13  5.49969E-13  4.06448E-13  2.61016E-13
  1.68000E+03  8.15211E-22  8.89782E-15  1.08578E-13  2.56004E-13  3.38146E-13  2.87965E-13  2.13750E-13  1.38351E-13
  1.72000E+03  1.74395E-22  3.92457E-15  5.35061E-14  1.29648E-13  1.75164E-13  1.50747E-13  1.12387E-13  7.32981E-14
  1.76000E+03  3.64121E-23  1.72071E-15  2.63195E-14  6.56158E-14  9.06623E-14  7.88965E-14  5.90801E-14  3.88154E-14
  1.80000E+03  7.41901E-24  7.49864E-16  1.29221E-14  3.31873E-14  4.68855E-14  4.12823E-14  3.10513E-14  2.05459E-14
  1.84000E+03  1.47493E-24  3.24771E-16  6.33196E-15  1.67746E-14  2.42255E-14  2.15954E-14  1.63168E-14  1.08709E-14
  1.88000E+03  2.86064E-25  1.39781E-16  3.09643E-15  8.47310E-15  1.25061E-14  1.12939E-14  8.57248E-15  5.74949E-15
  1.92000E+03  5.41199E-26  5.97806E-17  1.51103E-15  4.27697E-15  6.45035E-15  5.90478E-15  4.50295E-15  3.03967E-15
  1.96000E+03  9.98595E-27  2.54023E-17  7.35764E-16  2.15737E-15  3.32392E-15  3.08627E-15  2.36487E-15  1.60642E-15
  2.00000E+03  1.79678E-27  1.07238E-17  3.57460E-16  1.08742E-15  1.71128E-15  1.61261E-15  1.24176E-15  8.48669E-16
  2.04000E+03  3.15218E-28  4.49735E-18  1.73265E-16  5.47702E-16  8.80226E-16  8.42319E-16  6.51916E-16  4.48194E-16
  2.08000E+03  5.39096E-29  1.87354E-18  8.37822E-17  2.75647E-16  4.52345E-16  4.39816E-16  3.42188E-16  2.36619E-16
  2.12000E+03  8.98656E-30  7.75235E-19  4.04131E-17  1.38615E-16  2.32246E-16  2.29564E-16  1.79581E-16  1.24880E-16
  2.16000E+03  1.45989E-30  3.18596E-19  1.94442E-17  6.96472E-17  1.19134E-16  1.19774E-16  9.42274E-17  6.58872E-17
  2.20000E+03  2.31087E-31  1.30033E-19  9.33095E-18  3.49638E-17  6.10562E-17  6.24659E-17  4.94328E-17  3.47519E-17
  2.24000E+03  3.56355E-32  5.27045E-20  4.46578E-18  1.75364E-17  3.12636E-17  3.25635E-17  2.59283E-17  1.83244E-17
  2.28000E+03  5.35257E-33  2.12126E-20  2.13145E-18  8.78728E-18  1.59943E-17  1.69675E-17  1.35973E-17  9.65957E-18
  2.32000E+03  7.82951E-34  8.47750E-21  1.01444E-18  4.39890E-18  8.17557E-18  8.83681E-18  7.12934E-18  5.09058E-18
  2.36000E+03  1.11510E-34  3.36392E-21  4.81423E-19  2.19986E-18  4.17542E-18  4.59994E-18  3.73735E-18  2.68202E-18
  2.40000E+03  1.54603E-35  1.32527E-21  2.27795E-19  1.09898E-18  2.13068E-18  2.39320E-18  1.95881E-18  1.41268E-18
  2.44000E+03  2.08617E-36  5.18348E-22  1.07461E-19  5.48413E-19  1.08638E-18  1.24441E-18  1.02645E-18  7.43906E-19
  2.48000E+03  2.73917E-37  2.01269E-22  5.05382E-20  2.73361E-19  5.53467E-19  6.46695E-19  5.37762E-19  3.91639E-19
  2.52000E+03  3.49886E-38  7.75798E-23  2.36931E-20  1.36100E-19  2.81746E-19  3.35874E-19  2.81678E-19  2.06134E-19
  2.56000E+03  4.34681E-39  2.96838E-23  1.10722E-20  6.76787E-20  1.43313E-19  1.74335E-19  1.47509E-19  1.08471E-19
  2.60000E+03  5.25106E-40  1.12738E-23  5.15734E-21  3.36126E-20  7.28416E-20  9.04305E-20  7.72305E-20  5.70662E-20
  2.64000E+03  6.16655E-41  4.24994E-24  2.39428E-21  1.66720E-20  3.69952E-20  4.68770E-20  4.04256E-20  3.00156E-20
  2.68000E+03  7.03732E-42  1.59016E-24  1.10779E-21  8.25837E-21  1.87753E-20  2.42835E-20  2.11553E-20  1.57842E-20
  2.72000E+03  7.79122E-43  5.90512E-25  5.10793E-22  4.08506E-21  9.52150E-21  1.25708E-20  1.10680E-20  8.29857E-21
  2.76000E+03  8.26766E-44  2.17636E-25  2.34703E-22  2.01783E-21  4.82509E-21  6.50286E-21  5.78904E-21  4.36208E-21
  2.80000E+03  7.00649E-45  7.96031E-26  1.07462E-22  9.95246E-22  2.44336E-21  3.36150E-21  3.02708E-21  2.29242E-21
  2.84000E+03  0.00000E+00  2.88945E-26  4.90264E-23  4.90139E-22  1.23638E-21  1.73636E-21  1.58239E-21  1.20450E-21
  2.88000E+03  0.00000E+00  1.04081E-26  2.22856E-23  2.41008E-22  6.25175E-22  8.96240E-22  8.26943E-22  6.32749E-22
  2.92000E+03  0.00000E+00  3.72036E-27  1.00929E-23  1.18317E-22  3.15886E-22  4.62251E-22  4.32016E-22  3.32329E-22
  2.96000E+03  0.00000E+00  1.31961E-27  4.55391E-24  5.79891E-23  1.59492E-22  2.38231E-22  2.25622E-22  1.74510E-22
  3.00000E+03  0.00000E+00  4.64447E-28  2.04697E-24  2.83734E-23  8.04677E-23  1.22682E-22  1.17791E-22  9.16188E-23
  3.04000E+03  0.00000E+00  1.62200E-28  9.16599E-25  1.38587E-23  4.05673E-23  6.31287E-23  6.14737E-23  4.80909E-23
  3.08000E+03  0.00000E+00  5.62050E-29  4.08854E-25  6.75710E-24  2.04360E-23  3.24587E-23  3.20703E-23  2.52381E-23
  3.12000E+03  0.00000E+00  1.93241E-29  1.81660E-25  3.28856E-24  1.02867E-23  1.66760E-23  1.67243E-23  1.32423E-23
  3.16000E+03  0.00000E+00  6.59194E-30  8.03968E-26  1.59750E-24  5.17378E-24  8.56071E-24  8.71797E-24  6.94674E-24
  3.20000E+03  0.00000E+00  2.23103E-30  3.54395E-26  7.74546E-25  2.60008E-24  4.39121E-24  4.54255E-24  3.64344E-24
  3.24000E+03  0.00000E+00  7.49150E-31  1.55593E-26  3.74805E-25  1.30557E-24  2.25068E-24  2.36588E-24  1.91053E-24
  3.28000E+03  0.00000E+00  2.49570E-31  6.80352E-27  1.81007E-25  6.55005E-25  1.15266E-24  1.23165E-24  1.00162E-24
  3.32000E+03  0.00000E+00  8.24834E-32  2.96279E-27  8.72376E-26  3.28326E-25  5.89857E-25  6.40877E-25  5.25003E-25
  3.36000E+03  0.00000E+00  2.70448E-32  1.28492E-27  4.19574E-26  1.64428E-25  3.01613E-25  3.33309E-25  2.75120E-25
  3.40000E+03  0.00000E+00  8.79702E-33  5.54946E-28  2.01369E-26  8.22698E-26  1.54103E-25  1.73259E-25  1.44139E-25
  3.44000E+03  0.00000E+00  2.83866E-33  2.38675E-28  9.64364E-27  4.11235E-26  7.86735E-26  9.00141E-26  7.54969E-26
  3.48000E+03  0.00000E+00  9.08677E-34  1.02219E-28  4.60822E-27  2.05357E-26  4.01328E-26  4.67384E-26  3.95326E-26
  3.52000E+03  0.00000E+00  2.88547E-34  4.35929E-29  2.19711E-27  1.02442E-26  2.04557E-26  2.42529E-26  2.06936E-26
  3.56000E+03  0.00000E+00  9.08922E-35  1.85116E-29  1.04514E-27  5.10474E-27  1.04172E-26  1.25760E-26  1.08275E-26
  3.60000E+03  0.00000E+00  2.84009E-35  7.82717E-30  4.95990E-28  2.54067E-27  5.29988E-27  6.51540E-27  5.66182E-27
  3.64000E+03  0.00000E+00  8.80295E-36  3.29521E-30  2.34802E-28  1.26276E-27  2.69316E-27  3.37157E-27  2.95784E-27
  3.68000E+03  0.00000E+00  2.70648E-36  1.38119E-30  1.10859E-28  6.26518E-28  1.36630E-27  1.74170E-27  1.54279E-27
  3.72000E+03  0.00000E+00  8.25387E-37  5.76322E-31  5.21781E-29  3.10067E-28  6.91382E-28  8.97190E-28  8.02475E-28
  3.76000E+03  0.00000E+00  2.49675E-37  2.39316E-31  2.44569E-29  1.52822E-28  3.48299E-28  4.59864E-28  4.15271E-28
  3.80000E+03  0.00000E+00  7.49071E-38  9.87950E-32  1.13876E-29  7.47497E-29  1.73991E-28  2.33519E-28  2.12819E-28
  3.84000E+03  0.00000E+00  2.22809E-38  4.04170E-32  5.23490E-30  3.60041E-29  8.54606E-29  1.16426E-28  1.07007E-28
  3.88000E+03  0.00000E+00  6.55485E-39  1.62161E-32  2.33879E-30  1.67696E-29  4.04911E-29  5.58749E-29  5.17313E-29
  3.92000E+03  0.00000E+00  1.87830E-39  6.15686E-33  9.71458E-31  7.20290E-30  1.76275E-29  2.45681E-29  2.28760E-29
  3.96000E+03  0.00000E+00  4.70738E-40  1.90377E-33  3.19277E-31  2.41984E-30  5.97365E-30  8.37862E-30  7.82993E-30
  4.00000E+03  0.00000E+00  0.00000E+00  0.00000E+00  0.00000E+00  0.00000E+00  0.00000E+00  0.00000E+00  0.00000E+00
