 lamda  B B_N
  6.00000E-02  0.00000E+00  0.00000E+00
  1.20000E-01  0.00000E+00  0.00000E+00
  1.80000E-01  0.00000E+00  0.00000E+00
  2.40000E-01  0.00000E+00  0.00000E+00
  3.00000E-01  0.00000E+00  0.00000E+00
  3.60000E-01  0.00000E+00  0.00000E+00
  4.20000E-01  0.00000E+00  0.00000E+00
  4.80000E-01  0.00000E+00  0.00000E+00
  5.40000E-01  0.00000E+00  0.00000E+00
  6.00000E-01  4.49617E-22  5.83125E-29
  6.60000E-01  5.84786E-19  7.58430E-26
  7.20000E-01  2.21645E-16  2.87459E-23
  7.80000E-01  3.26338E-14  4.23240E-21
  8.40000E-01  2.29094E-12  2.97121E-19
  9.00000E-01  8.90909E-11  1.15545E-17
  9.60000E-01  2.14720E-09  2.78478E-16
  1.02000E+00  3.49404E-08  4.53155E-15
  1.08000E+00  4.10279E-07  5.32106E-14
  1.14000E+00  3.66326E-06  4.75102E-13
  1.20000E+00  2.59338E-05  3.36345E-12
  1.26000E+00  1.50569E-04  1.95279E-11
  1.32000E+00  7.36989E-04  9.55828E-11
  1.38000E+00  3.11115E-03  4.03496E-10
  1.44000E+00  1.15430E-02  1.49706E-09
  1.50000E+00  3.82427E-02  4.95984E-09
  1.56000E+00  1.14662E-01  1.48710E-08
  1.62000E+00  3.14681E-01  4.08122E-08
  1.68000E+00  7.98236E-01  1.03526E-07
  1.74000E+00  1.88728E+00  2.44769E-07
  1.80000E+00  4.18922E+00  5.43315E-07
  1.86000E+00  8.78520E+00  1.13939E-06
  1.92000E+00  1.75017E+01  2.26986E-06
  1.98000E+00  3.32820E+01  4.31647E-06
  2.04000E+00  6.06716E+01  7.86873E-06
  2.10000E+00  1.06423E+02  1.38024E-05
  2.16000E+00  1.80220E+02  2.33734E-05
  2.22000E+00  2.95511E+02  3.83259E-05
  2.28000E+00  4.70429E+02  6.10117E-05
  2.34000E+00  7.28780E+02  9.45182E-05
  2.40000E+00  1.10104E+03  1.42798E-04
  2.46000E+00  1.62533E+03  2.10795E-04
  2.52000E+00  2.34835E+03  3.04567E-04
  2.58000E+00  3.32622E+03  4.31389E-04
  2.64000E+00  4.62507E+03  5.99842E-04
  2.70000E+00  6.32159E+03  8.19871E-04
  2.76000E+00  8.50325E+03  1.10282E-03
  2.82000E+00  1.12683E+04  1.46143E-03
  2.88000E+00  1.47257E+04  1.90983E-03
  2.94000E+00  1.89944E+04  2.46346E-03
  3.00000E+00  2.42030E+04  3.13897E-03
  3.06000E+00  3.04882E+04  3.95413E-03
  3.12000E+00  3.79945E+04  4.92765E-03
  3.18000E+00  4.68720E+04  6.07901E-03
  3.24000E+00  5.72757E+04  7.42830E-03
  3.30000E+00  6.93634E+04  8.99600E-03
  3.36000E+00  8.32942E+04  1.08027E-02
  3.42000E+00  9.92271E+04  1.28691E-02
  3.48000E+00  1.17319E+05  1.52155E-02
  3.54000E+00  1.37723E+05  1.78618E-02
  3.60000E+00  1.60586E+05  2.08270E-02
  3.66000E+00  1.86050E+05  2.41296E-02
  3.72000E+00  2.14248E+05  2.77866E-02
  3.78000E+00  2.45302E+05  3.18141E-02
  3.84000E+00  2.79325E+05  3.62267E-02
  3.90000E+00  3.16418E+05  4.10374E-02
  3.96000E+00  3.56669E+05  4.62578E-02
  4.02000E+00  4.00154E+05  5.18974E-02
  4.08000E+00  4.46932E+05  5.79643E-02
  4.14000E+00  4.97052E+05  6.44646E-02
  4.20000E+00  5.50546E+05  7.14024E-02
  4.26000E+00  6.07434E+05  7.87804E-02
  4.32000E+00  6.67718E+05  8.65988E-02
  4.38000E+00  7.31388E+05  9.48564E-02
  4.44000E+00  7.98420E+05  1.03550E-01
  4.50000E+00  8.68777E+05  1.12675E-01
  4.56000E+00  9.42408E+05  1.22224E-01
  4.62000E+00  1.01925E+06  1.32191E-01
  4.68000E+00  1.09923E+06  1.42564E-01
  4.74000E+00  1.18227E+06  1.53333E-01
  4.80000E+00  1.26826E+06  1.64485E-01
  4.86000E+00  1.35710E+06  1.76007E-01
  4.92000E+00  1.44867E+06  1.87884E-01
  4.98000E+00  1.54286E+06  2.00100E-01
  5.04000E+00  1.63954E+06  2.12638E-01
  5.10000E+00  1.73857E+06  2.25482E-01
  5.16000E+00  1.83981E+06  2.38612E-01
  5.22000E+00  1.94312E+06  2.52010E-01
  5.28000E+00  2.04834E+06  2.65657E-01
  5.34000E+00  2.15533E+06  2.79533E-01
  5.40000E+00  2.26394E+06  2.93618E-01
  5.46000E+00  2.37400E+06  3.07892E-01
  5.52000E+00  2.48536E+06  3.22335E-01
  5.58000E+00  2.59786E+06  3.36926E-01
  5.64000E+00  2.71135E+06  3.51645E-01
  5.70000E+00  2.82567E+06  3.66472E-01
  5.76000E+00  2.94068E+06  3.81387E-01
  5.82000E+00  3.05621E+06  3.96371E-01
  5.88000E+00  3.17211E+06  4.11403E-01
  5.94000E+00  3.28825E+06  4.26466E-01
  6.00000E+00  3.40447E+06  4.41539E-01
  6.06000E+00  3.52065E+06  4.56606E-01
  6.12000E+00  3.63663E+06  4.71648E-01
  6.18000E+00  3.75229E+06  4.86648E-01
  6.24000E+00  3.86749E+06  5.01590E-01
  6.30000E+00  3.98212E+06  5.16457E-01
  6.36000E+00  4.09607E+06  5.31234E-01
  6.42000E+00  4.20919E+06  5.45906E-01
  6.48000E+00  4.32141E+06  5.60459E-01
  6.54000E+00  4.43259E+06  5.74879E-01
  6.60000E+00  4.54266E+06  5.89154E-01
  6.66000E+00  4.65150E+06  6.03271E-01
  6.72000E+00  4.75904E+06  6.17218E-01
  6.78000E+00  4.86518E+06  6.30984E-01
  6.84000E+00  4.96985E+06  6.44558E-01
  6.90000E+00  5.07298E+06  6.57933E-01
  6.96000E+00  5.17447E+06  6.71097E-01
  7.02000E+00  5.27429E+06  6.84043E-01
  7.08000E+00  5.37236E+06  6.96761E-01
  7.14000E+00  5.46863E+06  7.09247E-01
  7.20000E+00  5.56304E+06  7.21491E-01
  7.26000E+00  5.65555E+06  7.33490E-01
  7.32000E+00  5.74612E+06  7.45236E-01
  7.38000E+00  5.83470E+06  7.56725E-01
  7.44000E+00  5.92127E+06  7.67952E-01
  7.50000E+00  6.00578E+06  7.78913E-01
  7.56000E+00  6.08823E+06  7.89605E-01
  7.62000E+00  6.16857E+06  8.00025E-01
  7.68000E+00  6.24679E+06  8.10170E-01
  7.74000E+00  6.32288E+06  8.20038E-01
  7.80000E+00  6.39682E+06  8.29627E-01
  7.86000E+00  6.46860E+06  8.38937E-01
  7.92000E+00  6.53821E+06  8.47965E-01
  7.98000E+00  6.60566E+06  8.56712E-01
  8.04000E+00  6.67093E+06  8.65177E-01
  8.10000E+00  6.73403E+06  8.73362E-01
  8.16000E+00  6.79497E+06  8.81265E-01
  8.22000E+00  6.85374E+06  8.88887E-01
  8.28000E+00  6.91036E+06  8.96231E-01
  8.34000E+00  6.96485E+06  9.03297E-01
  8.40000E+00  7.01720E+06  9.10086E-01
  8.46000E+00  7.06743E+06  9.16601E-01
  8.52000E+00  7.11557E+06  9.22845E-01
  8.58000E+00  7.16162E+06  9.28817E-01
  8.64000E+00  7.20561E+06  9.34523E-01
  8.70000E+00  7.24755E+06  9.39962E-01
  8.76000E+00  7.28748E+06  9.45140E-01
  8.82000E+00  7.32540E+06  9.50058E-01
  8.88000E+00  7.36135E+06  9.54721E-01
  8.94000E+00  7.39535E+06  9.59131E-01
  9.00000E+00  7.42743E+06  9.63291E-01
  9.06000E+00  7.45761E+06  9.67205E-01
  9.12000E+00  7.48592E+06  9.70877E-01
  9.18000E+00  7.51240E+06  9.74311E-01
  9.24000E+00  7.53705E+06  9.77509E-01
  9.30000E+00  7.55993E+06  9.80476E-01
  9.36000E+00  7.58105E+06  9.83215E-01
  9.42000E+00  7.60046E+06  9.85732E-01
  9.48000E+00  7.61817E+06  9.88029E-01
  9.54000E+00  7.63422E+06  9.90111E-01
  9.60000E+00  7.64865E+06  9.91982E-01
  9.66000E+00  7.66148E+06  9.93646E-01
  9.72000E+00  7.67275E+06  9.95107E-01
  9.78000E+00  7.68248E+06  9.96369E-01
  9.84000E+00  7.69071E+06  9.97437E-01
  9.90000E+00  7.69747E+06  9.98314E-01
  9.96000E+00  7.70280E+06  9.99005E-01
  1.00200E+01  7.70672E+06  9.99513E-01
  1.00800E+01  7.70926E+06  9.99843E-01
  1.01400E+01  7.71047E+06  1.00000E+00
  1.02000E+01  7.71037E+06  9.99986E-01
  1.02600E+01  7.70899E+06  9.99808E-01
  1.03200E+01  7.70636E+06  9.99466E-01
  1.03800E+01  7.70252E+06  9.98969E-01
  1.04400E+01  7.69749E+06  9.98316E-01
  1.05000E+01  7.69131E+06  9.97514E-01
  1.05600E+01  7.68400E+06  9.96566E-01
  1.06200E+01  7.67560E+06  9.95477E-01
  1.06800E+01  7.66613E+06  9.94249E-01
  1.07400E+01  7.65562E+06  9.92886E-01
  1.08000E+01  7.64411E+06  9.91394E-01
  1.08600E+01  7.63163E+06  9.89774E-01
  1.09200E+01  7.61819E+06  9.88031E-01
  1.09800E+01  7.60382E+06  9.86168E-01
  1.10400E+01  7.58857E+06  9.84190E-01
  1.11000E+01  7.57244E+06  9.82098E-01
  1.11600E+01  7.55548E+06  9.79898E-01
  1.12200E+01  7.53770E+06  9.77592E-01
  1.12800E+01  7.51912E+06  9.75183E-01
  1.13400E+01  7.49979E+06  9.72675E-01
  1.14000E+01  7.47971E+06  9.70072E-01
  1.14600E+01  7.45892E+06  9.67375E-01
  1.15200E+01  7.43744E+06  9.64589E-01
  1.15800E+01  7.41529E+06  9.61716E-01
  1.16400E+01  7.39250E+06  9.58760E-01
  1.17000E+01  7.36907E+06  9.55723E-01
  1.17600E+01  7.34506E+06  9.52608E-01
  1.18200E+01  7.32047E+06  9.49419E-01
  1.18800E+01  7.29531E+06  9.46156E-01
  1.19400E+01  7.26962E+06  9.42825E-01
  1.20000E+01  7.24342E+06  9.39426E-01
  1.20600E+01  7.21672E+06  9.35964E-01
  1.21200E+01  7.18955E+06  9.32440E-01
  1.21800E+01  7.16192E+06  9.28857E-01
  1.22400E+01  7.13385E+06  9.25216E-01
  1.23000E+01  7.10537E+06  9.21522E-01
  1.23600E+01  7.07648E+06  9.17776E-01
  1.24200E+01  7.04721E+06  9.13979E-01
  1.24800E+01  7.01758E+06  9.10136E-01
  1.25400E+01  6.98759E+06  9.06246E-01
  1.26000E+01  6.95727E+06  9.02314E-01
  1.26600E+01  6.92663E+06  8.98341E-01
  1.27200E+01  6.89570E+06  8.94329E-01
  1.27800E+01  6.86447E+06  8.90279E-01
  1.28400E+01  6.83297E+06  8.86194E-01
  1.29000E+01  6.80122E+06  8.82076E-01
  1.29600E+01  6.76923E+06  8.77926E-01
  1.30200E+01  6.73700E+06  8.73747E-01
  1.30800E+01  6.70456E+06  8.69539E-01
  1.31400E+01  6.67192E+06  8.65306E-01
  1.32000E+01  6.63908E+06  8.61048E-01
  1.32600E+01  6.60607E+06  8.56766E-01
  1.33200E+01  6.57290E+06  8.52463E-01
  1.33800E+01  6.53957E+06  8.48141E-01
  1.34400E+01  6.50609E+06  8.43800E-01
  1.35000E+01  6.47249E+06  8.39442E-01
  1.35600E+01  6.43877E+06  8.35068E-01
  1.36200E+01  6.40494E+06  8.30680E-01
  1.36800E+01  6.37100E+06  8.26279E-01
  1.37400E+01  6.33698E+06  8.21866E-01
  1.38000E+01  6.30288E+06  8.17444E-01
  1.38600E+01  6.26870E+06  8.13011E-01
  1.39200E+01  6.23447E+06  8.08571E-01
  1.39800E+01  6.20018E+06  8.04124E-01
  1.40400E+01  6.16585E+06  7.99672E-01
  1.41000E+01  6.13148E+06  7.95214E-01
  1.41600E+01  6.09708E+06  7.90754E-01
  1.42200E+01  6.06267E+06  7.86290E-01
  1.42800E+01  6.02824E+06  7.81825E-01
  1.43400E+01  5.99381E+06  7.77359E-01
  1.44000E+01  5.95938E+06  7.72894E-01
  1.44600E+01  5.92496E+06  7.68430E-01
  1.45200E+01  5.89055E+06  7.63968E-01
  1.45800E+01  5.85617E+06  7.59508E-01
  1.46400E+01  5.82181E+06  7.55053E-01
  1.47000E+01  5.78749E+06  7.50601E-01
  1.47600E+01  5.75321E+06  7.46156E-01
  1.48200E+01  5.71898E+06  7.41716E-01
  1.48800E+01  5.68480E+06  7.37282E-01
  1.49400E+01  5.65067E+06  7.32856E-01
  1.50000E+01  5.61660E+06  7.28438E-01
  1.50600E+01  5.58261E+06  7.24029E-01
  1.51200E+01  5.54868E+06  7.19629E-01
  1.51800E+01  5.51484E+06  7.15240E-01
  1.52400E+01  5.48106E+06  7.10860E-01
  1.53000E+01  5.44738E+06  7.06491E-01
  1.53600E+01  5.41379E+06  7.02134E-01
  1.54200E+01  5.38029E+06  6.97789E-01
  1.54800E+01  5.34688E+06  6.93457E-01
  1.55400E+01  5.31358E+06  6.89138E-01
  1.56000E+01  5.28038E+06  6.84832E-01
  1.56600E+01  5.24728E+06  6.80540E-01
  1.57200E+01  5.21430E+06  6.76262E-01
  1.57800E+01  5.18143E+06  6.71999E-01
  1.58400E+01  5.14868E+06  6.67751E-01
  1.59000E+01  5.11605E+06  6.63519E-01
  1.59600E+01  5.08354E+06  6.59303E-01
  1.60200E+01  5.05115E+06  6.55103E-01
  1.60800E+01  5.01889E+06  6.50919E-01
  1.61400E+01  4.98676E+06  6.46752E-01
  1.62000E+01  4.95477E+06  6.42603E-01
  1.62600E+01  4.92291E+06  6.38470E-01
  1.63200E+01  4.89118E+06  6.34356E-01
  1.63800E+01  4.85960E+06  6.30259E-01
  1.64400E+01  4.82815E+06  6.26181E-01
  1.65000E+01  4.79685E+06  6.22121E-01
  1.65600E+01  4.76569E+06  6.18080E-01
  1.66200E+01  4.73468E+06  6.14058E-01
  1.66800E+01  4.70381E+06  6.10055E-01
  1.67400E+01  4.67309E+06  6.06071E-01
  1.68000E+01  4.64253E+06  6.02106E-01
  1.68600E+01  4.61211E+06  5.98162E-01
  1.69200E+01  4.58184E+06  5.94236E-01
  1.69800E+01  4.55174E+06  5.90332E-01
  1.70400E+01  4.52178E+06  5.86447E-01
  1.71000E+01  4.49198E+06  5.82582E-01
  1.71600E+01  4.46234E+06  5.78737E-01
  1.72200E+01  4.43285E+06  5.74913E-01
  1.72800E+01  4.40353E+06  5.71110E-01
  1.73400E+01  4.37436E+06  5.67327E-01
  1.74000E+01  4.34535E+06  5.63565E-01
  1.74600E+01  4.31650E+06  5.59823E-01
  1.75200E+01  4.28782E+06  5.56103E-01
  1.75800E+01  4.25929E+06  5.52404E-01
  1.76400E+01  4.23093E+06  5.48725E-01
  1.77000E+01  4.20273E+06  5.45068E-01
  1.77600E+01  4.17469E+06  5.41431E-01
  1.78200E+01  4.14682E+06  5.37816E-01
  1.78800E+01  4.11911E+06  5.34222E-01
  1.79400E+01  4.09156E+06  5.30650E-01
  1.80000E+01  4.06418E+06  5.27098E-01
  1.80600E+01  4.03696E+06  5.23568E-01
  1.81200E+01  4.00990E+06  5.20059E-01
  1.81800E+01  3.98301E+06  5.16572E-01
  1.82400E+01  3.95628E+06  5.13105E-01
  1.83000E+01  3.92972E+06  5.09660E-01
  1.83600E+01  3.90333E+06  5.06237E-01
  1.84200E+01  3.87709E+06  5.02834E-01
  1.84800E+01  3.85102E+06  4.99453E-01
  1.85400E+01  3.82511E+06  4.96093E-01
  1.86000E+01  3.79937E+06  4.92754E-01
  1.86600E+01  3.77379E+06  4.89437E-01
  1.87200E+01  3.74837E+06  4.86140E-01
  1.87800E+01  3.72312E+06  4.82865E-01
  1.88400E+01  3.69803E+06  4.79611E-01
  1.89000E+01  3.67310E+06  4.76378E-01
  1.89600E+01  3.64833E+06  4.73166E-01
  1.90200E+01  3.62372E+06  4.69974E-01
  1.90800E+01  3.59928E+06  4.66804E-01
  1.91400E+01  3.57499E+06  4.63654E-01
  1.92000E+01  3.55087E+06  4.60526E-01
  1.92600E+01  3.52691E+06  4.57418E-01
  1.93200E+01  3.50310E+06  4.54330E-01
  1.93800E+01  3.47946E+06  4.51264E-01
  1.94400E+01  3.45597E+06  4.48218E-01
  1.95000E+01  3.43264E+06  4.45192E-01
  1.95600E+01  3.40947E+06  4.42186E-01
  1.96200E+01  3.38645E+06  4.39201E-01
  1.96800E+01  3.36359E+06  4.36237E-01
  1.97400E+01  3.34088E+06  4.33292E-01
  1.98000E+01  3.31833E+06  4.30367E-01
  1.98600E+01  3.29594E+06  4.27463E-01
  1.99200E+01  3.27370E+06  4.24578E-01
  1.99800E+01  3.25161E+06  4.21713E-01
  2.00400E+01  3.22967E+06  4.18868E-01
  2.01000E+01  3.20789E+06  4.16043E-01
  2.01600E+01  3.18625E+06  4.13237E-01
  2.02200E+01  3.16477E+06  4.10451E-01
  2.02800E+01  3.14344E+06  4.07684E-01
  2.03400E+01  3.12225E+06  4.04936E-01
  2.04000E+01  3.10121E+06  4.02208E-01
  2.04600E+01  3.08032E+06  3.99499E-01
  2.05200E+01  3.05958E+06  3.96808E-01
  2.05800E+01  3.03898E+06  3.94137E-01
  2.06400E+01  3.01853E+06  3.91484E-01
  2.07000E+01  2.99822E+06  3.88851E-01
  2.07600E+01  2.97806E+06  3.86235E-01
  2.08200E+01  2.95803E+06  3.83639E-01
  2.08800E+01  2.93816E+06  3.81060E-01
  2.09400E+01  2.91842E+06  3.78501E-01
  2.10000E+01  2.89882E+06  3.75959E-01
  2.10600E+01  2.87936E+06  3.73435E-01
  2.11200E+01  2.86004E+06  3.70930E-01
  2.11800E+01  2.84086E+06  3.68442E-01
  2.12400E+01  2.82182E+06  3.65973E-01
  2.13000E+01  2.80291E+06  3.63520E-01
  2.13600E+01  2.78414E+06  3.61086E-01
  2.14200E+01  2.76551E+06  3.58669E-01
  2.14800E+01  2.74701E+06  3.56269E-01
  2.15400E+01  2.72864E+06  3.53887E-01
  2.16000E+01  2.71040E+06  3.51522E-01
  2.16600E+01  2.69230E+06  3.49174E-01
  2.17200E+01  2.67432E+06  3.46843E-01
  2.17800E+01  2.65648E+06  3.44529E-01
  2.18400E+01  2.63877E+06  3.42232E-01
  2.19000E+01  2.62118E+06  3.39951E-01
  2.19600E+01  2.60372E+06  3.37687E-01
  2.20200E+01  2.58639E+06  3.35439E-01
  2.20800E+01  2.56919E+06  3.33208E-01
  2.21400E+01  2.55211E+06  3.30992E-01
  2.22000E+01  2.53515E+06  3.28793E-01
  2.22600E+01  2.51832E+06  3.26610E-01
  2.23200E+01  2.50161E+06  3.24443E-01
  2.23800E+01  2.48502E+06  3.22292E-01
  2.24400E+01  2.46856E+06  3.20156E-01
  2.25000E+01  2.45221E+06  3.18036E-01
  2.25600E+01  2.43598E+06  3.15932E-01
  2.26200E+01  2.41988E+06  3.13843E-01
  2.26800E+01  2.40389E+06  3.11769E-01
  2.27400E+01  2.38801E+06  3.09710E-01
  2.28000E+01  2.37226E+06  3.07667E-01
  2.28600E+01  2.35662E+06  3.05638E-01
  2.29200E+01  2.34109E+06  3.03625E-01
  2.29800E+01  2.32568E+06  3.01626E-01
  2.30400E+01  2.31038E+06  2.99641E-01
  2.31000E+01  2.29519E+06  2.97672E-01
  2.31600E+01  2.28011E+06  2.95716E-01
  2.32200E+01  2.26515E+06  2.93776E-01
  2.32800E+01  2.25030E+06  2.91849E-01
  2.33400E+01  2.23555E+06  2.89937E-01
  2.34000E+01  2.22091E+06  2.88038E-01
  2.34600E+01  2.20638E+06  2.86154E-01
  2.35200E+01  2.19196E+06  2.84283E-01
  2.35800E+01  2.17764E+06  2.82426E-01
  2.36400E+01  2.16343E+06  2.80583E-01
  2.37000E+01  2.14932E+06  2.78753E-01
  2.37600E+01  2.13532E+06  2.76937E-01
  2.38200E+01  2.12142E+06  2.75134E-01
  2.38800E+01  2.10762E+06  2.73345E-01
  2.39400E+01  2.09392E+06  2.71569E-01
  2.40000E+01  2.08033E+06  2.69805E-01
  2.40600E+01  2.06683E+06  2.68055E-01
  2.41200E+01  2.05343E+06  2.66317E-01
  2.41800E+01  2.04013E+06  2.64593E-01
  2.42400E+01  2.02694E+06  2.62881E-01
  2.43000E+01  2.01383E+06  2.61181E-01
  2.43600E+01  2.00083E+06  2.59495E-01
  2.44200E+01  1.98791E+06  2.57820E-01
  2.44800E+01  1.97510E+06  2.56158E-01
  2.45400E+01  1.96238E+06  2.54508E-01
  2.46000E+01  1.94975E+06  2.52870E-01
  2.46600E+01  1.93721E+06  2.51244E-01
  2.47200E+01  1.92477E+06  2.49630E-01
  2.47800E+01  1.91242E+06  2.48028E-01
  2.48400E+01  1.90016E+06  2.46438E-01
  2.49000E+01  1.88798E+06  2.44860E-01
  2.49600E+01  1.87590E+06  2.43293E-01
  2.50200E+01  1.86391E+06  2.41737E-01
  2.50800E+01  1.85200E+06  2.40193E-01
  2.51400E+01  1.84019E+06  2.38661E-01
  2.52000E+01  1.82846E+06  2.37139E-01
  2.52600E+01  1.81681E+06  2.35629E-01
  2.53200E+01  1.80525E+06  2.34130E-01
  2.53800E+01  1.79378E+06  2.32642E-01
  2.54400E+01  1.78239E+06  2.31164E-01
  2.55000E+01  1.77108E+06  2.29698E-01
  2.55600E+01  1.75985E+06  2.28242E-01
  2.56200E+01  1.74871E+06  2.26797E-01
  2.56800E+01  1.73765E+06  2.25362E-01
  2.57400E+01  1.72667E+06  2.23938E-01
  2.58000E+01  1.71577E+06  2.22525E-01
  2.58600E+01  1.70495E+06  2.21121E-01
  2.59200E+01  1.69421E+06  2.19728E-01
  2.59800E+01  1.68355E+06  2.18346E-01
  2.60400E+01  1.67296E+06  2.16973E-01
  2.61000E+01  1.66246E+06  2.15610E-01
  2.61600E+01  1.65203E+06  2.14257E-01
  2.62200E+01  1.64167E+06  2.12914E-01
  2.62800E+01  1.63139E+06  2.11581E-01
  2.63400E+01  1.62119E+06  2.10258E-01
  2.64000E+01  1.61106E+06  2.08944E-01
  2.64600E+01  1.60100E+06  2.07640E-01
  2.65200E+01  1.59102E+06  2.06345E-01
  2.65800E+01  1.58111E+06  2.05059E-01
  2.66400E+01  1.57127E+06  2.03783E-01
  2.67000E+01  1.56150E+06  2.02517E-01
  2.67600E+01  1.55180E+06  2.01259E-01
  2.68200E+01  1.54218E+06  2.00011E-01
  2.68800E+01  1.53262E+06  1.98771E-01
  2.69400E+01  1.52313E+06  1.97541E-01
  2.70000E+01  1.51371E+06  1.96319E-01
  2.70600E+01  1.50436E+06  1.95107E-01
  2.71200E+01  1.49508E+06  1.93903E-01
  2.71800E+01  1.48586E+06  1.92707E-01
  2.72400E+01  1.47672E+06  1.91521E-01
  2.73000E+01  1.46763E+06  1.90343E-01
  2.73600E+01  1.45862E+06  1.89173E-01
  2.74200E+01  1.44966E+06  1.88012E-01
  2.74800E+01  1.44077E+06  1.86859E-01
  2.75400E+01  1.43195E+06  1.85715E-01
  2.76000E+01  1.42319E+06  1.84579E-01
  2.76600E+01  1.41449E+06  1.83451E-01
  2.77200E+01  1.40586E+06  1.82331E-01
  2.77800E+01  1.39728E+06  1.81219E-01
  2.78400E+01  1.38877E+06  1.80115E-01
  2.79000E+01  1.38032E+06  1.79019E-01
  2.79600E+01  1.37193E+06  1.77931E-01
  2.80200E+01  1.36360E+06  1.76851E-01
  2.80800E+01  1.35533E+06  1.75778E-01
  2.81400E+01  1.34712E+06  1.74713E-01
  2.82000E+01  1.33897E+06  1.73656E-01
  2.82600E+01  1.33087E+06  1.72606E-01
  2.83200E+01  1.32284E+06  1.71564E-01
  2.83800E+01  1.31486E+06  1.70529E-01
  2.84400E+01  1.30694E+06  1.69501E-01
  2.85000E+01  1.29907E+06  1.68481E-01
  2.85600E+01  1.29126E+06  1.67468E-01
  2.86200E+01  1.28350E+06  1.66463E-01
  2.86800E+01  1.27580E+06  1.65464E-01
  2.87400E+01  1.26816E+06  1.64472E-01
  2.88000E+01  1.26057E+06  1.63488E-01
  2.88600E+01  1.25303E+06  1.62511E-01
  2.89200E+01  1.24555E+06  1.61540E-01
  2.89800E+01  1.23812E+06  1.60576E-01
  2.90400E+01  1.23074E+06  1.59620E-01
  2.91000E+01  1.22342E+06  1.58669E-01
  2.91600E+01  1.21614E+06  1.57726E-01
  2.92200E+01  1.20892E+06  1.56789E-01
  2.92800E+01  1.20175E+06  1.55859E-01
  2.93400E+01  1.19463E+06  1.54936E-01
  2.94000E+01  1.18756E+06  1.54019E-01
  2.94600E+01  1.18053E+06  1.53108E-01
  2.95200E+01  1.17356E+06  1.52204E-01
  2.95800E+01  1.16664E+06  1.51306E-01
  2.96400E+01  1.15976E+06  1.50414E-01
  2.97000E+01  1.15294E+06  1.49529E-01
  2.97600E+01  1.14616E+06  1.48650E-01
  2.98200E+01  1.13943E+06  1.47777E-01
  2.98800E+01  1.13274E+06  1.46910E-01
  2.99400E+01  1.12611E+06  1.46049E-01
  3.00000E+01  1.11952E+06  1.45194E-01
  3.00600E+01  1.11297E+06  1.44345E-01
  3.01200E+01  1.10647E+06  1.43503E-01
  3.01800E+01  1.10002E+06  1.42665E-01
  3.02400E+01  1.09361E+06  1.41834E-01
  3.03000E+01  1.08724E+06  1.41009E-01
  3.03600E+01  1.08092E+06  1.40189E-01
  3.04200E+01  1.07465E+06  1.39375E-01
  3.04800E+01  1.06841E+06  1.38567E-01
  3.05400E+01  1.06222E+06  1.37764E-01
  3.06000E+01  1.05608E+06  1.36967E-01
  3.06600E+01  1.04997E+06  1.36175E-01
  3.07200E+01  1.04391E+06  1.35389E-01
  3.07800E+01  1.03789E+06  1.34608E-01
  3.08400E+01  1.03191E+06  1.33832E-01
  3.09000E+01  1.02597E+06  1.33062E-01
  3.09600E+01  1.02008E+06  1.32297E-01
  3.10200E+01  1.01422E+06  1.31538E-01
  3.10800E+01  1.00840E+06  1.30784E-01
  3.11400E+01  1.00263E+06  1.30034E-01
  3.12000E+01  9.96890E+05  1.29290E-01
  3.12600E+01  9.91193E+05  1.28552E-01
  3.13200E+01  9.85535E+05  1.27818E-01
  3.13800E+01  9.79915E+05  1.27089E-01
  3.14400E+01  9.74334E+05  1.26365E-01
  3.15000E+01  9.68791E+05  1.25646E-01
  3.15600E+01  9.63286E+05  1.24932E-01
  3.16200E+01  9.57818E+05  1.24223E-01
  3.16800E+01  9.52388E+05  1.23519E-01
  3.17400E+01  9.46994E+05  1.22819E-01
  3.18000E+01  9.41638E+05  1.22125E-01
  3.18600E+01  9.36317E+05  1.21434E-01
  3.19200E+01  9.31033E+05  1.20749E-01
  3.19800E+01  9.25784E+05  1.20068E-01
  3.20400E+01  9.20571E+05  1.19392E-01
  3.21000E+01  9.15394E+05  1.18721E-01
  3.21600E+01  9.10251E+05  1.18054E-01
  3.22200E+01  9.05143E+05  1.17391E-01
  3.22800E+01  9.00069E+05  1.16733E-01
  3.23400E+01  8.95030E+05  1.16080E-01
  3.24000E+01  8.90025E+05  1.15431E-01
  3.24600E+01  8.85053E+05  1.14786E-01
  3.25200E+01  8.80114E+05  1.14145E-01
  3.25800E+01  8.75210E+05  1.13509E-01
  3.26400E+01  8.70338E+05  1.12877E-01
  3.27000E+01  8.65498E+05  1.12250E-01
  3.27600E+01  8.60691E+05  1.11626E-01
  3.28200E+01  8.55916E+05  1.11007E-01
  3.28800E+01  8.51173E+05  1.10392E-01
  3.29400E+01  8.46461E+05  1.09781E-01
  3.30000E+01  8.41781E+05  1.09174E-01
  3.30600E+01  8.37133E+05  1.08571E-01
  3.31200E+01  8.32515E+05  1.07972E-01
  3.31800E+01  8.27928E+05  1.07377E-01
  3.32400E+01  8.23371E+05  1.06786E-01
  3.33000E+01  8.18845E+05  1.06199E-01
  3.33600E+01  8.14348E+05  1.05616E-01
  3.34200E+01  8.09882E+05  1.05037E-01
  3.34800E+01  8.05445E+05  1.04461E-01
  3.35400E+01  8.01037E+05  1.03890E-01
  3.36000E+01  7.96659E+05  1.03322E-01
  3.36600E+01  7.92309E+05  1.02758E-01
  3.37200E+01  7.87988E+05  1.02197E-01
  3.37800E+01  7.83696E+05  1.01640E-01
  3.38400E+01  7.79431E+05  1.01087E-01
  3.39000E+01  7.75196E+05  1.00538E-01
  3.39600E+01  7.70987E+05  9.99922E-02
  3.40200E+01  7.66806E+05  9.94500E-02
  3.40800E+01  7.62653E+05  9.89114E-02
  3.41400E+01  7.58527E+05  9.83762E-02
  3.42000E+01  7.54428E+05  9.78446E-02
  3.42600E+01  7.50356E+05  9.73164E-02
  3.43200E+01  7.46310E+05  9.67917E-02
  3.43800E+01  7.42290E+05  9.62704E-02
  3.44400E+01  7.38297E+05  9.57525E-02
  3.45000E+01  7.34330E+05  9.52380E-02
  3.45600E+01  7.30389E+05  9.47269E-02
  3.46200E+01  7.26473E+05  9.42190E-02
  3.46800E+01  7.22583E+05  9.37145E-02
  3.47400E+01  7.18718E+05  9.32132E-02
  3.48000E+01  7.14878E+05  9.27152E-02
  3.48600E+01  7.11063E+05  9.22204E-02
  3.49200E+01  7.07272E+05  9.17288E-02
  3.49800E+01  7.03506E+05  9.12403E-02
  3.50400E+01  6.99765E+05  9.07551E-02
  3.51000E+01  6.96047E+05  9.02729E-02
  3.51600E+01  6.92353E+05  8.97939E-02
  3.52200E+01  6.88683E+05  8.93179E-02
  3.52800E+01  6.85037E+05  8.88450E-02
  3.53400E+01  6.81414E+05  8.83752E-02
  3.54000E+01  6.77815E+05  8.79083E-02
  3.54600E+01  6.74238E+05  8.74445E-02
  3.55200E+01  6.70684E+05  8.69836E-02
  3.55800E+01  6.67154E+05  8.65256E-02
  3.56400E+01  6.63645E+05  8.60706E-02
  3.57000E+01  6.60159E+05  8.56185E-02
  3.57600E+01  6.56696E+05  8.51693E-02
  3.58200E+01  6.53254E+05  8.47229E-02
  3.58800E+01  6.49834E+05  8.42794E-02
  3.59400E+01  6.46436E+05  8.38387E-02
  3.60000E+01  6.43060E+05  8.34008E-02
  3.60600E+01  6.39705E+05  8.29657E-02
  3.61200E+01  6.36371E+05  8.25333E-02
  3.61800E+01  6.33058E+05  8.21037E-02
  3.62400E+01  6.29767E+05  8.16768E-02
  3.63000E+01  6.26496E+05  8.12525E-02
  3.63600E+01  6.23245E+05  8.08310E-02
  3.64200E+01  6.20016E+05  8.04122E-02
  3.64800E+01  6.16806E+05  7.99959E-02
  3.65400E+01  6.13617E+05  7.95823E-02
  3.66000E+01  6.10448E+05  7.91713E-02
  3.66600E+01  6.07299E+05  7.87628E-02
  3.67200E+01  6.04170E+05  7.83570E-02
  3.67800E+01  6.01059E+05  7.79536E-02
  3.68400E+01  5.97969E+05  7.75528E-02
  3.69000E+01  5.94898E+05  7.71545E-02
  3.69600E+01  5.91846E+05  7.67587E-02
  3.70200E+01  5.88813E+05  7.63654E-02
  3.70800E+01  5.85799E+05  7.59745E-02
  3.71400E+01  5.82804E+05  7.55861E-02
  3.72000E+01  5.79828E+05  7.52001E-02
  3.72600E+01  5.76870E+05  7.48164E-02
  3.73200E+01  5.73931E+05  7.44352E-02
  3.73800E+01  5.71009E+05  7.40563E-02
  3.74400E+01  5.68106E+05  7.36798E-02
  3.75000E+01  5.65221E+05  7.33056E-02
  3.75600E+01  5.62353E+05  7.29337E-02
  3.76200E+01  5.59504E+05  7.25641E-02
  3.76800E+01  5.56672E+05  7.21968E-02
  3.77400E+01  5.53857E+05  7.18318E-02
  3.78000E+01  5.51060E+05  7.14690E-02
  3.78600E+01  5.48280E+05  7.11085E-02
  3.79200E+01  5.45517E+05  7.07501E-02
  3.79800E+01  5.42771E+05  7.03940E-02
  3.80400E+01  5.40042E+05  7.00401E-02
  3.81000E+01  5.37330E+05  6.96883E-02
  3.81600E+01  5.34634E+05  6.93387E-02
  3.82200E+01  5.31955E+05  6.89912E-02
  3.82800E+01  5.29292E+05  6.86458E-02
  3.83400E+01  5.26645E+05  6.83026E-02
  3.84000E+01  5.24015E+05  6.79615E-02
  3.84600E+01  5.21401E+05  6.76224E-02
  3.85200E+01  5.18802E+05  6.72854E-02
  3.85800E+01  5.16219E+05  6.69504E-02
  3.86400E+01  5.13652E+05  6.66175E-02
  3.87000E+01  5.11101E+05  6.62866E-02
  3.87600E+01  5.08565E+05  6.59577E-02
  3.88200E+01  5.06044E+05  6.56308E-02
  3.88800E+01  5.03539E+05  6.53059E-02
  3.89400E+01  5.01049E+05  6.49829E-02
  3.90000E+01  4.98574E+05  6.46619E-02
  3.90600E+01  4.96114E+05  6.43428E-02
  3.91200E+01  4.93668E+05  6.40257E-02
  3.91800E+01  4.91238E+05  6.37104E-02
  3.92400E+01  4.88822E+05  6.33971E-02
  3.93000E+01  4.86420E+05  6.30856E-02
  3.93600E+01  4.84033E+05  6.27761E-02
  3.94200E+01  4.81660E+05  6.24683E-02
  3.94800E+01  4.79302E+05  6.21624E-02
  3.95400E+01  4.76957E+05  6.18584E-02
  3.96000E+01  4.74627E+05  6.15561E-02
  3.96600E+01  4.72310E+05  6.12557E-02
  3.97200E+01  4.70008E+05  6.09571E-02
  3.97800E+01  4.67719E+05  6.06602E-02
  3.98400E+01  4.65443E+05  6.03651E-02
  3.99000E+01  4.63182E+05  6.00718E-02
  3.99600E+01  4.60933E+05  5.97802E-02
  4.00200E+01  4.58698E+05  5.94903E-02
  4.00800E+01  4.56477E+05  5.92022E-02
  4.01400E+01  4.54268E+05  5.89157E-02
  4.02000E+01  4.52072E+05  5.86310E-02
  4.02600E+01  4.49890E+05  5.83479E-02
  4.03200E+01  4.47720E+05  5.80665E-02
  4.03800E+01  4.45564E+05  5.77868E-02
  4.04400E+01  4.43420E+05  5.75087E-02
  4.05000E+01  4.41288E+05  5.72323E-02
  4.05600E+01  4.39169E+05  5.69575E-02
  4.06200E+01  4.37063E+05  5.66843E-02
  4.06800E+01  4.34968E+05  5.64127E-02
  4.07400E+01  4.32887E+05  5.61427E-02
  4.08000E+01  4.30817E+05  5.58743E-02
  4.08600E+01  4.28760E+05  5.56074E-02
  4.09200E+01  4.26714E+05  5.53421E-02
  4.09800E+01  4.24680E+05  5.50784E-02
  4.10400E+01  4.22659E+05  5.48162E-02
  4.11000E+01  4.20649E+05  5.45556E-02
  4.11600E+01  4.18651E+05  5.42964E-02
  4.12200E+01  4.16665E+05  5.40388E-02
  4.12800E+01  4.14689E+05  5.37826E-02
  4.13400E+01  4.12726E+05  5.35280E-02
  4.14000E+01  4.10774E+05  5.32748E-02
  4.14600E+01  4.08833E+05  5.30231E-02
  4.15200E+01  4.06903E+05  5.27728E-02
  4.15800E+01  4.04985E+05  5.25240E-02
  4.16400E+01  4.03078E+05  5.22766E-02
  4.17000E+01  4.01181E+05  5.20307E-02
  4.17600E+01  3.99296E+05  5.17862E-02
  4.18200E+01  3.97422E+05  5.15431E-02
  4.18800E+01  3.95558E+05  5.13014E-02
  4.19400E+01  3.93705E+05  5.10611E-02
  4.20000E+01  3.91862E+05  5.08221E-02
  4.20600E+01  3.90031E+05  5.05845E-02
  4.21200E+01  3.88209E+05  5.03483E-02
  4.21800E+01  3.86398E+05  5.01135E-02
  4.22400E+01  3.84598E+05  4.98800E-02
  4.23000E+01  3.82808E+05  4.96478E-02
  4.23600E+01  3.81028E+05  4.94169E-02
  4.24200E+01  3.79258E+05  4.91874E-02
  4.24800E+01  3.77498E+05  4.89592E-02
  4.25400E+01  3.75748E+05  4.87322E-02
  4.26000E+01  3.74009E+05  4.85066E-02
  4.26600E+01  3.72279E+05  4.82822E-02
  4.27200E+01  3.70559E+05  4.80592E-02
  4.27800E+01  3.68849E+05  4.78374E-02
  4.28400E+01  3.67148E+05  4.76168E-02
  4.29000E+01  3.65457E+05  4.73975E-02
  4.29600E+01  3.63776E+05  4.71794E-02
  4.30200E+01  3.62103E+05  4.69625E-02
  4.30800E+01  3.60441E+05  4.67470E-02
  4.31400E+01  3.58788E+05  4.65325E-02
  4.32000E+01  3.57144E+05  4.63193E-02
  4.32600E+01  3.55510E+05  4.61074E-02
  4.33200E+01  3.53884E+05  4.58966E-02
  4.33800E+01  3.52268E+05  4.56869E-02
  4.34400E+01  3.50661E+05  4.54785E-02
  4.35000E+01  3.49062E+05  4.52712E-02
  4.35600E+01  3.47473E+05  4.50651E-02
  4.36200E+01  3.45893E+05  4.48601E-02
  4.36800E+01  3.44321E+05  4.46563E-02
  4.37400E+01  3.42759E+05  4.44536E-02
  4.38000E+01  3.41205E+05  4.42521E-02
  4.38600E+01  3.39659E+05  4.40517E-02
  4.39200E+01  3.38122E+05  4.38524E-02
  4.39800E+01  3.36594E+05  4.36542E-02
  4.40400E+01  3.35074E+05  4.34570E-02
  4.41000E+01  3.33563E+05  4.32610E-02
  4.41600E+01  3.32060E+05  4.30661E-02
  4.42200E+01  3.30565E+05  4.28723E-02
  4.42800E+01  3.29079E+05  4.26795E-02
  4.43400E+01  3.27601E+05  4.24878E-02
  4.44000E+01  3.26131E+05  4.22971E-02
  4.44600E+01  3.24669E+05  4.21075E-02
  4.45200E+01  3.23215E+05  4.19190E-02
  4.45800E+01  3.21770E+05  4.17315E-02
  4.46400E+01  3.20332E+05  4.15450E-02
  4.47000E+01  3.18902E+05  4.13595E-02
  4.47600E+01  3.17480E+05  4.11751E-02
  4.48200E+01  3.16065E+05  4.09917E-02
  4.48800E+01  3.14659E+05  4.08093E-02
  4.49400E+01  3.13260E+05  4.06278E-02
  4.50000E+01  3.11869E+05  4.04474E-02
  4.50600E+01  3.10485E+05  4.02680E-02
  4.51200E+01  3.09109E+05  4.00895E-02
  4.51800E+01  3.07740E+05  3.99120E-02
  4.52400E+01  3.06379E+05  3.97355E-02
  4.53000E+01  3.05026E+05  3.95599E-02
  4.53600E+01  3.03679E+05  3.93853E-02
  4.54200E+01  3.02340E+05  3.92116E-02
  4.54800E+01  3.01008E+05  3.90389E-02
  4.55400E+01  2.99684E+05  3.88671E-02
  4.56000E+01  2.98367E+05  3.86963E-02
  4.56600E+01  2.97056E+05  3.85263E-02
  4.57200E+01  2.95753E+05  3.83573E-02
  4.57800E+01  2.94457E+05  3.81892E-02
  4.58400E+01  2.93168E+05  3.80220E-02
  4.59000E+01  2.91886E+05  3.78557E-02
  4.59600E+01  2.90610E+05  3.76903E-02
  4.60200E+01  2.89342E+05  3.75258E-02
  4.60800E+01  2.88080E+05  3.73622E-02
  4.61400E+01  2.86825E+05  3.71995E-02
  4.62000E+01  2.85577E+05  3.70376E-02
  4.62600E+01  2.84336E+05  3.68766E-02
  4.63200E+01  2.83101E+05  3.67164E-02
  4.63800E+01  2.81873E+05  3.65572E-02
  4.64400E+01  2.80651E+05  3.63987E-02
  4.65000E+01  2.79436E+05  3.62411E-02
  4.65600E+01  2.78228E+05  3.60844E-02
  4.66200E+01  2.77025E+05  3.59285E-02
  4.66800E+01  2.75830E+05  3.57734E-02
  4.67400E+01  2.74640E+05  3.56191E-02
  4.68000E+01  2.73457E+05  3.54657E-02
  4.68600E+01  2.72280E+05  3.53130E-02
  4.69200E+01  2.71110E+05  3.51612E-02
  4.69800E+01  2.69945E+05  3.50102E-02
  4.70400E+01  2.68787E+05  3.48600E-02
  4.71000E+01  2.67635E+05  3.47106E-02
  4.71600E+01  2.66489E+05  3.45620E-02
  4.72200E+01  2.65349E+05  3.44141E-02
  4.72800E+01  2.64215E+05  3.42670E-02
  4.73400E+01  2.63087E+05  3.41207E-02
  4.74000E+01  2.61965E+05  3.39752E-02
  4.74600E+01  2.60849E+05  3.38305E-02
  4.75200E+01  2.59739E+05  3.36865E-02
  4.75800E+01  2.58634E+05  3.35432E-02
  4.76400E+01  2.57535E+05  3.34007E-02
  4.77000E+01  2.56442E+05  3.32590E-02
  4.77600E+01  2.55355E+05  3.31180E-02
  4.78200E+01  2.54274E+05  3.29777E-02
  4.78800E+01  2.53198E+05  3.28382E-02
  4.79400E+01  2.52128E+05  3.26994E-02
  4.80000E+01  2.51063E+05  3.25613E-02
  4.80600E+01  2.50004E+05  3.24239E-02
  4.81200E+01  2.48950E+05  3.22873E-02
  4.81800E+01  2.47902E+05  3.21513E-02
  4.82400E+01  2.46859E+05  3.20161E-02
  4.83000E+01  2.45822E+05  3.18815E-02
  4.83600E+01  2.44790E+05  3.17477E-02
  4.84200E+01  2.43763E+05  3.16146E-02
  4.84800E+01  2.42742E+05  3.14821E-02
  4.85400E+01  2.41726E+05  3.13503E-02
  4.86000E+01  2.40715E+05  3.12192E-02
  4.86600E+01  2.39710E+05  3.10888E-02
  4.87200E+01  2.38709E+05  3.09591E-02
  4.87800E+01  2.37714E+05  3.08300E-02
  4.88400E+01  2.36724E+05  3.07016E-02
  4.89000E+01  2.35739E+05  3.05738E-02
  4.89600E+01  2.34759E+05  3.04467E-02
  4.90200E+01  2.33784E+05  3.03203E-02
  4.90800E+01  2.32814E+05  3.01945E-02
  4.91400E+01  2.31849E+05  3.00694E-02
  4.92000E+01  2.30889E+05  2.99448E-02
  4.92600E+01  2.29934E+05  2.98210E-02
  4.93200E+01  2.28983E+05  2.96977E-02
  4.93800E+01  2.28038E+05  2.95751E-02
  4.94400E+01  2.27097E+05  2.94531E-02
  4.95000E+01  2.26162E+05  2.93317E-02
  4.95600E+01  2.25231E+05  2.92110E-02
  4.96200E+01  2.24304E+05  2.90909E-02
  4.96800E+01  2.23383E+05  2.89713E-02
  4.97400E+01  2.22466E+05  2.88524E-02
  4.98000E+01  2.21553E+05  2.87341E-02
  4.98600E+01  2.20646E+05  2.86164E-02
  4.99200E+01  2.19743E+05  2.84992E-02
  4.99800E+01  2.18844E+05  2.83827E-02
  5.00400E+01  2.17950E+05  2.82668E-02
  5.01000E+01  2.17061E+05  2.81514E-02
  5.01600E+01  2.16175E+05  2.80366E-02
  5.02200E+01  2.15295E+05  2.79224E-02
  5.02800E+01  2.14419E+05  2.78088E-02
  5.03400E+01  2.13547E+05  2.76957E-02
  5.04000E+01  2.12680E+05  2.75832E-02
  5.04600E+01  2.11817E+05  2.74713E-02
  5.05200E+01  2.10958E+05  2.73599E-02
  5.05800E+01  2.10104E+05  2.72491E-02
  5.06400E+01  2.09254E+05  2.71389E-02
  5.07000E+01  2.08408E+05  2.70292E-02
  5.07600E+01  2.07566E+05  2.69200E-02
  5.08200E+01  2.06729E+05  2.68114E-02
  5.08800E+01  2.05895E+05  2.67033E-02
  5.09400E+01  2.05066E+05  2.65958E-02
  5.10000E+01  2.04241E+05  2.64888E-02
  5.10600E+01  2.03420E+05  2.63823E-02
  5.11200E+01  2.02603E+05  2.62764E-02
  5.11800E+01  2.01791E+05  2.61710E-02
  5.12400E+01  2.00982E+05  2.60661E-02
  5.13000E+01  2.00177E+05  2.59617E-02
  5.13600E+01  1.99376E+05  2.58579E-02
  5.14200E+01  1.98580E+05  2.57545E-02
  5.14800E+01  1.97787E+05  2.56517E-02
  5.15400E+01  1.96998E+05  2.55494E-02
  5.16000E+01  1.96213E+05  2.54476E-02
  5.16600E+01  1.95432E+05  2.53462E-02
  5.17200E+01  1.94654E+05  2.52454E-02
  5.17800E+01  1.93881E+05  2.51451E-02
  5.18400E+01  1.93111E+05  2.50453E-02
  5.19000E+01  1.92345E+05  2.49459E-02
  5.19600E+01  1.91583E+05  2.48471E-02
  5.20200E+01  1.90824E+05  2.47487E-02
  5.20800E+01  1.90070E+05  2.46508E-02
  5.21400E+01  1.89318E+05  2.45534E-02
  5.22000E+01  1.88571E+05  2.44565E-02
  5.22600E+01  1.87827E+05  2.43600E-02
  5.23200E+01  1.87087E+05  2.42640E-02
  5.23800E+01  1.86351E+05  2.41685E-02
  5.24400E+01  1.85618E+05  2.40735E-02
  5.25000E+01  1.84888E+05  2.39789E-02
  5.25600E+01  1.84163E+05  2.38847E-02
  5.26200E+01  1.83440E+05  2.37910E-02
  5.26800E+01  1.82721E+05  2.36978E-02
  5.27400E+01  1.82006E+05  2.36050E-02
  5.28000E+01  1.81294E+05  2.35127E-02
  5.28600E+01  1.80586E+05  2.34208E-02
  5.29200E+01  1.79881E+05  2.33294E-02
  5.29800E+01  1.79179E+05  2.32384E-02
  5.30400E+01  1.78481E+05  2.31479E-02
  5.31000E+01  1.77786E+05  2.30577E-02
  5.31600E+01  1.77095E+05  2.29681E-02
  5.32200E+01  1.76406E+05  2.28788E-02
  5.32800E+01  1.75721E+05  2.27900E-02
  5.33400E+01  1.75040E+05  2.27016E-02
  5.34000E+01  1.74362E+05  2.26136E-02
  5.34600E+01  1.73687E+05  2.25261E-02
  5.35200E+01  1.73015E+05  2.24389E-02
  5.35800E+01  1.72346E+05  2.23522E-02
  5.36400E+01  1.71681E+05  2.22659E-02
  5.37000E+01  1.71018E+05  2.21800E-02
  5.37600E+01  1.70359E+05  2.20945E-02
  5.38200E+01  1.69703E+05  2.20095E-02
  5.38800E+01  1.69050E+05  2.19248E-02
  5.39400E+01  1.68401E+05  2.18405E-02
  5.40000E+01  1.67754E+05  2.17567E-02
  5.40600E+01  1.67111E+05  2.16732E-02
  5.41200E+01  1.66470E+05  2.15901E-02
  5.41800E+01  1.65833E+05  2.15075E-02
  5.42400E+01  1.65198E+05  2.14252E-02
  5.43000E+01  1.64567E+05  2.13433E-02
  5.43600E+01  1.63938E+05  2.12618E-02
  5.44200E+01  1.63313E+05  2.11806E-02
  5.44800E+01  1.62690E+05  2.10999E-02
  5.45400E+01  1.62071E+05  2.10195E-02
  5.46000E+01  1.61454E+05  2.09396E-02
  5.46600E+01  1.60840E+05  2.08600E-02
  5.47200E+01  1.60229E+05  2.07807E-02
  5.47800E+01  1.59621E+05  2.07019E-02
  5.48400E+01  1.59016E+05  2.06234E-02
  5.49000E+01  1.58414E+05  2.05453E-02
  5.49600E+01  1.57814E+05  2.04675E-02
  5.50200E+01  1.57218E+05  2.03901E-02
  5.50800E+01  1.56624E+05  2.03131E-02
  5.51400E+01  1.56033E+05  2.02364E-02
  5.52000E+01  1.55444E+05  2.01601E-02
  5.52600E+01  1.54859E+05  2.00842E-02
  5.53200E+01  1.54276E+05  2.00086E-02
  5.53800E+01  1.53696E+05  1.99333E-02
  5.54400E+01  1.53118E+05  1.98584E-02
  5.55000E+01  1.52543E+05  1.97839E-02
  5.55600E+01  1.51971E+05  1.97097E-02
  5.56200E+01  1.51402E+05  1.96358E-02
  5.56800E+01  1.50835E+05  1.95623E-02
  5.57400E+01  1.50271E+05  1.94892E-02
  5.58000E+01  1.49709E+05  1.94163E-02
  5.58600E+01  1.49150E+05  1.93438E-02
  5.59200E+01  1.48594E+05  1.92717E-02
  5.59800E+01  1.48040E+05  1.91998E-02
  5.60400E+01  1.47489E+05  1.91283E-02
  5.61000E+01  1.46940E+05  1.90572E-02
  5.61600E+01  1.46394E+05  1.89863E-02
  5.62200E+01  1.45850E+05  1.89158E-02
  5.62800E+01  1.45309E+05  1.88456E-02
  5.63400E+01  1.44770E+05  1.87758E-02
  5.64000E+01  1.44234E+05  1.87062E-02
  5.64600E+01  1.43700E+05  1.86370E-02
  5.65200E+01  1.43169E+05  1.85681E-02
  5.65800E+01  1.42640E+05  1.84995E-02
  5.66400E+01  1.42113E+05  1.84312E-02
  5.67000E+01  1.41589E+05  1.83632E-02
  5.67600E+01  1.41068E+05  1.82956E-02
  5.68200E+01  1.40548E+05  1.82282E-02
  5.68800E+01  1.40031E+05  1.81612E-02
  5.69400E+01  1.39517E+05  1.80945E-02
  5.70000E+01  1.39005E+05  1.80280E-02
  5.70600E+01  1.38495E+05  1.79619E-02
  5.71200E+01  1.37987E+05  1.78961E-02
  5.71800E+01  1.37482E+05  1.78305E-02
  5.72400E+01  1.36979E+05  1.77653E-02
  5.73000E+01  1.36478E+05  1.77004E-02
  5.73600E+01  1.35980E+05  1.76357E-02
  5.74200E+01  1.35483E+05  1.75714E-02
  5.74800E+01  1.34990E+05  1.75073E-02
  5.75400E+01  1.34498E+05  1.74435E-02
  5.76000E+01  1.34008E+05  1.73800E-02
  5.76600E+01  1.33521E+05  1.73168E-02
  5.77200E+01  1.33036E+05  1.72539E-02
  5.77800E+01  1.32553E+05  1.71913E-02
  5.78400E+01  1.32072E+05  1.71289E-02
  5.79000E+01  1.31594E+05  1.70669E-02
  5.79600E+01  1.31117E+05  1.70051E-02
  5.80200E+01  1.30643E+05  1.69436E-02
  5.80800E+01  1.30171E+05  1.68823E-02
  5.81400E+01  1.29701E+05  1.68214E-02
  5.82000E+01  1.29233E+05  1.67607E-02
  5.82600E+01  1.28767E+05  1.67003E-02
  5.83200E+01  1.28303E+05  1.66401E-02
  5.83800E+01  1.27841E+05  1.65802E-02
  5.84400E+01  1.27382E+05  1.65206E-02
  5.85000E+01  1.26924E+05  1.64613E-02
  5.85600E+01  1.26469E+05  1.64022E-02
  5.86200E+01  1.26015E+05  1.63434E-02
  5.86800E+01  1.25564E+05  1.62848E-02
  5.87400E+01  1.25114E+05  1.62265E-02
  5.88000E+01  1.24667E+05  1.61685E-02
  5.88600E+01  1.24221E+05  1.61107E-02
  5.89200E+01  1.23777E+05  1.60532E-02
  5.89800E+01  1.23336E+05  1.59959E-02
  5.90400E+01  1.22896E+05  1.59389E-02
  5.91000E+01  1.22458E+05  1.58821E-02
  5.91600E+01  1.22023E+05  1.58256E-02
  5.92200E+01  1.21589E+05  1.57693E-02
  5.92800E+01  1.21157E+05  1.57133E-02
  5.93400E+01  1.20727E+05  1.56575E-02
  5.94000E+01  1.20299E+05  1.56020E-02
  5.94600E+01  1.19872E+05  1.55467E-02
  5.95200E+01  1.19448E+05  1.54917E-02
  5.95800E+01  1.19026E+05  1.54369E-02
  5.96400E+01  1.18605E+05  1.53823E-02
  5.97000E+01  1.18186E+05  1.53280E-02
  5.97600E+01  1.17769E+05  1.52739E-02
  5.98200E+01  1.17354E+05  1.52200E-02
  5.98800E+01  1.16940E+05  1.51664E-02
  5.99400E+01  1.16529E+05  1.51131E-02
  6.00000E+01  1.16119E+05  1.50599E-02
