 lamda  B B_N
  1.00000E-02  0.00000E+00  0.00000E+00
  2.00000E-02  0.00000E+00  0.00000E+00
  3.00000E-02  9.65182E-14  3.02710E-27
  4.00000E-02  1.08729E-05  3.41008E-19
  5.00000E-02  5.72343E-01  1.79504E-14
  6.00000E-02  6.79710E+02  2.13177E-11
  7.00000E-02  9.47482E+04  2.97159E-09
  8.00000E-02  3.51436E+06  1.10221E-07
  9.00000E-02  5.44698E+07  1.70833E-06
  1.00000E-01  4.61557E+08  1.44758E-05
  1.10000E-01  2.53386E+09  7.94693E-05
  1.20000E-01  1.00834E+10  3.16245E-04
  1.30000E-01  3.14205E+10  9.85440E-04
  1.40000E-01  8.09772E+10  2.53969E-03
  1.50000E-01  1.79615E+11  5.63326E-03
  1.60000E-01  3.53200E+11  1.10774E-02
  1.70000E-01  6.29738E+11  1.97505E-02
  1.80000E-01  1.03584E+12  3.24872E-02
  1.90000E-01  1.59340E+12  4.99739E-02
  2.00000E-01  2.31706E+12  7.26700E-02
  2.10000E-01  3.21286E+12  1.00765E-01
  2.20000E-01  4.27799E+12  1.34171E-01
  2.30000E-01  5.50154E+12  1.72545E-01
  2.40000E-01  6.86582E+12  2.15333E-01
  2.50000E-01  8.34809E+12  2.61821E-01
  2.60000E-01  9.92233E+12  3.11194E-01
  2.70000E-01  1.15610E+13  3.62587E-01
  2.80000E-01  1.32363E+13  4.15130E-01
  2.90000E-01  1.49217E+13  4.67989E-01
  3.00000E-01  1.65925E+13  5.20391E-01
  3.10000E-01  1.82267E+13  5.71642E-01
  3.20000E-01  1.98050E+13  6.21144E-01
  3.30000E-01  2.13114E+13  6.68390E-01
  3.40000E-01  2.27330E+13  7.12974E-01
  3.50000E-01  2.40596E+13  7.54580E-01
  3.60000E-01  2.52840E+13  7.92981E-01
  3.70000E-01  2.64013E+13  8.28023E-01
  3.80000E-01  2.74089E+13  8.59625E-01
  3.90000E-01  2.83061E+13  8.87765E-01
  4.00000E-01  2.90938E+13  9.12467E-01
  4.10000E-01  2.97740E+13  9.33803E-01
  4.20000E-01  3.03502E+13  9.51872E-01
  4.30000E-01  3.08263E+13  9.66805E-01
  4.40000E-01  3.12071E+13  9.78749E-01
  4.50000E-01  3.14978E+13  9.87866E-01
  4.60000E-01  3.17039E+13  9.94329E-01
  4.70000E-01  3.18310E+13  9.98314E-01
  4.80000E-01  3.18847E+13  1.00000E+00
  4.90000E-01  3.18709E+13  9.99566E-01
  5.00000E-01  3.17950E+13  9.97186E-01
  5.10000E-01  3.16625E+13  9.93031E-01
  5.20000E-01  3.14787E+13  9.87265E-01
  5.30000E-01  3.12485E+13  9.80046E-01
  5.40000E-01  3.09767E+13  9.71522E-01
  5.50000E-01  3.06678E+13  9.61835E-01
  5.60000E-01  3.03261E+13  9.51117E-01
  5.70000E-01  2.99554E+13  9.39492E-01
  5.80000E-01  2.95596E+13  9.27076E-01
  5.90000E-01  2.91419E+13  9.13976E-01
  6.00000E-01  2.87055E+13  9.00291E-01
  6.10000E-01  2.82534E+13  8.86111E-01
  6.20000E-01  2.77882E+13  8.71522E-01
  6.30000E-01  2.73125E+13  8.56600E-01
  6.40000E-01  2.68282E+13  8.41414E-01
  6.50000E-01  2.63376E+13  8.26027E-01
  6.60000E-01  2.58425E+13  8.10498E-01
  6.70000E-01  2.53445E+13  7.94879E-01
  6.80000E-01  2.48451E+13  7.79216E-01
  6.90000E-01  2.43456E+13  7.63552E-01
  7.00000E-01  2.38473E+13  7.47923E-01
  7.10000E-01  2.33512E+13  7.32365E-01
  7.20000E-01  2.28583E+13  7.16906E-01
  7.30000E-01  2.23695E+13  7.01573E-01
  7.40000E-01  2.18853E+13  6.86389E-01
  7.50000E-01  2.14066E+13  6.71374E-01
  7.60000E-01  2.09338E+13  6.56547E-01
  7.70000E-01  2.04675E+13  6.41921E-01
  7.80000E-01  2.00080E+13  6.27511E-01
  7.90000E-01  1.95558E+13  6.13327E-01
  8.00000E-01  1.91110E+13  5.99378E-01
  8.10000E-01  1.86740E+13  5.85672E-01
  8.20000E-01  1.82449E+13  5.72215E-01
  8.30000E-01  1.78239E+13  5.59012E-01
  8.40000E-01  1.74112E+13  5.46066E-01
  8.50000E-01  1.70067E+13  5.33380E-01
  8.60000E-01  1.66105E+13  5.20956E-01
  8.70000E-01  1.62227E+13  5.08793E-01
  8.80000E-01  1.58433E+13  4.96892E-01
  8.90000E-01  1.54721E+13  4.85253E-01
  9.00000E-01  1.51093E+13  4.73873E-01
  9.10000E-01  1.47547E+13  4.62751E-01
  9.20000E-01  1.44082E+13  4.51885E-01
  9.30000E-01  1.40698E+13  4.41272E-01
  9.40000E-01  1.37394E+13  4.30909E-01
  9.50000E-01  1.34168E+13  4.20792E-01
  9.60000E-01  1.31020E+13  4.10918E-01
  9.70000E-01  1.27948E+13  4.01283E-01
  9.80000E-01  1.24951E+13  3.91883E-01
  9.90000E-01  1.22027E+13  3.82713E-01
  1.00000E+00  1.19176E+13  3.73770E-01
  1.01000E+00  1.16395E+13  3.65050E-01
  1.02000E+00  1.13684E+13  3.56546E-01
  1.03000E+00  1.11040E+13  3.48256E-01
  1.04000E+00  1.08463E+13  3.40174E-01
  1.05000E+00  1.05952E+13  3.32296E-01
  1.06000E+00  1.03503E+13  3.24617E-01
  1.07000E+00  1.01117E+13  3.17134E-01
  1.08000E+00  9.87917E+12  3.09840E-01
  1.09000E+00  9.65253E+12  3.02732E-01
  1.10000E+00  9.43168E+12  2.95806E-01
  1.11000E+00  9.21646E+12  2.89056E-01
  1.12000E+00  9.00675E+12  2.82478E-01
  1.13000E+00  8.80239E+12  2.76069E-01
  1.14000E+00  8.60326E+12  2.69824E-01
  1.15000E+00  8.40923E+12  2.63739E-01
  1.16000E+00  8.22016E+12  2.57809E-01
  1.17000E+00  8.03592E+12  2.52030E-01
  1.18000E+00  7.85639E+12  2.46400E-01
  1.19000E+00  7.68144E+12  2.40913E-01
  1.20000E+00  7.51097E+12  2.35566E-01
  1.21000E+00  7.34483E+12  2.30356E-01
  1.22000E+00  7.18292E+12  2.25278E-01
  1.23000E+00  7.02513E+12  2.20329E-01
  1.24000E+00  6.87135E+12  2.15506E-01
  1.25000E+00  6.72147E+12  2.10805E-01
  1.26000E+00  6.57538E+12  2.06224E-01
  1.27000E+00  6.43298E+12  2.01757E-01
  1.28000E+00  6.29417E+12  1.97404E-01
  1.29000E+00  6.15886E+12  1.93160E-01
  1.30000E+00  6.02695E+12  1.89023E-01
  1.31000E+00  5.89834E+12  1.84989E-01
  1.32000E+00  5.77295E+12  1.81057E-01
  1.33000E+00  5.65068E+12  1.77222E-01
  1.34000E+00  5.53146E+12  1.73483E-01
  1.35000E+00  5.41520E+12  1.69837E-01
  1.36000E+00  5.30182E+12  1.66281E-01
  1.37000E+00  5.19124E+12  1.62813E-01
  1.38000E+00  5.08338E+12  1.59430E-01
  1.39000E+00  4.97818E+12  1.56131E-01
  1.40000E+00  4.87555E+12  1.52912E-01
  1.41000E+00  4.77543E+12  1.49772E-01
  1.42000E+00  4.67775E+12  1.46708E-01
  1.43000E+00  4.58244E+12  1.43719E-01
  1.44000E+00  4.48944E+12  1.40802E-01
  1.45000E+00  4.39869E+12  1.37956E-01
  1.46000E+00  4.31012E+12  1.35178E-01
  1.47000E+00  4.22368E+12  1.32467E-01
  1.48000E+00  4.13931E+12  1.29821E-01
  1.49000E+00  4.05695E+12  1.27238E-01
  1.50000E+00  3.97655E+12  1.24716E-01
  1.51000E+00  3.89805E+12  1.22255E-01
  1.52000E+00  3.82141E+12  1.19851E-01
  1.53000E+00  3.74658E+12  1.17504E-01
  1.54000E+00  3.67350E+12  1.15212E-01
  1.55000E+00  3.60213E+12  1.12974E-01
  1.56000E+00  3.53243E+12  1.10788E-01
  1.57000E+00  3.46435E+12  1.08652E-01
  1.58000E+00  3.39784E+12  1.06566E-01
  1.59000E+00  3.33287E+12  1.04529E-01
  1.60000E+00  3.26940E+12  1.02538E-01
  1.61000E+00  3.20738E+12  1.00593E-01
  1.62000E+00  3.14678E+12  9.86925E-02
  1.63000E+00  3.08756E+12  9.68352E-02
  1.64000E+00  3.02969E+12  9.50201E-02
  1.65000E+00  2.97312E+12  9.32460E-02
  1.66000E+00  2.91783E+12  9.15120E-02
  1.67000E+00  2.86379E+12  8.98169E-02
  1.68000E+00  2.81095E+12  8.81598E-02
  1.69000E+00  2.75929E+12  8.65397E-02
  1.70000E+00  2.70879E+12  8.49556E-02
  1.71000E+00  2.65940E+12  8.34066E-02
  1.72000E+00  2.61110E+12  8.18918E-02
  1.73000E+00  2.56386E+12  8.04104E-02
  1.74000E+00  2.51766E+12  7.89615E-02
  1.75000E+00  2.47248E+12  7.75442E-02
  1.76000E+00  2.42827E+12  7.61578E-02
  1.77000E+00  2.38503E+12  7.48015E-02
  1.78000E+00  2.34272E+12  7.34745E-02
  1.79000E+00  2.30132E+12  7.21762E-02
  1.80000E+00  2.26081E+12  7.09057E-02
  1.81000E+00  2.22117E+12  6.96624E-02
  1.82000E+00  2.18237E+12  6.84456E-02
  1.83000E+00  2.14440E+12  6.72547E-02
  1.84000E+00  2.10723E+12  6.60890E-02
  1.85000E+00  2.07085E+12  6.49479E-02
  1.86000E+00  2.03523E+12  6.38308E-02
  1.87000E+00  2.00036E+12  6.27371E-02
  1.88000E+00  1.96621E+12  6.16663E-02
  1.89000E+00  1.93278E+12  6.06177E-02
  1.90000E+00  1.90004E+12  5.95909E-02
  1.91000E+00  1.86798E+12  5.85853E-02
  1.92000E+00  1.83657E+12  5.76004E-02
  1.93000E+00  1.80581E+12  5.66357E-02
  1.94000E+00  1.77568E+12  5.56908E-02
  1.95000E+00  1.74617E+12  5.47650E-02
  1.96000E+00  1.71725E+12  5.38581E-02
  1.97000E+00  1.68892E+12  5.29696E-02
  1.98000E+00  1.66116E+12  5.20989E-02
  1.99000E+00  1.63396E+12  5.12458E-02
  2.00000E+00  1.60730E+12  5.04097E-02
  2.01000E+00  1.58117E+12  4.95904E-02
  2.02000E+00  1.55557E+12  4.87873E-02
  2.03000E+00  1.53047E+12  4.80001E-02
  2.04000E+00  1.50587E+12  4.72285E-02
  2.05000E+00  1.48175E+12  4.64721E-02
  2.06000E+00  1.45810E+12  4.57305E-02
  2.07000E+00  1.43492E+12  4.50034E-02
  2.08000E+00  1.41219E+12  4.42905E-02
  2.09000E+00  1.38990E+12  4.35914E-02
  2.10000E+00  1.36804E+12  4.29058E-02
  2.11000E+00  1.34660E+12  4.22335E-02
  2.12000E+00  1.32558E+12  4.15740E-02
  2.13000E+00  1.30495E+12  4.09272E-02
  2.14000E+00  1.28472E+12  4.02928E-02
  2.15000E+00  1.26488E+12  3.96704E-02
  2.16000E+00  1.24541E+12  3.90598E-02
  2.17000E+00  1.22631E+12  3.84607E-02
  2.18000E+00  1.20757E+12  3.78729E-02
  2.19000E+00  1.18918E+12  3.72962E-02
  2.20000E+00  1.17113E+12  3.67302E-02
  2.21000E+00  1.15342E+12  3.61748E-02
  2.22000E+00  1.13604E+12  3.56297E-02
  2.23000E+00  1.11898E+12  3.50947E-02
  2.24000E+00  1.10224E+12  3.45696E-02
  2.25000E+00  1.08581E+12  3.40541E-02
  2.26000E+00  1.06967E+12  3.35481E-02
  2.27000E+00  1.05383E+12  3.30513E-02
  2.28000E+00  1.03828E+12  3.25635E-02
  2.29000E+00  1.02301E+12  3.20847E-02
  2.30000E+00  1.00802E+12  3.16144E-02
  2.31000E+00  9.93295E+11  3.11527E-02
  2.32000E+00  9.78837E+11  3.06992E-02
  2.33000E+00  9.64638E+11  3.02539E-02
  2.34000E+00  9.50692E+11  2.98165E-02
  2.35000E+00  9.36995E+11  2.93869E-02
  2.36000E+00  9.23540E+11  2.89650E-02
  2.37000E+00  9.10324E+11  2.85505E-02
  2.38000E+00  8.97340E+11  2.81433E-02
  2.39000E+00  8.84584E+11  2.77432E-02
  2.40000E+00  8.72052E+11  2.73502E-02
  2.41000E+00  8.59739E+11  2.69640E-02
  2.42000E+00  8.47639E+11  2.65845E-02
  2.43000E+00  8.35750E+11  2.62116E-02
  2.44000E+00  8.24065E+11  2.58451E-02
  2.45000E+00  8.12583E+11  2.54850E-02
  2.46000E+00  8.01297E+11  2.51311E-02
  2.47000E+00  7.90205E+11  2.47832E-02
  2.48000E+00  7.79302E+11  2.44412E-02
  2.49000E+00  7.68585E+11  2.41051E-02
  2.50000E+00  7.58049E+11  2.37747E-02
  2.51000E+00  7.47691E+11  2.34498E-02
  2.52000E+00  7.37508E+11  2.31305E-02
  2.53000E+00  7.27496E+11  2.28165E-02
  2.54000E+00  7.17652E+11  2.25077E-02
  2.55000E+00  7.07972E+11  2.22041E-02
  2.56000E+00  6.98453E+11  2.19056E-02
  2.57000E+00  6.89093E+11  2.16120E-02
  2.58000E+00  6.79887E+11  2.13233E-02
  2.59000E+00  6.70833E+11  2.10393E-02
  2.60000E+00  6.61927E+11  2.07600E-02
  2.61000E+00  6.53168E+11  2.04853E-02
  2.62000E+00  6.44552E+11  2.02151E-02
  2.63000E+00  6.36076E+11  1.99492E-02
  2.64000E+00  6.27737E+11  1.96877E-02
  2.65000E+00  6.19534E+11  1.94304E-02
  2.66000E+00  6.11463E+11  1.91773E-02
  2.67000E+00  6.03522E+11  1.89283E-02
  2.68000E+00  5.95709E+11  1.86832E-02
  2.69000E+00  5.88020E+11  1.84421E-02
  2.70000E+00  5.80454E+11  1.82048E-02
  2.71000E+00  5.73008E+11  1.79712E-02
  2.72000E+00  5.65681E+11  1.77414E-02
  2.73000E+00  5.58469E+11  1.75152E-02
  2.74000E+00  5.51371E+11  1.72926E-02
  2.75000E+00  5.44384E+11  1.70735E-02
  2.76000E+00  5.37507E+11  1.68578E-02
  2.77000E+00  5.30737E+11  1.66455E-02
  2.78000E+00  5.24072E+11  1.64365E-02
  2.79000E+00  5.17512E+11  1.62307E-02
  2.80000E+00  5.11052E+11  1.60281E-02
  2.81000E+00  5.04693E+11  1.58287E-02
  2.82000E+00  4.98431E+11  1.56323E-02
  2.83000E+00  4.92265E+11  1.54389E-02
  2.84000E+00  4.86194E+11  1.52485E-02
  2.85000E+00  4.80215E+11  1.50610E-02
  2.86000E+00  4.74327E+11  1.48763E-02
  2.87000E+00  4.68529E+11  1.46945E-02
  2.88000E+00  4.62818E+11  1.45154E-02
  2.89000E+00  4.57193E+11  1.43389E-02
  2.90000E+00  4.51653E+11  1.41652E-02
  2.91000E+00  4.46197E+11  1.39941E-02
  2.92000E+00  4.40821E+11  1.38255E-02
  2.93000E+00  4.35526E+11  1.36594E-02
  2.94000E+00  4.30309E+11  1.34958E-02
  2.95000E+00  4.25170E+11  1.33346E-02
  2.96000E+00  4.20107E+11  1.31758E-02
  2.97000E+00  4.15118E+11  1.30194E-02
  2.98000E+00  4.10203E+11  1.28652E-02
  2.99000E+00  4.05360E+11  1.27133E-02
  3.00000E+00  4.00588E+11  1.25636E-02
  3.01000E+00  3.95885E+11  1.24161E-02
  3.02000E+00  3.91251E+11  1.22708E-02
  3.03000E+00  3.86684E+11  1.21275E-02
  3.04000E+00  3.82182E+11  1.19864E-02
  3.05000E+00  3.77746E+11  1.18472E-02
  3.06000E+00  3.73374E+11  1.17101E-02
  3.07000E+00  3.69064E+11  1.15749E-02
  3.08000E+00  3.64816E+11  1.14417E-02
  3.09000E+00  3.60628E+11  1.13104E-02
  3.10000E+00  3.56500E+11  1.11809E-02
  3.11000E+00  3.52431E+11  1.10533E-02
  3.12000E+00  3.48419E+11  1.09275E-02
  3.13000E+00  3.44464E+11  1.08034E-02
  3.14000E+00  3.40564E+11  1.06811E-02
  3.15000E+00  3.36719E+11  1.05605E-02
  3.16000E+00  3.32928E+11  1.04416E-02
  3.17000E+00  3.29190E+11  1.03244E-02
  3.18000E+00  3.25503E+11  1.02088E-02
  3.19000E+00  3.21868E+11  1.00947E-02
  3.20000E+00  3.18283E+11  9.98232E-03
  3.21000E+00  3.14748E+11  9.87144E-03
  3.22000E+00  3.11262E+11  9.76209E-03
  3.23000E+00  3.07823E+11  9.65424E-03
  3.24000E+00  3.04431E+11  9.54787E-03
  3.25000E+00  3.01086E+11  9.44295E-03
  3.26000E+00  2.97786E+11  9.33947E-03
  3.27000E+00  2.94531E+11  9.23739E-03
  3.28000E+00  2.91321E+11  9.13669E-03
  3.29000E+00  2.88153E+11  9.03735E-03
  3.30000E+00  2.85029E+11  8.93935E-03
  3.31000E+00  2.81946E+11  8.84267E-03
  3.32000E+00  2.78905E+11  8.74729E-03
  3.33000E+00  2.75904E+11  8.65319E-03
  3.34000E+00  2.72944E+11  8.56033E-03
  3.35000E+00  2.70023E+11  8.46872E-03
  3.36000E+00  2.67140E+11  8.37832E-03
  3.37000E+00  2.64296E+11  8.28912E-03
  3.38000E+00  2.61490E+11  8.20109E-03
  3.39000E+00  2.58720E+11  8.11423E-03
  3.40000E+00  2.55987E+11  8.02851E-03
  3.41000E+00  2.53289E+11  7.94391E-03
  3.42000E+00  2.50627E+11  7.86042E-03
  3.43000E+00  2.48000E+11  7.77801E-03
  3.44000E+00  2.45407E+11  7.69668E-03
  3.45000E+00  2.42847E+11  7.61641E-03
  3.46000E+00  2.40320E+11  7.53717E-03
  3.47000E+00  2.37827E+11  7.45895E-03
  3.48000E+00  2.35365E+11  7.38174E-03
  3.49000E+00  2.32935E+11  7.30553E-03
  3.50000E+00  2.30536E+11  7.23029E-03
  3.51000E+00  2.28167E+11  7.15601E-03
  3.52000E+00  2.25829E+11  7.08268E-03
  3.53000E+00  2.23521E+11  7.01029E-03
  3.54000E+00  2.21242E+11  6.93881E-03
  3.55000E+00  2.18992E+11  6.86823E-03
  3.56000E+00  2.16770E+11  6.79855E-03
  3.57000E+00  2.14576E+11  6.72975E-03
  3.58000E+00  2.12410E+11  6.66180E-03
  3.59000E+00  2.10271E+11  6.59472E-03
  3.60000E+00  2.08158E+11  6.52847E-03
  3.61000E+00  2.06072E+11  6.46304E-03
  3.62000E+00  2.04012E+11  6.39843E-03
  3.63000E+00  2.01978E+11  6.33463E-03
  3.64000E+00  1.99968E+11  6.27161E-03
  3.65000E+00  1.97984E+11  6.20937E-03
  3.66000E+00  1.96024E+11  6.14790E-03
  3.67000E+00  1.94088E+11  6.08718E-03
  3.68000E+00  1.92176E+11  6.02721E-03
  3.69000E+00  1.90287E+11  5.96797E-03
  3.70000E+00  1.88421E+11  5.90946E-03
  3.71000E+00  1.86578E+11  5.85165E-03
  3.72000E+00  1.84758E+11  5.79455E-03
  3.73000E+00  1.82959E+11  5.73815E-03
  3.74000E+00  1.81182E+11  5.68242E-03
  3.75000E+00  1.79427E+11  5.62736E-03
  3.76000E+00  1.77693E+11  5.57297E-03
  3.77000E+00  1.75979E+11  5.51924E-03
  3.78000E+00  1.74286E+11  5.46614E-03
  3.79000E+00  1.72614E+11  5.41368E-03
  3.80000E+00  1.70961E+11  5.36185E-03
  3.81000E+00  1.69328E+11  5.31063E-03
  3.82000E+00  1.67714E+11  5.26002E-03
  3.83000E+00  1.66120E+11  5.21001E-03
  3.84000E+00  1.64544E+11  5.16059E-03
  3.85000E+00  1.62987E+11  5.11175E-03
  3.86000E+00  1.61448E+11  5.06349E-03
  3.87000E+00  1.59927E+11  5.01579E-03
  3.88000E+00  1.58424E+11  4.96865E-03
  3.89000E+00  1.56939E+11  4.92207E-03
  3.90000E+00  1.55471E+11  4.87602E-03
  3.91000E+00  1.54020E+11  4.83051E-03
  3.92000E+00  1.52585E+11  4.78553E-03
  3.93000E+00  1.51168E+11  4.74107E-03
  3.94000E+00  1.49766E+11  4.69712E-03
  3.95000E+00  1.48381E+11  4.65368E-03
  3.96000E+00  1.47012E+11  4.61073E-03
  3.97000E+00  1.45658E+11  4.56828E-03
  3.98000E+00  1.44320E+11  4.52632E-03
  3.99000E+00  1.42998E+11  4.48483E-03
  4.00000E+00  1.41690E+11  4.44382E-03
  4.01000E+00  1.40397E+11  4.40328E-03
  4.02000E+00  1.39119E+11  4.36319E-03
  4.03000E+00  1.37855E+11  4.32355E-03
  4.04000E+00  1.36606E+11  4.28437E-03
  4.05000E+00  1.35371E+11  4.24563E-03
  4.06000E+00  1.34149E+11  4.20732E-03
  4.07000E+00  1.32941E+11  4.16944E-03
  4.08000E+00  1.31747E+11  4.13198E-03
  4.09000E+00  1.30566E+11  4.09495E-03
  4.10000E+00  1.29399E+11  4.05832E-03
  4.11000E+00  1.28244E+11  4.02211E-03
  4.12000E+00  1.27102E+11  3.98629E-03
  4.13000E+00  1.25973E+11  3.95088E-03
  4.14000E+00  1.24856E+11  3.91585E-03
  4.15000E+00  1.23751E+11  3.88121E-03
  4.16000E+00  1.22659E+11  3.84695E-03
  4.17000E+00  1.21579E+11  3.81307E-03
  4.18000E+00  1.20510E+11  3.77955E-03
  4.19000E+00  1.19453E+11  3.74641E-03
  4.20000E+00  1.18408E+11  3.71362E-03
  4.21000E+00  1.17374E+11  3.68119E-03
  4.22000E+00  1.16351E+11  3.64912E-03
  4.23000E+00  1.15339E+11  3.61739E-03
  4.24000E+00  1.14339E+11  3.58601E-03
  4.25000E+00  1.13349E+11  3.55496E-03
  4.26000E+00  1.12370E+11  3.52425E-03
  4.27000E+00  1.11401E+11  3.49386E-03
  4.28000E+00  1.10443E+11  3.46381E-03
  4.29000E+00  1.09494E+11  3.43407E-03
  4.30000E+00  1.08557E+11  3.40466E-03
  4.31000E+00  1.07629E+11  3.37555E-03
  4.32000E+00  1.06710E+11  3.34676E-03
  4.33000E+00  1.05802E+11  3.31827E-03
  4.34000E+00  1.04903E+11  3.29008E-03
  4.35000E+00  1.04014E+11  3.26219E-03
  4.36000E+00  1.03134E+11  3.23460E-03
  4.37000E+00  1.02264E+11  3.20729E-03
  4.38000E+00  1.01402E+11  3.18027E-03
  4.39000E+00  1.00550E+11  3.15354E-03
  4.40000E+00  9.97062E+10  3.12708E-03
  4.41000E+00  9.88714E+10  3.10090E-03
  4.42000E+00  9.80454E+10  3.07500E-03
  4.43000E+00  9.72280E+10  3.04936E-03
  4.44000E+00  9.64190E+10  3.02399E-03
  4.45000E+00  9.56184E+10  2.99888E-03
  4.46000E+00  9.48261E+10  2.97403E-03
  4.47000E+00  9.40419E+10  2.94944E-03
  4.48000E+00  9.32658E+10  2.92509E-03
  4.49000E+00  9.24978E+10  2.90101E-03
  4.50000E+00  9.17375E+10  2.87716E-03
  4.51000E+00  9.09850E+10  2.85356E-03
  4.52000E+00  9.02402E+10  2.83020E-03
  4.53000E+00  8.95030E+10  2.80708E-03
  4.54000E+00  8.87733E+10  2.78420E-03
  4.55000E+00  8.80510E+10  2.76154E-03
  4.56000E+00  8.73360E+10  2.73912E-03
  4.57000E+00  8.66283E+10  2.71692E-03
  4.58000E+00  8.59276E+10  2.69495E-03
  4.59000E+00  8.52341E+10  2.67319E-03
  4.60000E+00  8.45474E+10  2.65166E-03
  4.61000E+00  8.38677E+10  2.63034E-03
  4.62000E+00  8.31948E+10  2.60924E-03
  4.63000E+00  8.25285E+10  2.58834E-03
  4.64000E+00  8.18690E+10  2.56766E-03
  4.65000E+00  8.12160E+10  2.54717E-03
  4.66000E+00  8.05694E+10  2.52690E-03
  4.67000E+00  7.99293E+10  2.50682E-03
  4.68000E+00  7.92955E+10  2.48694E-03
  4.69000E+00  7.86680E+10  2.46726E-03
  4.70000E+00  7.80466E+10  2.44777E-03
  4.71000E+00  7.74314E+10  2.42848E-03
  4.72000E+00  7.68222E+10  2.40937E-03
  4.73000E+00  7.62189E+10  2.39045E-03
  4.74000E+00  7.56216E+10  2.37172E-03
  4.75000E+00  7.50300E+10  2.35317E-03
  4.76000E+00  7.44443E+10  2.33479E-03
  4.77000E+00  7.38642E+10  2.31660E-03
  4.78000E+00  7.32898E+10  2.29859E-03
  4.79000E+00  7.27209E+10  2.28074E-03
  4.80000E+00  7.21575E+10  2.26307E-03
  4.81000E+00  7.15996E+10  2.24558E-03
  4.82000E+00  7.10470E+10  2.22825E-03
  4.83000E+00  7.04997E+10  2.21108E-03
  4.84000E+00  6.99577E+10  2.19408E-03
  4.85000E+00  6.94208E+10  2.17724E-03
  4.86000E+00  6.88891E+10  2.16057E-03
  4.87000E+00  6.83625E+10  2.14405E-03
  4.88000E+00  6.78408E+10  2.12769E-03
  4.89000E+00  6.73242E+10  2.11149E-03
  4.90000E+00  6.68124E+10  2.09544E-03
  4.91000E+00  6.63055E+10  2.07954E-03
  4.92000E+00  6.58033E+10  2.06379E-03
  4.93000E+00  6.53059E+10  2.04819E-03
  4.94000E+00  6.48132E+10  2.03274E-03
  4.95000E+00  6.43251E+10  2.01743E-03
  4.96000E+00  6.38416E+10  2.00226E-03
  4.97000E+00  6.33626E+10  1.98724E-03
  4.98000E+00  6.28881E+10  1.97236E-03
  4.99000E+00  6.24180E+10  1.95761E-03
  5.00000E+00  6.19523E+10  1.94301E-03
  5.01000E+00  6.14909E+10  1.92854E-03
  5.02000E+00  6.10338E+10  1.91420E-03
  5.03000E+00  6.05809E+10  1.90000E-03
  5.04000E+00  6.01322E+10  1.88592E-03
  5.05000E+00  5.96876E+10  1.87198E-03
  5.06000E+00  5.92471E+10  1.85817E-03
  5.07000E+00  5.88107E+10  1.84448E-03
  5.08000E+00  5.83783E+10  1.83092E-03
  5.09000E+00  5.79499E+10  1.81748E-03
  5.10000E+00  5.75253E+10  1.80416E-03
  5.11000E+00  5.71046E+10  1.79097E-03
  5.12000E+00  5.66878E+10  1.77790E-03
  5.13000E+00  5.62747E+10  1.76494E-03
  5.14000E+00  5.58654E+10  1.75211E-03
  5.15000E+00  5.54599E+10  1.73939E-03
  5.16000E+00  5.50579E+10  1.72678E-03
  5.17000E+00  5.46596E+10  1.71429E-03
  5.18000E+00  5.42649E+10  1.70191E-03
  5.19000E+00  5.38738E+10  1.68964E-03
  5.20000E+00  5.34861E+10  1.67748E-03
  5.21000E+00  5.31019E+10  1.66544E-03
  5.22000E+00  5.27212E+10  1.65349E-03
  5.23000E+00  5.23439E+10  1.64166E-03
  5.24000E+00  5.19699E+10  1.62993E-03
  5.25000E+00  5.15992E+10  1.61831E-03
  5.26000E+00  5.12319E+10  1.60678E-03
  5.27000E+00  5.08678E+10  1.59537E-03
  5.28000E+00  5.05069E+10  1.58405E-03
  5.29000E+00  5.01492E+10  1.57283E-03
  5.30000E+00  4.97947E+10  1.56171E-03
  5.31000E+00  4.94433E+10  1.55069E-03
  5.32000E+00  4.90950E+10  1.53977E-03
  5.33000E+00  4.87497E+10  1.52894E-03
  5.34000E+00  4.84075E+10  1.51820E-03
  5.35000E+00  4.80682E+10  1.50756E-03
  5.36000E+00  4.77319E+10  1.49702E-03
  5.37000E+00  4.73986E+10  1.48656E-03
  5.38000E+00  4.70681E+10  1.47620E-03
  5.39000E+00  4.67405E+10  1.46592E-03
  5.40000E+00  4.64158E+10  1.45574E-03
  5.41000E+00  4.60939E+10  1.44564E-03
  5.42000E+00  4.57747E+10  1.43563E-03
  5.43000E+00  4.54583E+10  1.42571E-03
  5.44000E+00  4.51446E+10  1.41587E-03
  5.45000E+00  4.48337E+10  1.40612E-03
  5.46000E+00  4.45254E+10  1.39645E-03
  5.47000E+00  4.42197E+10  1.38686E-03
  5.48000E+00  4.39166E+10  1.37736E-03
  5.49000E+00  4.36162E+10  1.36793E-03
  5.50000E+00  4.33183E+10  1.35859E-03
  5.51000E+00  4.30229E+10  1.34933E-03
  5.52000E+00  4.27300E+10  1.34014E-03
  5.53000E+00  4.24397E+10  1.33103E-03
  5.54000E+00  4.21517E+10  1.32200E-03
  5.55000E+00  4.18663E+10  1.31305E-03
  5.56000E+00  4.15832E+10  1.30417E-03
  5.57000E+00  4.13025E+10  1.29537E-03
  5.58000E+00  4.10242E+10  1.28664E-03
  5.59000E+00  4.07482E+10  1.27798E-03
  5.60000E+00  4.04745E+10  1.26940E-03
  5.61000E+00  4.02031E+10  1.26089E-03
  5.62000E+00  3.99340E+10  1.25245E-03
  5.63000E+00  3.96671E+10  1.24408E-03
  5.64000E+00  3.94024E+10  1.23578E-03
  5.65000E+00  3.91400E+10  1.22755E-03
  5.66000E+00  3.88797E+10  1.21938E-03
  5.67000E+00  3.86216E+10  1.21129E-03
  5.68000E+00  3.83656E+10  1.20326E-03
  5.69000E+00  3.81117E+10  1.19530E-03
  5.70000E+00  3.78599E+10  1.18740E-03
  5.71000E+00  3.76102E+10  1.17957E-03
  5.72000E+00  3.73626E+10  1.17180E-03
  5.73000E+00  3.71170E+10  1.16410E-03
  5.74000E+00  3.68733E+10  1.15646E-03
  5.75000E+00  3.66317E+10  1.14888E-03
  5.76000E+00  3.63921E+10  1.14136E-03
  5.77000E+00  3.61544E+10  1.13391E-03
  5.78000E+00  3.59186E+10  1.12652E-03
  5.79000E+00  3.56848E+10  1.11918E-03
  5.80000E+00  3.54529E+10  1.11191E-03
  5.81000E+00  3.52228E+10  1.10469E-03
  5.82000E+00  3.49946E+10  1.09753E-03
  5.83000E+00  3.47682E+10  1.09044E-03
  5.84000E+00  3.45437E+10  1.08339E-03
  5.85000E+00  3.43209E+10  1.07641E-03
  5.86000E+00  3.41000E+10  1.06948E-03
  5.87000E+00  3.38808E+10  1.06260E-03
  5.88000E+00  3.36634E+10  1.05579E-03
  5.89000E+00  3.34478E+10  1.04902E-03
  5.90000E+00  3.32338E+10  1.04231E-03
  5.91000E+00  3.30216E+10  1.03565E-03
  5.92000E+00  3.28110E+10  1.02905E-03
  5.93000E+00  3.26021E+10  1.02250E-03
  5.94000E+00  3.23949E+10  1.01600E-03
  5.95000E+00  3.21893E+10  1.00955E-03
  5.96000E+00  3.19853E+10  1.00316E-03
  5.97000E+00  3.17830E+10  9.96810E-04
  5.98000E+00  3.15822E+10  9.90513E-04
  5.99000E+00  3.13831E+10  9.84267E-04
  6.00000E+00  3.11855E+10  9.78069E-04
  6.01000E+00  3.09894E+10  9.71920E-04
  6.02000E+00  3.07949E+10  9.65819E-04
  6.03000E+00  3.06019E+10  9.59766E-04
  6.04000E+00  3.04104E+10  9.53761E-04
  6.05000E+00  3.02204E+10  9.47802E-04
  6.06000E+00  3.00319E+10  9.41889E-04
  6.07000E+00  2.98448E+10  9.36023E-04
  6.08000E+00  2.96592E+10  9.30202E-04
  6.09000E+00  2.94751E+10  9.24426E-04
  6.10000E+00  2.92923E+10  9.18695E-04
  6.11000E+00  2.91110E+10  9.13008E-04
  6.12000E+00  2.89311E+10  9.07365E-04
  6.13000E+00  2.87525E+10  9.01765E-04
  6.14000E+00  2.85754E+10  8.96209E-04
  6.15000E+00  2.83996E+10  8.90695E-04
  6.16000E+00  2.82251E+10  8.85224E-04
  6.17000E+00  2.80520E+10  8.79794E-04
  6.18000E+00  2.78802E+10  8.74406E-04
  6.19000E+00  2.77097E+10  8.69059E-04
  6.20000E+00  2.75405E+10  8.63753E-04
  6.21000E+00  2.73726E+10  8.58487E-04
  6.22000E+00  2.72060E+10  8.53261E-04
  6.23000E+00  2.70406E+10  8.48075E-04
  6.24000E+00  2.68765E+10  8.42928E-04
  6.25000E+00  2.67137E+10  8.37820E-04
  6.26000E+00  2.65520E+10  8.32751E-04
  6.27000E+00  2.63916E+10  8.27720E-04
  6.28000E+00  2.62324E+10  8.22727E-04
  6.29000E+00  2.60744E+10  8.17771E-04
  6.30000E+00  2.59176E+10  8.12853E-04
  6.31000E+00  2.57619E+10  8.07971E-04
  6.32000E+00  2.56075E+10  8.03126E-04
  6.33000E+00  2.54541E+10  7.98317E-04
  6.34000E+00  2.53019E+10  7.93544E-04
  6.35000E+00  2.51509E+10  7.88807E-04
  6.36000E+00  2.50010E+10  7.84105E-04
  6.37000E+00  2.48522E+10  7.79438E-04
  6.38000E+00  2.47045E+10  7.74805E-04
  6.39000E+00  2.45578E+10  7.70207E-04
  6.40000E+00  2.44123E+10  7.65643E-04
  6.41000E+00  2.42679E+10  7.61113E-04
  6.42000E+00  2.41245E+10  7.56615E-04
  6.43000E+00  2.39821E+10  7.52152E-04
  6.44000E+00  2.38409E+10  7.47720E-04
  6.45000E+00  2.37006E+10  7.43322E-04
  6.46000E+00  2.35614E+10  7.38956E-04
  6.47000E+00  2.34232E+10  7.34621E-04
  6.48000E+00  2.32860E+10  7.30319E-04
  6.49000E+00  2.31498E+10  7.26048E-04
  6.50000E+00  2.30146E+10  7.21808E-04
  6.51000E+00  2.28804E+10  7.17599E-04
  6.52000E+00  2.27472E+10  7.13420E-04
  6.53000E+00  2.26149E+10  7.09272E-04
  6.54000E+00  2.24836E+10  7.05154E-04
  6.55000E+00  2.23533E+10  7.01065E-04
  6.56000E+00  2.22239E+10  6.97007E-04
  6.57000E+00  2.20954E+10  6.92977E-04
  6.58000E+00  2.19678E+10  6.88977E-04
  6.59000E+00  2.18412E+10  6.85005E-04
  6.60000E+00  2.17155E+10  6.81062E-04
  6.61000E+00  2.15906E+10  6.77147E-04
  6.62000E+00  2.14667E+10  6.73260E-04
  6.63000E+00  2.13437E+10  6.69401E-04
  6.64000E+00  2.12215E+10  6.65570E-04
  6.65000E+00  2.11002E+10  6.61766E-04
  6.66000E+00  2.09798E+10  6.57989E-04
  6.67000E+00  2.08602E+10  6.54239E-04
  6.68000E+00  2.07415E+10  6.50516E-04
  6.69000E+00  2.06236E+10  6.46819E-04
  6.70000E+00  2.05066E+10  6.43148E-04
  6.71000E+00  2.03904E+10  6.39503E-04
  6.72000E+00  2.02750E+10  6.35884E-04
  6.73000E+00  2.01604E+10  6.32291E-04
  6.74000E+00  2.00466E+10  6.28723E-04
  6.75000E+00  1.99337E+10  6.25179E-04
  6.76000E+00  1.98215E+10  6.21661E-04
  6.77000E+00  1.97101E+10  6.18168E-04
  6.78000E+00  1.95995E+10  6.14699E-04
  6.79000E+00  1.94897E+10  6.11254E-04
  6.80000E+00  1.93806E+10  6.07833E-04
  6.81000E+00  1.92723E+10  6.04437E-04
  6.82000E+00  1.91648E+10  6.01064E-04
  6.83000E+00  1.90579E+10  5.97714E-04
  6.84000E+00  1.89519E+10  5.94388E-04
  6.85000E+00  1.88466E+10  5.91084E-04
  6.86000E+00  1.87420E+10  5.87804E-04
  6.87000E+00  1.86381E+10  5.84546E-04
  6.88000E+00  1.85349E+10  5.81311E-04
  6.89000E+00  1.84325E+10  5.78098E-04
  6.90000E+00  1.83308E+10  5.74908E-04
  6.91000E+00  1.82297E+10  5.71739E-04
  6.92000E+00  1.81294E+10  5.68592E-04
  6.93000E+00  1.80297E+10  5.65467E-04
  6.94000E+00  1.79308E+10  5.62363E-04
  6.95000E+00  1.78325E+10  5.59280E-04
  6.96000E+00  1.77349E+10  5.56218E-04
  6.97000E+00  1.76379E+10  5.53178E-04
  6.98000E+00  1.75416E+10  5.50158E-04
  6.99000E+00  1.74460E+10  5.47158E-04
  7.00000E+00  1.73510E+10  5.44179E-04
  7.01000E+00  1.72567E+10  5.41220E-04
  7.02000E+00  1.71630E+10  5.38282E-04
  7.03000E+00  1.70699E+10  5.35363E-04
  7.04000E+00  1.69775E+10  5.32464E-04
  7.05000E+00  1.68856E+10  5.29584E-04
  7.06000E+00  1.67944E+10  5.26724E-04
  7.07000E+00  1.67039E+10  5.23883E-04
  7.08000E+00  1.66139E+10  5.21061E-04
  7.09000E+00  1.65245E+10  5.18259E-04
  7.10000E+00  1.64358E+10  5.15475E-04
  7.11000E+00  1.63476E+10  5.12709E-04
  7.12000E+00  1.62600E+10  5.09963E-04
  7.13000E+00  1.61730E+10  5.07234E-04
  7.14000E+00  1.60866E+10  5.04524E-04
  7.15000E+00  1.60008E+10  5.01832E-04
  7.16000E+00  1.59155E+10  4.99157E-04
  7.17000E+00  1.58308E+10  4.96501E-04
  7.18000E+00  1.57467E+10  4.93862E-04
  7.19000E+00  1.56631E+10  4.91241E-04
  7.20000E+00  1.55800E+10  4.88637E-04
  7.21000E+00  1.54976E+10  4.86050E-04
  7.22000E+00  1.54156E+10  4.83480E-04
  7.23000E+00  1.53342E+10  4.80927E-04
  7.24000E+00  1.52534E+10  4.78391E-04
  7.25000E+00  1.51730E+10  4.75872E-04
  7.26000E+00  1.50932E+10  4.73369E-04
  7.27000E+00  1.50140E+10  4.70883E-04
  7.28000E+00  1.49352E+10  4.68413E-04
  7.29000E+00  1.48570E+10  4.65959E-04
  7.30000E+00  1.47792E+10  4.63521E-04
  7.31000E+00  1.47020E+10  4.61099E-04
  7.32000E+00  1.46253E+10  4.58693E-04
  7.33000E+00  1.45491E+10  4.56302E-04
  7.34000E+00  1.44734E+10  4.53927E-04
  7.35000E+00  1.43981E+10  4.51568E-04
  7.36000E+00  1.43234E+10  4.49224E-04
  7.37000E+00  1.42491E+10  4.46895E-04
  7.38000E+00  1.41753E+10  4.44581E-04
  7.39000E+00  1.41020E+10  4.42281E-04
  7.40000E+00  1.40292E+10  4.39997E-04
  7.41000E+00  1.39568E+10  4.37728E-04
  7.42000E+00  1.38849E+10  4.35473E-04
  7.43000E+00  1.38135E+10  4.33232E-04
  7.44000E+00  1.37425E+10  4.31006E-04
  7.45000E+00  1.36720E+10  4.28795E-04
  7.46000E+00  1.36019E+10  4.26597E-04
  7.47000E+00  1.35323E+10  4.24413E-04
  7.48000E+00  1.34631E+10  4.22244E-04
  7.49000E+00  1.33944E+10  4.20088E-04
  7.50000E+00  1.33261E+10  4.17946E-04
  7.51000E+00  1.32582E+10  4.15817E-04
  7.52000E+00  1.31908E+10  4.13703E-04
  7.53000E+00  1.31238E+10  4.11601E-04
  7.54000E+00  1.30572E+10  4.09513E-04
  7.55000E+00  1.29910E+10  4.07438E-04
  7.56000E+00  1.29253E+10  4.05376E-04
  7.57000E+00  1.28600E+10  4.03327E-04
  7.58000E+00  1.27951E+10  4.01291E-04
  7.59000E+00  1.27306E+10  3.99268E-04
  7.60000E+00  1.26664E+10  3.97258E-04
  7.61000E+00  1.26028E+10  3.95260E-04
  7.62000E+00  1.25395E+10  3.93275E-04
  7.63000E+00  1.24766E+10  3.91302E-04
  7.64000E+00  1.24140E+10  3.89341E-04
  7.65000E+00  1.23519E+10  3.87393E-04
  7.66000E+00  1.22902E+10  3.85457E-04
  7.67000E+00  1.22289E+10  3.83533E-04
  7.68000E+00  1.21679E+10  3.81621E-04
  7.69000E+00  1.21073E+10  3.79721E-04
  7.70000E+00  1.20471E+10  3.77833E-04
  7.71000E+00  1.19873E+10  3.75956E-04
  7.72000E+00  1.19278E+10  3.74091E-04
  7.73000E+00  1.18687E+10  3.72238E-04
  7.74000E+00  1.18100E+10  3.70396E-04
  7.75000E+00  1.17516E+10  3.68565E-04
  7.76000E+00  1.16936E+10  3.66746E-04
  7.77000E+00  1.16359E+10  3.64938E-04
  7.78000E+00  1.15787E+10  3.63141E-04
  7.79000E+00  1.15217E+10  3.61355E-04
  7.80000E+00  1.14651E+10  3.59580E-04
  7.81000E+00  1.14089E+10  3.57816E-04
  7.82000E+00  1.13530E+10  3.56063E-04
  7.83000E+00  1.12974E+10  3.54320E-04
  7.84000E+00  1.12422E+10  3.52588E-04
  7.85000E+00  1.11873E+10  3.50867E-04
  7.86000E+00  1.11327E+10  3.49156E-04
  7.87000E+00  1.10785E+10  3.47455E-04
  7.88000E+00  1.10246E+10  3.45765E-04
  7.89000E+00  1.09711E+10  3.44085E-04
  7.90000E+00  1.09178E+10  3.42416E-04
  7.91000E+00  1.08649E+10  3.40756E-04
  7.92000E+00  1.08123E+10  3.39106E-04
  7.93000E+00  1.07600E+10  3.37467E-04
  7.94000E+00  1.07081E+10  3.35837E-04
  7.95000E+00  1.06564E+10  3.34217E-04
  7.96000E+00  1.06051E+10  3.32607E-04
  7.97000E+00  1.05540E+10  3.31006E-04
  7.98000E+00  1.05033E+10  3.29415E-04
  7.99000E+00  1.04529E+10  3.27834E-04
  8.00000E+00  1.04028E+10  3.26262E-04
  8.01000E+00  1.03530E+10  3.24700E-04
  8.02000E+00  1.03034E+10  3.23147E-04
  8.03000E+00  1.02542E+10  3.21603E-04
  8.04000E+00  1.02053E+10  3.20068E-04
  8.05000E+00  1.01566E+10  3.18543E-04
  8.06000E+00  1.01083E+10  3.17026E-04
  8.07000E+00  1.00602E+10  3.15519E-04
  8.08000E+00  1.00124E+10  3.14020E-04
  8.09000E+00  9.96495E+09  3.12531E-04
  8.10000E+00  9.91774E+09  3.11050E-04
  8.11000E+00  9.87080E+09  3.09578E-04
  8.12000E+00  9.82414E+09  3.08114E-04
  8.13000E+00  9.77776E+09  3.06660E-04
  8.14000E+00  9.73165E+09  3.05213E-04
  8.15000E+00  9.68581E+09  3.03776E-04
  8.16000E+00  9.64024E+09  3.02347E-04
  8.17000E+00  9.59494E+09  3.00926E-04
  8.18000E+00  9.54990E+09  2.99513E-04
  8.19000E+00  9.50513E+09  2.98109E-04
  8.20000E+00  9.46062E+09  2.96713E-04
  8.21000E+00  9.41636E+09  2.95325E-04
  8.22000E+00  9.37237E+09  2.93945E-04
  8.23000E+00  9.32864E+09  2.92574E-04
  8.24000E+00  9.28516E+09  2.91210E-04
  8.25000E+00  9.24192E+09  2.89854E-04
  8.26000E+00  9.19895E+09  2.88506E-04
  8.27000E+00  9.15622E+09  2.87166E-04
  8.28000E+00  9.11374E+09  2.85834E-04
  8.29000E+00  9.07150E+09  2.84509E-04
  8.30000E+00  9.02951E+09  2.83192E-04
  8.31000E+00  8.98777E+09  2.81883E-04
  8.32000E+00  8.94626E+09  2.80581E-04
  8.33000E+00  8.90499E+09  2.79287E-04
  8.34000E+00  8.86396E+09  2.78000E-04
  8.35000E+00  8.82317E+09  2.76721E-04
  8.36000E+00  8.78261E+09  2.75449E-04
  8.37000E+00  8.74228E+09  2.74184E-04
  8.38000E+00  8.70218E+09  2.72926E-04
  8.39000E+00  8.66231E+09  2.71676E-04
  8.40000E+00  8.62267E+09  2.70433E-04
  8.41000E+00  8.58326E+09  2.69197E-04
  8.42000E+00  8.54407E+09  2.67968E-04
  8.43000E+00  8.50511E+09  2.66746E-04
  8.44000E+00  8.46637E+09  2.65530E-04
  8.45000E+00  8.42784E+09  2.64322E-04
  8.46000E+00  8.38953E+09  2.63121E-04
  8.47000E+00  8.35145E+09  2.61926E-04
  8.48000E+00  8.31358E+09  2.60739E-04
  8.49000E+00  8.27592E+09  2.59558E-04
  8.50000E+00  8.23848E+09  2.58383E-04
  8.51000E+00  8.20124E+09  2.57215E-04
  8.52000E+00  8.16422E+09  2.56054E-04
  8.53000E+00  8.12741E+09  2.54900E-04
  8.54000E+00  8.09080E+09  2.53752E-04
  8.55000E+00  8.05440E+09  2.52610E-04
  8.56000E+00  8.01820E+09  2.51475E-04
  8.57000E+00  7.98221E+09  2.50346E-04
  8.58000E+00  7.94641E+09  2.49223E-04
  8.59000E+00  7.91082E+09  2.48107E-04
  8.60000E+00  7.87543E+09  2.46997E-04
  8.61000E+00  7.84023E+09  2.45893E-04
  8.62000E+00  7.80523E+09  2.44795E-04
  8.63000E+00  7.77043E+09  2.43704E-04
  8.64000E+00  7.73582E+09  2.42618E-04
  8.65000E+00  7.70140E+09  2.41539E-04
  8.66000E+00  7.66717E+09  2.40465E-04
  8.67000E+00  7.63314E+09  2.39398E-04
  8.68000E+00  7.59929E+09  2.38336E-04
  8.69000E+00  7.56562E+09  2.37281E-04
  8.70000E+00  7.53215E+09  2.36231E-04
  8.71000E+00  7.49886E+09  2.35186E-04
  8.72000E+00  7.46575E+09  2.34148E-04
  8.73000E+00  7.43283E+09  2.33116E-04
  8.74000E+00  7.40008E+09  2.32089E-04
  8.75000E+00  7.36752E+09  2.31067E-04
  8.76000E+00  7.33513E+09  2.30052E-04
  8.77000E+00  7.30293E+09  2.29042E-04
  8.78000E+00  7.27090E+09  2.28037E-04
  8.79000E+00  7.23904E+09  2.27038E-04
  8.80000E+00  7.20736E+09  2.26044E-04
  8.81000E+00  7.17585E+09  2.25056E-04
  8.82000E+00  7.14451E+09  2.24073E-04
  8.83000E+00  7.11335E+09  2.23096E-04
  8.84000E+00  7.08235E+09  2.22124E-04
  8.85000E+00  7.05153E+09  2.21157E-04
  8.86000E+00  7.02087E+09  2.20195E-04
  8.87000E+00  6.99037E+09  2.19239E-04
  8.88000E+00  6.96005E+09  2.18288E-04
  8.89000E+00  6.92988E+09  2.17342E-04
  8.90000E+00  6.89988E+09  2.16401E-04
  8.91000E+00  6.87004E+09  2.15465E-04
  8.92000E+00  6.84036E+09  2.14534E-04
  8.93000E+00  6.81085E+09  2.13608E-04
  8.94000E+00  6.78149E+09  2.12688E-04
  8.95000E+00  6.75229E+09  2.11772E-04
  8.96000E+00  6.72324E+09  2.10861E-04
  8.97000E+00  6.69435E+09  2.09955E-04
  8.98000E+00  6.66562E+09  2.09054E-04
  8.99000E+00  6.63704E+09  2.08157E-04
  9.00000E+00  6.60861E+09  2.07266E-04
  9.01000E+00  6.58034E+09  2.06379E-04
  9.02000E+00  6.55222E+09  2.05497E-04
  9.03000E+00  6.52424E+09  2.04620E-04
  9.04000E+00  6.49642E+09  2.03747E-04
  9.05000E+00  6.46874E+09  2.02879E-04
  9.06000E+00  6.44121E+09  2.02016E-04
  9.07000E+00  6.41383E+09  2.01157E-04
  9.08000E+00  6.38659E+09  2.00303E-04
  9.09000E+00  6.35950E+09  1.99453E-04
  9.10000E+00  6.33255E+09  1.98608E-04
  9.11000E+00  6.30574E+09  1.97767E-04
  9.12000E+00  6.27907E+09  1.96931E-04
  9.13000E+00  6.25255E+09  1.96099E-04
  9.14000E+00  6.22617E+09  1.95271E-04
  9.15000E+00  6.19992E+09  1.94448E-04
  9.16000E+00  6.17381E+09  1.93629E-04
  9.17000E+00  6.14784E+09  1.92815E-04
  9.18000E+00  6.12201E+09  1.92004E-04
  9.19000E+00  6.09631E+09  1.91198E-04
  9.20000E+00  6.07074E+09  1.90397E-04
  9.21000E+00  6.04531E+09  1.89599E-04
  9.22000E+00  6.02001E+09  1.88806E-04
  9.23000E+00  5.99485E+09  1.88016E-04
  9.24000E+00  5.96981E+09  1.87231E-04
  9.25000E+00  5.94491E+09  1.86450E-04
  9.26000E+00  5.92014E+09  1.85673E-04
  9.27000E+00  5.89549E+09  1.84900E-04
  9.28000E+00  5.87097E+09  1.84131E-04
  9.29000E+00  5.84658E+09  1.83366E-04
  9.30000E+00  5.82232E+09  1.82605E-04
  9.31000E+00  5.79818E+09  1.81848E-04
  9.32000E+00  5.77417E+09  1.81095E-04
  9.33000E+00  5.75028E+09  1.80346E-04
  9.34000E+00  5.72651E+09  1.79601E-04
  9.35000E+00  5.70287E+09  1.78859E-04
  9.36000E+00  5.67935E+09  1.78121E-04
  9.37000E+00  5.65595E+09  1.77387E-04
  9.38000E+00  5.63267E+09  1.76657E-04
  9.39000E+00  5.60951E+09  1.75931E-04
  9.40000E+00  5.58647E+09  1.75208E-04
  9.41000E+00  5.56355E+09  1.74489E-04
  9.42000E+00  5.54074E+09  1.73774E-04
  9.43000E+00  5.51805E+09  1.73063E-04
  9.44000E+00  5.49548E+09  1.72355E-04
  9.45000E+00  5.47302E+09  1.71650E-04
  9.46000E+00  5.45067E+09  1.70949E-04
  9.47000E+00  5.42845E+09  1.70252E-04
  9.48000E+00  5.40633E+09  1.69559E-04
  9.49000E+00  5.38432E+09  1.68868E-04
  9.50000E+00  5.36243E+09  1.68182E-04
  9.51000E+00  5.34065E+09  1.67499E-04
  9.52000E+00  5.31898E+09  1.66819E-04
  9.53000E+00  5.29742E+09  1.66143E-04
  9.54000E+00  5.27597E+09  1.65470E-04
  9.55000E+00  5.25462E+09  1.64801E-04
  9.56000E+00  5.23339E+09  1.64135E-04
  9.57000E+00  5.21226E+09  1.63472E-04
  9.58000E+00  5.19124E+09  1.62813E-04
  9.59000E+00  5.17032E+09  1.62157E-04
  9.60000E+00  5.14951E+09  1.61504E-04
  9.61000E+00  5.12881E+09  1.60855E-04
  9.62000E+00  5.10820E+09  1.60208E-04
  9.63000E+00  5.08770E+09  1.59566E-04
  9.64000E+00  5.06731E+09  1.58926E-04
  9.65000E+00  5.04701E+09  1.58289E-04
  9.66000E+00  5.02682E+09  1.57656E-04
  9.67000E+00  5.00673E+09  1.57026E-04
  9.68000E+00  4.98674E+09  1.56399E-04
  9.69000E+00  4.96684E+09  1.55775E-04
  9.70000E+00  4.94705E+09  1.55154E-04
  9.71000E+00  4.92735E+09  1.54537E-04
  9.72000E+00  4.90776E+09  1.53922E-04
  9.73000E+00  4.88826E+09  1.53310E-04
  9.74000E+00  4.86885E+09  1.52702E-04
  9.75000E+00  4.84955E+09  1.52096E-04
  9.76000E+00  4.83033E+09  1.51494E-04
  9.77000E+00  4.81122E+09  1.50894E-04
  9.78000E+00  4.79220E+09  1.50298E-04
  9.79000E+00  4.77327E+09  1.49704E-04
  9.80000E+00  4.75443E+09  1.49113E-04
  9.81000E+00  4.73569E+09  1.48525E-04
  9.82000E+00  4.71704E+09  1.47941E-04
  9.83000E+00  4.69848E+09  1.47358E-04
  9.84000E+00  4.68002E+09  1.46779E-04
  9.85000E+00  4.66164E+09  1.46203E-04
  9.86000E+00  4.64336E+09  1.45629E-04
  9.87000E+00  4.62516E+09  1.45059E-04
  9.88000E+00  4.60705E+09  1.44491E-04
  9.89000E+00  4.58903E+09  1.43926E-04
  9.90000E+00  4.57110E+09  1.43363E-04
  9.91000E+00  4.55326E+09  1.42804E-04
  9.92000E+00  4.53550E+09  1.42247E-04
  9.93000E+00  4.51783E+09  1.41693E-04
  9.94000E+00  4.50024E+09  1.41141E-04
  9.95000E+00  4.48275E+09  1.40592E-04
  9.96000E+00  4.46533E+09  1.40046E-04
  9.97000E+00  4.44800E+09  1.39503E-04
  9.98000E+00  4.43076E+09  1.38962E-04
  9.99000E+00  4.41359E+09  1.38423E-04
  1.00000E+01  4.39651E+09  1.37888E-04
